FILE: 1011EuclS.txt
100 100 0 
1 3000 0 2195 2858 4128 5416 2087 6723 5594 1087 3749 6067 6277 4743 4600 6274 1836 5114 1042 3224 6245 6686 3704 2985 2077 4080 6691 7458 4409 5082 4214 5006 5485 6580 2682 1388 5664 1655 2367 2775 6458 59 5748 4382 5658 5079 2598 2914 5566 3204 5299 4802 4244 4892 1469 2170 2983 4368 6504 6028 4357 4626 6519 6538 5963 2479 4211 5511 6368 7403 3103 6574 2670 4039 3318 4584 2701 1707 3283 1844 2249 2859 5405 3137 3628 6497 6101 2966 3636 3028 2547 6028 2939 1838 3218 6349 2028 887 3627 1303 5254 
2 3000 2195 0 2246 3511 3299 1883 4562 3891 1698 1854 3874 4102 3236 2806 4757 2150 2931 1603 2030 4062 4513 2462 2090 1661 2813 4497 5616 2689 3317 2414 3423 4449 4800 3415 1134 4186 1572 1335 3366 5153 2152 4277 3728 3503 4127 403 1441 3691 1470 3289 3732 2591 3053 1716 1598 2307 3067 4657 4009 2684 2506 5102 4622 4494 413 2493 4324 4274 5675 1844 4414 2533 2450 1255 2432 3003 1945 1812 2828 1737 884 4340 2148 1432 4574 4890 790 1618 1565 2714 4032 2321 714 1917 4500 1316 1646 2427 891 3486 
3 3000 2858 2246 0 1347 3656 3895 5796 3048 1772 3906 4894 5299 2107 2319 3531 3986 4203 3109 4276 5200 5032 4703 345 810 1355 5283 4945 4780 2671 4477 2404 2626 4042 1792 2885 2926 1219 910 1635 3623 2862 3002 1593 4025 2224 2372 1108 3242 3658 3262 1948 1863 2618 3476 3697 127 1625 4052 5687 1971 4127 3718 4183 3206 2002 1927 2664 4410 4772 4090 4856 567 4619 3235 3139 1173 1187 4044 1798 644 3034 2546 4385 2879 4155 3252 2319 2125 3806 927 3865 86 2772 879 3909 3410 3033 953 2254 2822 
4 3000 4128 3511 1347 0 3938 5234 6340 2675 3059 4997 5384 5854 1816 2445 2766 5334 4890 4454 5526 5730 5229 5925 1422 2149 1244 5610 4412 5862 2552 5551 2084 1481 3550 2249 4231 2241 2539 2204 2043 2609 4139 2288 254 4340 1059 3561 2151 3107 4838 3396 1010 2040 2667 4824 5023 1248 1303 3665 6487 2099 4992 2807 3890 2442 3206 2185 1669 4449 4100 5338 5025 1472 5762 4333 3707 1721 2421 5257 2698 1988 4218 1439 5659 3820 3878 2190 3405 2899 5036 1699 3797 1262 4092 1701 3552 4734 4374 1286 3602 2643 
5 3000 5416 3299 3656 3938 0 4877 2491 1866 4599 3006 1531 2045 2219 1493 2816 5270 1537 4895 4175 1898 1377 4272 3312 3865 2701 1674 2710 3514 1533 3267 2059 3659 2187 5448 4411 2590 4141 3337 5291 3546 5381 2649 3969 403 3649 2932 2754 1248 3351 618 3266 1915 1303 4932 4529 3584 2651 1903 3070 1844 2139 3272 1689 2771 2951 1793 3297 981 3010 4044 1213 4224 3721 2732 891 4829 4412 3769 5299 3770 3084 3547 4441 2022 1634 3569 2513 1795 3743 4579 996 3655 3924 2783 1786 4328 4945 2835 4145 1548 
6 3000 2087 1883 3895 5234 4877 0 5412 5744 2535 2260 4993 5046 5119 4654 6634 469 4013 1069 1294 5062 5886 1721 3832 3137 4677 5708 7392 2636 5162 2536 5300 6300 6616 4492 1030 6068 2831 3041 4523 7036 2028 6158 5470 4981 5957 2089 3299 5486 1705 5005 5579 4469 4880 617 349 3987 4939 6446 4439 4558 3347 6984 6371 6375 2290 4364 6195 5852 7500 1246 5838 4001 2211 2187 3988 4293 3121 1524 3701 3277 1793 6194 1123 2855 6321 6767 2494 3416 1354 4049 5734 3980 1184 3762 6291 577 1223 4270 1662 5328 
7 3000 6723 4562 5796 6340 2491 5412 0 4312 6208 3153 965 496 4698 3933 5183 5878 1654 5898 4252 610 1767 4060 5460 5752 5097 1158 4479 2991 4024 2953 4550 6149 4342 7520 5420 5049 5901 5214 7395 5943 6674 5100 6400 2102 6136 4163 4729 3682 3719 3106 5744 4302 3783 5736 5089 5754 5093 4022 1336 4253 2113 5630 3706 5196 4387 4154 5783 2585 4966 4220 1944 6336 3401 3417 2670 6942 6242 3916 7178 5712 3883 6038 4519 3170 3662 6018 3873 3677 4058 6661 3171 5818 4918 4934 3965 5017 6004 5133 5439 4033 
8 3000 5594 3891 3048 2675 1866 5744 4312 0 4572 4397 3373 3893 948 1089 1006 6041 3331 5411 5404 3741 2818 5630 2769 3618 1708 3328 1901 5087 584 4799 647 1906 1000 4703 4993 738 4010 3231 4510 1690 5578 788 2602 2222 2019 3655 2687 630 4560 1261 1743 1354 896 5600 5425 2932 1478 1017 4924 1244 3800 1450 1214 906 3478 1413 1517 1936 1813 5239 2600 3561 5192 3908 2266 4083 4143 5021 4847 3466 4092 1810 5636 3148 1203 1708 3264 2341 4910 3914 1246 3003 4604 2396 887 5166 5407 2099 4522 433 
9 3000 1087 1698 1772 3059 4599 2535 6208 4572 0 3520 5452 5734 3694 3623 5209 2472 4557 1538 3360 5678 5929 3845 1904 994 3009 6013 6457 4309 4085 4059 3966 4399 5568 1962 1536 4599 574 1351 1987 5374 1090 4681 3313 4885 3995 2070 1935 4597 3058 4401 3715 3237 3924 1982 2464 1896 3296 5513 5708 3352 4194 5442 5573 4894 1820 3223 4425 5513 6370 3199 5795 1627 4009 2952 3831 1784 655 3285 1214 1165 2549 4318 3363 3038 5535 5015 2335 2805 3017 1572 5110 1853 1730 2177 5360 2221 1418 2557 1003 4254 
10 3000 3749 1854 3906 4997 3006 2260 3153 4397 3520 0 2772 2788 4103 3395 5392 2725 1818 2818 1212 2810 3760 1268 3662 3468 3993 3503 5702 873 3834 573 4167 5573 5068 5261 2373 4935 3424 3041 5201 5976 3694 5021 5171 2987 5346 1572 2862 3952 573 3337 4914 3434 3507 2602 1935 3933 4168 4829 2283 3477 1107 5815 4667 5213 1934 3279 5339 3909 5941 1123 3749 4296 809 672 2208 4815 3798 818 4680 3513 974 5454 1490 1286 4613 5825 1600 2242 910 4520 3979 3968 1914 3295 4690 1879 2942 3743 2574 3966 
11 3000 6067 3874 4894 5384 1531 4993 965 3373 5452 2772 0 520 3733 2969 4275 5444 985 5328 3966 368 1155 3883 4553 4913 4140 738 3750 2887 3063 2750 3588 5190 3492 6645 4837 4107 5098 4370 6510 5027 6022 4161 5440 1152 5172 3470 3854 2744 3294 2148 4779 3344 2818 5230 4652 4845 4130 3176 1751 3293 1665 4727 2879 4267 3643 3199 4828 1778 4188 3894 1252 5444 3235 2857 1754 6053 5424 3587 6354 4858 3313 5078 4244 2442 2830 5081 3130 2798 3671 5779 2284 4910 4326 4022 3101 4532 5417 4193 4765 3078 
12 3000 6277 4102 5299 5854 2045 5046 496 3893 5734 2788 520 0 4234 3459 4795 5508 1177 5478 3934 159 1546 3788 4963 5261 4612 992 4218 2741 3575 2658 4098 5702 3999 7025 4995 4626 5416 4722 6899 5547 6229 4682 5919 1671 5676 3701 4233 3264 3342 2663 5278 3819 3322 5338 4714 5258 4615 3682 1332 3773 1707 5246 3379 4788 3913 3669 5343 2266 4675 3885 1685 5840 3128 2991 2175 6445 5755 3578 6690 5219 3457 5590 4207 2696 3332 5602 3398 3181 3698 6165 2799 5321 4489 4437 3612 4624 5579 4640 4986 3594 
13 3000 4743 3236 2107 1816 2219 5119 4698 948 3694 4103 3733 4234 0 802 1549 5369 3434 4662 4967 4095 3438 5260 1842 2718 760 3861 2838 4885 740 4580 301 1534 1935 3759 4281 955 3123 2380 3567 1932 4732 1044 1794 2621 1443 3074 1891 1292 4151 1631 1046 679 916 4900 4823 1988 541 1964 5072 625 3737 1867 2134 1263 2829 825 1246 2635 2684 4790 3230 2613 4912 3524 2243 3137 3228 4613 3903 2558 3609 1414 5172 2816 2114 1727 2734 1876 4460 2966 1980 2059 3944 1525 1828 4548 4641 1166 3756 828 
14 3000 4600 2806 2319 2445 1493 4654 3933 1089 3623 3395 2969 3459 802 0 2027 4954 2632 4346 4346 3325 2806 4597 1991 2728 1213 3165 2863 4143 510 3843 780 2333 2008 4094 3917 1540 3086 2273 3920 2581 4579 1625 2479 1895 2238 2565 1692 974 3508 975 1826 460 305 4519 4336 2225 1163 1905 4269 364 2951 2430 1949 1822 2394 407 2027 2103 2872 4176 2611 2880 4202 2862 1442 3465 3277 3971 4078 2596 3016 2214 4570 2117 1912 2452 2177 1256 3845 3243 1548 2299 3518 1513 1749 4076 4350 1409 3470 680 
15 3000 6274 4757 3531 2766 2816 6634 5183 1006 5209 5392 4275 4795 1549 2027 0 6901 4318 6210 6373 4638 3562 6615 3318 4220 2203 4127 1722 6092 1559 5803 1334 1510 1029 4981 5822 610 4635 3919 4777 766 6265 530 2607 3140 1816 4560 3440 1573 5533 2237 1758 2166 1885 6440 6327 3405 1918 1300 5887 2075 4804 455 1630 330 4346 2271 1158 2661 1338 6203 3347 3965 6191 4885 3272 4399 4701 5996 5278 4054 5041 1468 6597 4131 1653 972 4190 3279 5872 4289 2015 3468 5470 3064 1286 6058 6190 2653 5305 1429 
16 3000 1836 2150 3986 5334 5270 469 5878 6041 2472 2725 5444 5508 5369 4954 6901 0 4461 934 1750 5521 6317 2156 3963 3197 4878 6155 7736 3099 5465 3005 5567 6476 6939 4390 1116 6323 2850 3180 4442 7266 1781 6413 5577 5392 6116 2413 3507 5819 2165 5366 5756 4736 5195 510 793 4087 5149 6782 4908 4832 3806 7235 6724 6631 2563 4643 6397 6249 7818 1712 6261 4026 2672 2617 4379 4256 3099 1993 3572 3350 2201 6375 1557 3251 6675 6977 2831 3740 1822 4032 6101 4072 1436 3953 6627 943 1064 4454 1733 5633 
17 3000 5114 2931 4203 4890 1537 4013 1654 3331 4557 1818 985 1177 3434 2632 4318 4461 0 4349 3027 1131 1952 2995 3876 4107 3674 1696 4183 2084 2884 1889 3365 4961 3723 5892 3860 4016 4247 3573 5774 5021 5067 4087 4986 1345 4864 2528 3113 2747 2319 2080 4443 2909 2580 4245 3670 4173 3729 3433 1637 2888 733 4772 3196 4234 2736 2746 4636 2246 4529 2941 1963 4727 2372 1872 1201 5327 4591 2636 5526 4074 2331 4843 3305 1519 3142 4991 2221 2080 2702 5042 2514 4232 3350 3364 3322 3546 4442 3629 3817 2953 
18 3000 1042 1603 3109 4454 4895 1069 5898 5411 1538 2818 5328 5478 4662 4346 6210 934 4349 0 2187 5465 6069 2663 3121 2305 4105 5996 7191 3412 4853 3238 4887 5661 6354 3463 493 5615 1937 2362 3510 6514 983 5704 4702 5080 5285 1963 2772 5266 2252 4890 4945 4070 4612 461 1127 3217 4386 6230 5098 4173 3784 6514 6211 5923 1987 3998 5613 5873 7217 2074 5983 3109 3025 2487 4018 3322 2169 2273 2654 2466 2022 5565 2094 2951 6165 6201 2382 3211 2029 3101 5632 3195 1003 3183 6073 1002 156 3665 909 5025 
19 3000 3224 2030 4276 5526 4175 1294 4252 5404 3360 1212 3966 3934 4967 4346 6373 1750 3027 2187 0 3974 4973 488 4111 3650 4705 4702 6841 1356 4824 1304 5084 6340 6157 5285 1888 5866 3466 3366 5272 6891 3165 5955 5733 4186 6057 1979 3398 5024 847 4446 5641 4288 4508 1821 1075 4336 4925 5939 3187 4353 2305 6772 5803 6160 2322 4150 6159 5102 7041 187 4962 4538 924 1501 3334 4957 3818 405 4575 3747 1364 6225 278 2268 5750 6689 2243 3104 509 4679 5124 4351 1639 3873 5793 1200 2339 4371 2360 4972 
20 3000 6245 4062 5200 5730 1898 5062 610 3741 5678 2810 368 159 4095 3325 4638 5521 1131 5465 3974 0 1398 3846 4862 5182 4487 862 4062 2812 3430 2713 3954 5557 3840 6936 4978 4475 5348 4642 6807 5392 6198 4529 5791 1520 5535 3660 4143 3111 3357 2515 5140 3692 3182 5338 4727 5156 4484 3523 1473 3644 1715 5089 3220 4634 3859 3544 5195 2107 4517 3918 1531 5744 3188 2978 2067 6352 5683 3610 6616 5136 3442 5445 4249 2645 3173 5449 3344 3088 3720 6074 2641 5220 4470 4334 3453 4628 5562 4525 4949 3446 
21 3000 6686 4513 5032 5229 1377 5886 1767 2818 5929 3760 1155 1546 3438 2806 3562 6317 1952 6069 4973 1398 0 4946 4688 5232 4016 611 2711 3996 2701 3829 3218 4723 2639 6825 5576 3544 5493 4700 6665 4328 6647 3578 5230 1044 4796 4122 4124 2217 4230 1835 4456 3253 2562 6040 5538 4957 3926 2321 2871 3169 2685 3990 1991 3633 4206 3145 4335 902 3206 4878 217 5600 4315 3700 2106 6204 5776 4577 6671 5143 4123 4623 5251 3118 1953 4467 3726 3129 4621 5956 1578 5029 5071 4160 2290 5379 6137 4191 5391 2650 
22 3000 3704 2462 4703 5925 4272 1721 4060 5630 3845 1268 3883 3788 5260 4597 6615 2156 2995 2663 488 3846 4946 0 4522 4104 5051 4621 6971 1074 5057 1134 5354 6674 6331 5763 2376 6132 3936 3794 5746 7167 3645 6220 6126 4237 6409 2364 3782 5208 1115 4602 5986 4581 4735 2282 1541 4757 5257 6095 2906 4637 2262 7028 5936 6419 2721 4435 6474 5161 7206 647 4957 4988 660 1738 3474 5422 4291 669 5059 4194 1715 6557 599 2484 5882 6987 2577 3384 897 5141 5247 4776 2119 4251 5955 1686 2817 4740 2843 5197 
23 3000 2985 2090 345 1422 3312 3832 5460 2769 1904 3662 4553 4963 1842 1991 3318 3963 3876 3121 4111 4862 4688 4522 0 910 1115 4938 4670 4536 2363 4229 2132 2544 3769 2136 2849 2708 1331 790 1980 3473 2983 2788 1645 3680 2164 2165 814 2927 3451 2924 1836 1539 2293 3457 3609 297 1399 3762 5378 1650 3825 3538 3879 2998 1801 1593 2532 4073 4524 3924 4513 911 4398 2991 2799 1518 1388 3856 2097 740 2827 2452 4239 2586 3849 3124 2064 1795 3628 1268 3540 358 2676 534 3616 3319 3061 676 2233 2519 
24 3000 2077 1661 810 2149 3865 3137 5752 3618 994 3468 4913 5261 2718 2728 4220 3197 4107 2305 3650 5182 5232 4104 910 0 2017 5396 5514 4327 3160 4039 2998 3423 4618 1820 2112 3609 422 542 1739 4381 2076 3691 2398 4192 3027 1896 1110 3698 3129 3580 2729 2311 3033 2686 2967 926 2304 4584 5457 2426 3892 4448 4669 3903 1541 2321 3435 4721 5401 3469 5078 889 4109 2817 3194 1347 553 3467 1447 172 2525 3338 3727 2646 4634 4026 1982 2131 3213 1055 4256 896 2066 1229 4433 2685 2225 1568 1477 3326 
25 3000 4080 2813 1355 1244 2701 4677 5097 1708 3009 3993 4140 4612 760 1213 2203 4878 3674 4105 4705 4487 4016 5051 1115 2017 0 4375 3595 4831 1411 4519 1061 1641 2693 3006 3767 1592 2434 1755 2817 2410 4073 1673 1313 3102 1358 2737 1378 1990 3936 2181 936 796 1460 4389 4409 1233 287 2723 5290 858 3837 2440 2882 1885 2433 943 1519 3277 3418 4520 3818 1853 4790 3358 2480 2382 2503 4385 3146 1851 3344 1529 4881 2742 2859 2100 2473 1779 4198 2206 2660 1303 3493 925 2585 4124 4066 453 3196 1538 
26 3000 6691 4497 5283 5610 1674 5708 1158 3328 6013 3503 738 992 3861 3165 4127 6155 1696 5996 4702 862 611 4621 4938 5396 4375 0 3322 3619 3139 3488 3667 5219 3232 7065 5503 4064 5619 4855 6916 4893 6649 4105 5634 1276 5260 4095 4303 2708 4015 2230 4899 3589 2955 5922 5364 5220 4317 2912 2323 3517 2398 4563 2586 4176 4232 3463 4837 1475 3817 4627 801 5846 3972 3550 2202 6455 5926 4320 6843 5323 3998 5114 4980 3067 2546 5009 3728 3265 4397 6193 2117 5289 4993 4404 2871 5233 6079 4499 5387 3113 
27 3000 7458 5616 4945 4412 2710 7392 4479 1901 6457 5702 3750 4218 2838 2863 1722 7736 4183 7191 6841 4062 2711 6971 4670 5514 3595 3322 0 6220 2376 5977 2541 3233 902 6555 6746 2172 5901 5108 6357 2303 7439 2130 4282 2838 3526 5323 4544 1925 6000 2403 3407 3220 2582 7331 7056 4826 3345 961 5498 3106 4840 1935 1037 2008 5212 3246 2875 1981 580 6697 2541 5446 6431 5357 3507 5946 6043 6438 6741 5364 5641 3189 7099 4600 1091 2643 4905 4001 6382 5794 1723 4897 6314 4288 1118 6820 7203 3998 6329 2205 
28 3000 4409 2689 4780 5862 3514 2636 2991 5087 4309 873 2887 2741 4885 4143 6092 3099 2084 3412 1356 2812 3996 1074 4536 4327 4831 3619 6220 0 4546 312 4922 6383 5667 6105 3022 5673 4260 3912 6052 6715 4352 5756 6031 3404 6174 2436 3733 4589 1251 3941 5740 4231 4218 3109 2373 4807 4991 5403 1841 4263 1382 6528 5204 5939 2801 4071 6130 4322 6517 1391 4032 5164 434 1546 2831 5675 4633 1142 5494 4378 1806 6262 1592 2091 5149 6592 2472 3059 1383 5381 4510 4842 2625 4161 5275 2414 3553 4600 3330 4663 
29 3000 5082 3317 2671 2552 1533 5162 4024 584 4085 3834 3063 3575 740 510 1559 5465 2884 4853 4824 3430 2701 5057 2363 3160 1411 3139 2376 4546 0 4253 529 2127 1505 4402 4427 1143 3535 2735 4218 2175 5063 1220 2535 1926 2124 3073 2167 579 3981 921 1760 850 328 5030 4842 2564 1257 1428 4508 734 3293 1984 1516 1393 2905 871 1773 1896 2363 4657 2491 3214 4634 3330 1754 3774 3701 4443 4460 3018 3508 2015 5054 2573 1486 2108 2680 1756 4328 3575 1253 2638 4029 1932 1275 4584 4855 1723 3973 172 
30 3000 4214 2414 4477 5551 3267 2536 2953 4799 4059 573 2750 2658 4580 3843 5803 3005 1889 3238 1304 2713 3829 1134 4229 4039 4519 3488 5977 312 4253 0 4621 6074 5402 5827 2825 5376 3986 3615 5770 6418 4157 5459 5720 3181 5863 2144 3425 4313 1016 3671 5429 3923 3925 2966 2247 4502 4680 5144 1903 3957 1163 6237 4954 5644 2507 3764 5824 4103 6259 1297 3850 4869 486 1242 2552 5386 4359 1012 5232 4086 1530 5954 1566 1781 4899 6290 2165 2748 1219 5092 4260 4538 2403 3851 5013 2254 3374 4288 3093 4374 
31 3000 5006 3423 2404 2084 2059 5300 4550 647 3966 4167 3588 4098 301 780 1334 5567 3365 4887 5084 3954 3218 5354 2132 2998 1061 3667 2541 4922 529 4621 0 1609 1638 4059 4491 782 3398 2639 3867 1813 4992 872 2042 2455 1595 3233 2125 1030 4255 1450 1238 831 788 5108 4996 2286 837 1662 4998 744 3723 1696 1837 1082 3011 943 1271 2390 2404 4910 3006 2913 4975 3616 2199 3438 3514 4718 4201 2841 3735 1494 5298 2884 1819 1672 2872 1979 4578 3267 1720 2357 4135 1790 1528 4725 4872 1458 3985 571 
32 3000 5485 4449 2626 1481 3659 6300 6149 1906 4399 5573 5190 5702 1534 2333 1510 6476 4961 5661 6340 5557 4723 6674 2544 3423 1641 5219 3233 6383 2127 6074 1609 0 2483 3719 5359 1207 3841 3302 3512 1150 5489 1199 1259 4047 423 4377 3008 2511 5558 3043 720 2154 2396 5977 6041 2503 1417 2694 6598 2133 5269 1407 2991 1246 4073 2316 394 3843 2818 6157 4505 2904 6379 4961 3776 3202 3797 6012 4171 3251 4977 120 6520 4295 2998 722 4101 3331 5832 3167 3152 2545 5117 2538 2628 5754 5604 2029 4762 2118 
33 3000 6580 4800 4042 3550 2187 6616 4342 1000 5568 5068 3492 3999 1935 2008 1029 6939 3723 6354 6157 3840 2639 6331 3769 4618 2693 3232 902 5667 1505 5402 1638 2483 0 5663 5920 1332 5008 4222 5466 1759 6563 1308 3437 2424 2725 4530 3667 1138 5310 1733 2558 2336 1746 6517 6287 3924 2446 320 5190 2223 4311 1395 648 1237 4391 2375 2101 1760 887 6003 2433 4545 5833 4658 2862 5051 5144 5761 5839 4466 4901 2420 6405 3891 686 2001 4121 3201 5680 4894 1224 3995 5507 3394 401 6039 6358 3096 5478 1332 
34 3000 2682 3415 1792 2249 5448 4492 7520 4703 1962 5261 6645 7025 3759 4094 4981 4390 5892 3463 5285 6936 6825 5763 2136 1820 3006 7065 6555 6105 4402 5827 4059 3719 5663 0 3498 4418 1847 2329 206 4857 2722 4478 2460 5813 3302 3697 2792 4981 4876 5049 3230 3634 4386 3920 4425 1873 3225 5721 7276 3737 5710 5053 5889 4652 3353 3710 3917 6194 6299 5115 6649 1225 5854 4623 4895 629 1478 5166 838 1824 4298 3686 5309 4460 5866 4436 3803 3849 4901 871 5628 1800 3646 2666 5588 4177 3326 2690 2933 4540 
35 3000 1388 1134 2885 4231 4411 1030 5420 4993 1536 2373 4837 4995 4281 3917 5822 1116 3860 493 1888 4978 5576 2376 2849 2112 3767 5503 6746 3022 4427 2825 4491 5359 5920 3498 0 5236 1801 2064 3516 6163 1331 5325 4471 4590 5000 1478 2403 4820 1819 4423 4639 3665 4175 622 927 2982 4040 5785 4656 3765 3307 6144 5755 5544 1533 3583 5285 5391 6790 1748 5492 2971 2658 2004 3531 3269 2096 1904 2734 2257 1538 5259 1852 2458 5708 5867 1900 2752 1644 3021 5165 2971 510 2841 5629 699 584 3339 635 4598 
36 3000 5664 4186 2926 2241 2590 6068 5049 738 4599 4935 4107 4626 955 1540 610 6323 4016 5615 5866 4475 3544 6132 2708 3609 1592 4064 2172 5673 1143 5376 782 1207 1332 4418 5236 0 4024 3312 4216 1042 5655 90 2112 2955 1399 4009 2843 1368 5035 1976 1235 1603 1466 5855 5768 2800 1308 1505 5628 1523 4436 917 1789 308 3777 1724 812 2653 1881 5692 3326 3371 5741 4395 2897 3825 4092 5499 4684 3444 4518 1124 6081 3657 1794 980 3654 2761 5361 3702 1966 2864 4896 2458 1427 5495 5591 2042 4708 1063 
37 3000 1655 1572 1219 2539 4141 2831 5901 4010 574 3424 5098 5416 3123 3086 4635 2850 4247 1937 3466 5348 5493 3936 1331 422 2434 5619 5901 4260 3535 3986 3398 3841 5008 1847 1801 4024 0 819 1812 4803 1654 4107 2791 4449 3442 1878 1416 4060 3029 3900 3150 2685 3389 2341 2694 1339 2721 4963 5512 2801 3962 4868 5034 4320 1561 2682 3856 5028 5803 3291 5349 1177 4006 2801 3419 1496 373 3325 1291 594 2456 3757 3515 2746 4998 4447 2052 2366 3062 1229 4594 1303 1839 1614 4810 2423 1844 1982 1175 3703 
38 3000 2367 1335 910 2204 3337 3041 5214 3231 1351 3041 4370 4722 2380 2273 3919 3180 3573 2362 3366 4642 4700 3794 790 542 1755 4855 5108 3912 2735 3615 2639 3302 4222 2329 2064 3312 819 0 2229 4165 2353 3398 2433 3658 2936 1481 596 3248 2760 3081 2584 1888 2575 2677 2820 975 2040 4163 4952 2002 3384 4189 4223 3615 1112 1872 3252 4212 5037 3180 4549 1256 3729 2376 2652 1805 1076 3137 1988 505 2139 3204 3477 2131 4186 3841 1494 1589 2897 1510 3775 986 1887 855 4009 2530 2314 1307 1460 2905 
39 3000 2775 3366 1635 2043 5291 4523 7395 4510 1987 5201 6510 6899 3567 3920 4777 4442 5774 3510 5272 6807 6665 5746 1980 1739 2817 6916 6357 6052 4218 5770 3867 3512 5466 206 3516 4216 1812 2229 0 4650 2811 4275 2253 5660 3096 3631 2665 4798 4834 4880 3025 3460 4210 3963 4440 1708 3031 5527 7182 3561 5614 4847 5699 4448 3280 3541 3710 6022 6096 5099 6487 1070 5813 4555 4758 461 1454 5138 944 1725 4246 3479 5307 4361 5677 4230 3716 3718 4875 733 5449 1636 3636 2513 5395 4185 3378 2513 2934 4353 
40 3000 6458 5153 3623 2609 3546 7036 5943 1690 5374 5976 5027 5547 1932 2581 766 7266 5021 6514 6891 5392 4328 7167 3473 4381 2410 4893 2303 6715 2175 6418 1813 1150 1759 4857 6163 1042 4803 4165 4650 0 6456 958 2400 3884 1556 5005 3759 2298 6066 2950 1688 2607 2502 6785 6747 3495 2128 2050 6612 2538 5467 373 2384 787 4751 2741 965 3427 1802 6715 4114 3973 6783 5429 3928 4322 4810 6529 5268 4209 5537 1171 7101 4696 2410 428 4665 3788 6384 4262 2779 3549 5855 3331 2048 6469 6476 2857 5604 2077 
41 3000 59 2152 2862 4139 5381 2028 6674 5578 1090 3694 6022 6229 4732 4579 6265 1781 5067 983 3165 6198 6647 3645 2983 2076 4073 6649 7439 4352 5063 4157 4992 5489 6563 2722 1331 5655 1654 2353 2811 6456 0 5739 4394 5621 5085 2554 2895 5543 3148 5270 4803 4227 4870 1411 2110 2986 4361 6484 5974 4339 4575 6513 6515 5955 2441 4192 5511 6336 7388 3044 6537 2685 3980 3267 4547 2729 1719 3225 1883 2248 2807 5408 3078 3584 6473 6102 2926 3604 2971 2570 6001 2944 1784 3206 6328 1969 828 3620 1261 5235 
42 3000 5748 4277 3002 2288 2649 6158 5100 788 4681 5021 4161 4682 1044 1625 530 6413 4087 5704 5955 4529 3578 6220 2788 3691 1673 4105 2130 5756 1220 5459 872 1199 1308 4478 5325 90 4107 3398 4275 958 5739 0 2151 3010 1417 4100 2932 1419 5124 2038 1279 1693 1545 5945 5859 2875 1388 1498 5694 1613 4513 826 1791 218 3868 1814 807 2684 1821 5781 3360 3441 5826 4482 2974 3888 4171 5587 4755 3525 4608 1124 6170 3743 1799 920 3744 2850 5450 3769 1999 2939 4987 2544 1428 5585 5679 2124 4796 1133 
43 3000 4382 3728 1593 254 3969 5470 6400 2602 3313 5171 5440 5919 1794 2479 2607 5577 4986 4702 5733 5791 5230 6126 1645 2398 1313 5634 4282 6031 2535 5720 2042 1259 3437 2460 4471 2112 2791 2433 2253 2400 4394 2151 0 4372 844 3762 2344 3072 5032 3408 878 2100 2679 5068 5254 1489 1317 3571 6597 2147 5121 2617 3811 2290 3411 2254 1481 4428 3945 5546 5023 1725 5944 4511 3794 1953 2675 5456 2939 2236 4414 1229 5873 3972 3803 1977 3587 3035 5240 1945 3763 1507 4321 1882 3465 4964 4623 1434 3844 2611 
44 3000 5658 3503 4025 4340 403 4981 2102 2222 4885 2987 1152 1671 2621 1895 3140 5392 1345 5080 4186 1520 1044 4237 3680 4192 3102 1276 2838 3404 1926 3181 2455 4047 2424 5813 4590 2955 4449 3658 5660 3884 5621 3010 4372 0 4047 3120 3086 1593 3388 1005 3667 2313 1705 5083 4631 3956 3055 2121 2770 2244 2023 3594 1863 3119 3180 2186 3680 924 3198 4068 916 4590 3652 2802 1074 5198 4734 3781 5634 4107 3191 3937 4459 2148 1810 3930 2713 2085 3783 4942 1200 4027 4092 3147 2024 4449 5140 3223 4370 1930 
45 3000 5079 4127 2224 1059 3649 5957 6136 2019 3995 5346 5172 5676 1443 2238 1816 6116 4864 5285 6057 5535 4796 6409 2164 3027 1358 5260 3526 6174 2124 5863 1595 423 2725 3302 5000 1399 3442 2936 3096 1556 5085 1417 844 4047 0 4082 2686 2580 5295 3045 434 1983 2353 5614 5708 2102 1184 2903 6501 1984 5118 1782 3177 1517 3763 2149 660 3940 3149 5872 4581 2483 6145 4716 3666 2780 3385 5742 3748 2856 4700 385 6226 4082 3178 1133 3831 3114 5551 2743 3252 2141 4779 2209 2818 5420 5224 1699 4394 2149 
46 3000 2598 403 2372 3561 2932 2089 4163 3655 2070 1572 3470 3701 3074 2565 4560 2413 2528 1963 1979 3660 4122 2364 2165 1896 2737 4095 5323 2436 3073 2144 3233 4377 4530 3697 1478 4009 1878 1481 3631 5005 2554 4100 3762 3120 4082 0 1420 3406 1287 2963 3671 2406 2791 2020 1770 2414 2969 4370 3647 2488 2123 4926 4314 4313 369 2290 4219 3912 5413 1793 4028 2729 2248 926 2054 3242 2250 1695 3160 1942 663 4264 2144 1029 4265 4768 424 1329 1480 2948 3704 2440 1001 1894 4214 1511 2020 2392 1295 3238 
47 3000 2914 1441 1108 2151 2754 3299 4729 2687 1935 2862 3854 4233 1891 1692 3440 3507 3113 2772 3398 4143 4124 3782 814 1110 1378 4303 4544 3733 2167 3425 2125 3008 3667 2792 2403 2843 1416 596 2665 3759 2895 2932 2344 3086 2686 1420 0 2664 2688 2484 2290 1333 1990 3026 3033 1103 1642 3592 4579 1444 3019 3744 3640 3151 1081 1298 2896 3618 4499 3211 3968 1614 3613 2192 2111 2214 1660 3112 2548 1021 2069 2900 3552 1774 3601 3472 1262 1056 2900 1932 3180 1151 2114 478 3437 2746 2750 986 1865 2339 
48 3000 5566 3691 3242 3107 1248 5486 3682 630 4597 3952 2744 3264 1292 974 1573 5819 2747 5266 5024 3111 2217 5208 2927 3698 1990 2708 1925 4589 579 4313 1030 2511 1138 4981 4820 1368 4060 3248 4798 2298 5543 1419 3072 1593 2580 3406 2664 0 4176 668 2256 1393 674 5407 5154 3137 1824 965 4316 1280 3263 2028 975 1526 3287 1378 2128 1364 2025 4868 2002 3789 4729 3523 1760 4352 4244 4629 5024 3561 3763 2409 5269 2756 938 2338 2992 2079 4544 4151 690 3211 4392 2475 809 4911 5280 2298 4409 464 
49 3000 3204 1470 3658 4838 3351 1705 3719 4560 3058 573 3294 3342 4151 3508 5533 2165 2319 2252 847 3357 4230 1115 3451 3129 3936 4015 6000 1251 3981 1016 4255 5558 5310 4876 1819 5035 3029 2760 4834 6066 3148 5124 5032 3388 5295 1287 2688 4176 0 3602 4871 3471 3664 2028 1372 3701 4141 5093 2846 3531 1642 5937 4963 5326 1655 3328 5359 4294 6194 696 4200 3992 980 653 2496 4473 3399 463 4247 3197 624 5441 1098 1420 4909 5877 1463 2278 395 4183 4287 3727 1386 3151 4947 1305 2380 3633 2080 4127 
50 3000 5299 3289 3262 3396 618 5005 3106 1261 4401 3337 2148 2663 1631 975 2237 5366 2080 4890 4446 2515 1835 4602 2924 3580 2181 2230 2403 3941 921 3671 1450 3043 1733 5049 4423 1976 3900 3081 4880 2950 5270 2038 3408 1005 3045 2963 2484 668 3602 0 2671 1430 729 4984 4665 3175 2096 1494 3662 1339 2602 2691 1370 2168 2904 1339 2679 1150 2604 4299 1637 3828 4099 2956 1129 4422 4134 4046 4980 3466 3240 2932 4701 2197 1318 2957 2539 1683 3981 4189 742 3249 3964 2416 1353 4438 4921 2378 4076 930 
51 3000 4802 3732 1948 1010 3266 5579 5744 1743 3715 4914 4779 5278 1046 1826 1758 5756 4443 4945 5641 5140 4456 5986 1836 2729 936 4899 3407 5740 1760 5429 1238 720 2558 3230 4639 1235 3150 2584 3025 1688 4803 1279 878 3667 434 3671 2290 2256 4871 2671 0 1552 1963 5258 5322 1821 749 2695 6079 1557 4686 1834 2942 1432 3360 1718 722 3621 3090 5457 4244 2286 5715 4287 3243 2663 3131 5321 3587 2557 4281 619 5815 3649 2937 1304 3409 2681 5134 2582 2941 1870 4397 1818 2593 5034 4892 1308 4045 1807 
52 3000 4244 2591 1863 2040 1915 4469 4302 1354 3237 3434 3344 3819 679 460 2166 4736 2909 4070 4288 3692 3253 4581 1539 2311 796 3589 3220 4231 850 3923 831 2154 2336 3634 3665 1603 2685 1888 3460 2607 4227 1693 2100 2313 1983 2406 1333 1393 3471 1430 1552 0 755 4280 4166 1767 820 2277 4538 115 3134 2520 2359 1908 2180 165 1905 2563 3167 4111 3061 2422 4243 2847 1708 3005 2854 3933 3633 2171 2930 2033 4494 2149 2326 2406 2057 1199 3780 2785 2002 1841 3304 1084 2125 3894 4060 949 3174 1017 
53 3000 4892 3053 2618 2667 1303 4880 3783 896 3924 3507 2818 3322 916 305 1885 5195 2580 4612 4508 3182 2562 4735 2293 3033 1460 2955 2582 4218 328 3925 788 2396 1746 4386 4175 1466 3389 2575 4210 2502 4870 1545 2679 1705 2353 2791 1990 674 3664 729 1963 755 0 4770 4555 2521 1366 1621 4211 649 2970 2312 1649 1721 2644 713 2058 1822 2623 4343 2360 3176 4306 3012 1433 3757 3582 4125 4382 2901 3202 2280 4741 2251 1611 2423 2389 1464 4014 3539 1247 2595 3761 1819 1464 4302 4622 1697 3746 463 
54 3000 1469 1716 3476 4824 4932 617 5736 5600 1982 2602 5230 5338 4900 4519 6440 510 4245 461 1821 5338 6040 2282 3457 2686 4389 5922 7331 3109 5030 2966 5108 5977 6517 3920 622 5855 2341 2677 3963 6785 1411 5945 5068 5083 5614 2020 3026 5407 2028 4984 5258 4280 4770 0 747 3578 4663 6373 4857 4378 3632 6764 6330 6164 2126 4193 5906 5914 7391 1732 5971 3518 2703 2373 4043 3761 2598 1967 3114 2839 1925 5877 1695 2935 6282 6489 2445 3330 1747 3531 5725 3562 1019 3463 6216 723 611 3960 1225 5200 
55 3000 2170 1598 3697 5023 4529 349 5089 5425 2464 1935 4652 4714 4823 4336 6327 793 3670 1127 1075 4727 5538 1541 3609 2967 4409 5364 7056 2373 4842 2247 4996 6041 6287 4425 927 5768 2694 2820 4440 6747 2110 5859 5254 4631 5708 1770 3033 5154 1372 4665 5322 4166 4555 747 0 3782 4665 6112 4148 4252 3012 6685 6032 6074 1996 4056 5922 5503 7172 988 5488 3847 1960 1838 3640 4180 3009 1237 3660 3096 1445 5933 967 2507 5982 6488 2166 3091 1040 3923 5392 3780 933 3503 5958 289 1282 4013 1520 5006 
56 3000 2983 2307 127 1248 3584 3987 5754 2932 1896 3933 4845 5258 1988 2225 3405 4087 4173 3217 4336 5156 4957 4757 297 926 1233 5220 4826 4807 2564 4502 2286 2503 3924 1873 2982 2800 1339 975 1708 3495 2986 2875 1489 3956 2102 2414 1103 3137 3701 3175 1821 1767 2521 3578 3782 0 1501 3938 5674 1873 4119 3591 4074 3079 2046 1837 2537 4321 4649 4150 4778 655 4657 3261 3091 1248 1315 4095 1915 757 3077 2421 4452 2877 4046 3125 2339 2093 3861 1018 3768 74 2853 822 3796 3493 3143 842 2354 2713 
57 3000 4368 3067 1625 1303 2651 4939 5093 1478 3296 4168 4130 4615 541 1163 1918 5149 3729 4386 4925 4484 3926 5257 1399 2304 287 4317 3345 4991 1257 4680 837 1417 2446 3225 4040 1308 2721 2040 3031 2128 4361 1388 1317 3055 1184 2969 1642 1824 4141 2096 749 820 1366 4663 4665 1501 0 2495 5358 845 3943 2153 2675 1599 2678 984 1257 3150 3148 4742 3722 2102 4971 3547 2527 2607 2784 4595 3406 2137 3561 1300 5109 2899 2656 1829 2684 1932 4416 2448 2509 1568 3754 1202 2364 4381 4348 741 3476 1362 
58 3000 6504 4657 4052 3665 1903 6446 4022 1017 5513 4829 3176 3682 1964 1905 1300 6782 3433 6230 5939 3523 2321 6095 3762 4584 2723 2912 961 5403 1428 5144 1662 2694 320 5721 5785 1505 4963 4163 5527 2050 6484 1498 3571 2121 2903 4370 3592 965 5093 1494 2695 2277 1621 6373 6112 3938 2495 0 4880 2162 4038 1693 335 1464 4252 2294 2304 1440 1115 5789 2113 4573 5582 4444 2620 5100 5120 5539 5851 4438 4708 2622 6191 3681 368 2263 3954 3044 5469 4929 921 4011 5357 3355 157 5871 6242 3099 5367 1259 
59 3000 6028 4009 5687 6487 3070 4439 1336 4924 5708 2283 1751 1332 5072 4269 5887 4908 1637 5098 3187 1473 2871 2906 5378 5457 5290 2323 5498 1841 4508 1903 4998 6598 5190 7276 4656 5628 5512 4952 7182 6612 5974 5694 6597 2770 6501 3647 4579 4316 2846 3662 6079 4538 4211 4857 4148 5674 5358 4880 0 4522 1567 6342 4600 5830 3951 4374 6269 3520 5924 3197 2995 6175 2275 2759 2835 6753 5878 2916 6801 5457 3191 6480 3432 2823 4550 6607 3476 3612 3112 6460 3966 5727 4190 4895 4791 4138 5225 5210 4816 4565 
60 3000 4357 2684 1971 2099 1844 4558 4253 1244 3352 3477 3293 3773 625 364 2075 4832 2888 4173 4353 3644 3169 4637 1650 2426 858 3517 3106 4263 734 3957 744 2133 2223 3737 3765 1523 2801 2002 3561 2538 4339 1613 2147 2244 1984 2488 1444 1280 3531 1339 1557 115 649 4378 4252 1873 845 2162 4522 0 3141 2439 2244 1825 2271 202 1867 2465 3057 4177 2974 2528 4286 2901 1687 3107 2969 3994 3745 2286 2999 2012 4563 2190 2211 2352 2131 1253 3846 2891 1894 1947 3397 1199 2009 3983 4166 1048 3280 902 
61 3000 4626 2506 4127 4992 2139 3347 2113 3800 4194 1107 1665 1707 3737 2951 4804 3806 733 3784 2305 1715 2685 2262 3825 3892 3837 2398 4840 1382 3293 1163 3723 5269 4311 5710 3307 4436 3962 3384 5614 5467 4575 4513 5121 2023 5118 2123 3019 3263 1642 2602 4686 3134 2970 3632 3012 4119 3943 4038 1567 3141 0 5250 3828 4681 2403 2969 4977 2942 5148 2228 2695 4608 1643 1308 1539 5185 4324 1922 5253 3889 1773 5149 2583 1255 3773 5389 1915 2093 2010 4892 3136 4170 2808 3356 3914 2917 3891 3706 3359 3391 
62 3000 6519 5102 3718 2807 3272 6984 5630 1450 5442 5815 4727 5246 1867 2430 455 7235 4772 6514 6772 5089 3990 7028 3538 4448 2440 4563 1935 6528 1984 6237 1696 1407 1395 5053 6144 917 4868 4189 4847 373 6513 826 2617 3594 1782 4926 3744 2028 5937 2691 1834 2520 2312 6764 6685 3591 2153 1693 6342 2439 5250 0 2028 614 4694 2639 1138 3091 1449 6600 3777 4108 6617 5293 3715 4496 4903 6401 5416 4278 5430 1401 6991 4546 2057 728 4568 3669 6269 4414 2459 3649 5811 3340 1701 6412 6485 2894 5605 1865 
63 3000 6538 4622 4183 3890 1689 6371 3706 1214 5573 4667 2879 3379 2134 1949 1630 6724 3196 6211 5803 3220 1991 5936 3879 4669 2882 2586 1037 5204 1516 4954 1837 2991 648 5889 5755 1789 5034 4223 5699 2384 6515 1791 3811 1863 3177 4314 3640 975 4963 1370 2942 2359 1649 6330 6032 4074 2675 335 4600 2244 3828 2028 0 1777 4224 2352 2598 1121 1335 5659 1786 4718 5402 4320 2469 5263 5213 5400 5976 4530 4610 2913 6061 3565 54 2588 3893 3003 5345 5078 693 4147 5311 3443 362 5801 6231 3231 5367 1361 
64 3000 5963 4494 3206 2442 2771 6375 5196 906 4894 5213 4267 4788 1263 1822 330 6631 4234 5923 6160 4634 3633 6419 2998 3903 1885 4176 2008 5939 1393 5644 1082 1246 1237 4652 5544 308 4320 3615 4448 787 5955 218 2290 3119 1517 4313 3151 1526 5326 2168 1432 1908 1721 6164 6074 3079 1599 1464 5830 1825 4681 614 1777 0 4084 2025 871 2732 1658 5987 3415 3635 6018 4683 3142 4069 4379 5790 4949 3736 4816 1189 6378 3939 1791 834 3954 3056 5656 3959 2059 3141 5204 2762 1417 5801 5898 2337 5015 1290 
65 3000 2479 413 2002 3206 2951 2290 4387 3478 1820 1934 3643 3913 2829 2394 4346 2563 2736 1987 2322 3859 4206 2721 1801 1541 2433 4232 5212 2801 2905 2507 3011 4073 4391 3353 1533 3777 1561 1112 3280 4751 2441 3868 3411 3180 3763 369 1081 3287 1655 2904 3360 2180 2644 2126 1996 2046 2678 4252 3951 2271 2403 4694 4224 4084 0 2080 3934 3918 5264 2134 4095 2363 2618 1276 2105 2884 1927 2054 2851 1579 1031 3962 2470 1217 4178 4495 515 1223 1830 2589 3646 2071 1127 1559 4095 1718 2016 2065 1194 3074 
66 3000 4211 2493 1927 2185 1793 4364 4154 1413 3223 3279 3199 3669 825 407 2271 4643 2746 3998 4150 3544 3145 4435 1593 2321 943 3463 3246 4071 871 3764 943 2316 2375 3710 3583 1724 2682 1872 3541 2741 4192 1814 2254 2186 2149 2290 1298 1378 3328 1339 1718 165 713 4193 4056 1837 984 2294 4374 202 2969 2639 2352 2025 2080 0 2061 2484 3222 3974 2957 2491 4088 2699 1546 3083 2870 3791 3674 2188 2796 2196 4360 1993 2316 2552 1929 1051 3643 2853 1951 1911 3207 1107 2139 3788 3994 1046 3110 1043 
67 3000 5511 4324 2664 1669 3297 6195 5783 1517 4425 5339 4828 5343 1246 2027 1158 6397 4636 5613 6159 5195 4335 6474 2532 3435 1519 4837 2875 6130 1773 5824 1271 394 2101 3917 5285 812 3856 3252 3710 965 5511 807 1481 3680 660 4219 2896 2128 5359 2679 722 1905 2058 5906 5922 2537 1257 2304 6269 1867 4977 1138 2598 871 3934 2061 0 3452 2488 5978 4117 3007 6148 4746 3465 3367 3850 5818 4305 3262 4795 319 6351 4054 2605 591 3916 3101 5650 3299 2762 2589 5010 2443 2235 5638 5567 1948 4706 1750 
68 3000 6368 4274 4410 4449 981 5852 2585 1936 5513 3909 1778 2266 2635 2103 2661 6249 2246 5873 5102 2107 902 5161 4073 4721 3277 1475 1981 4322 1896 4103 2390 3843 1760 6194 5391 2653 5028 4212 6022 3427 6336 2684 4428 924 3940 3912 3618 1364 4294 1150 3621 2563 1822 5914 5503 4321 3150 1440 3520 2465 2942 3091 1121 2732 3918 2484 3452 0 2410 4980 686 4975 4576 3692 1871 5565 5274 4697 6129 4611 4058 3747 5374 2998 1077 3567 3491 2732 4689 5337 690 4395 4906 3566 1396 5306 5921 3512 5110 1818 
69 3000 7403 5675 4772 4100 3010 7500 4966 1813 6370 5941 4188 4675 2684 2872 1338 7818 4529 7217 7041 4517 3206 7206 4524 5401 3418 3817 580 6517 2363 6259 2404 2818 887 6299 6790 1881 5803 5037 6096 1802 7388 1821 3945 3198 3149 5413 4499 2025 6194 2604 3090 3167 2623 7391 7172 4649 3148 1115 5924 3057 5148 1449 1335 1658 5264 3222 2488 2410 0 6888 3022 5241 6697 5543 3733 5706 5911 6643 6551 5243 5789 2789 7290 4776 1388 2176 5006 4084 6566 5578 2016 4716 6384 4193 1251 6923 7216 3847 6332 2192 
70 3000 3103 1844 4090 5338 4044 1246 4220 5239 3199 1123 3894 3885 4790 4176 6203 1712 2941 2074 187 3918 4878 647 3924 3469 4520 4627 6697 1391 4657 1297 4910 6157 6003 5115 1748 5692 3291 3180 5099 6715 3044 5781 5546 4068 5872 1793 3211 4868 696 4299 5457 4111 4343 1732 988 4150 4742 5789 3197 4177 2228 6600 5659 5987 2134 3974 5978 4980 6888 0 4860 4355 973 1345 3193 4780 3645 307 4413 3564 1183 6042 402 2111 5606 6510 2062 2931 331 4501 4984 4165 1471 3687 5643 1075 2223 4185 2196 4807 
71 3000 6574 4414 4856 5025 1213 5838 1944 2600 5795 3749 1252 1685 3230 2611 3347 6261 1963 5983 4962 1531 217 4957 4513 5078 3818 801 2541 4032 2491 3850 3006 4505 2433 6649 5492 3326 5349 4549 6487 4114 6537 3360 5023 916 4581 4028 3968 2002 4200 1637 4244 3061 2360 5971 5488 4778 3722 2113 2995 2974 2695 3777 1786 3415 4095 2957 4117 686 3022 4860 0 5424 4335 3650 1990 6026 5624 4562 6513 4984 4062 4406 5239 3039 1746 4250 3625 2990 4594 5781 1360 4850 4990 3987 2079 5320 6047 4003 5285 2437 
72 3000 2670 2533 567 1472 4224 4001 6336 3561 1627 4296 5444 5840 2613 2880 3965 4026 4727 3109 4538 5744 5600 4988 911 889 1853 5846 5446 5164 3214 4869 2913 2904 4545 1225 2971 3371 1177 1256 1070 3973 2685 3441 1725 4590 2483 2729 1614 3789 3992 3828 2286 2422 3176 3518 3847 655 2102 4573 6175 2528 4608 4108 4718 3635 2363 2491 3007 4975 5241 4355 5424 0 4968 3632 3690 610 972 4345 1313 795 3378 2841 4617 3353 4692 3578 2745 2659 4094 362 4423 581 2954 1443 4434 3568 3008 1491 2339 3359 
73 3000 4039 2450 4619 5762 3721 2211 3401 5192 4009 809 3235 3128 4912 4202 6191 2672 2372 3025 924 3188 4315 660 4398 4109 4790 3972 6431 434 4634 486 4975 6379 5833 5854 2658 5741 4006 3729 5813 6783 3980 5826 5944 3652 6145 2248 3613 4729 980 4099 5715 4243 4306 2703 1960 4657 4971 5582 2275 4286 1643 6617 5402 6018 2618 4088 6148 4576 6697 973 4335 4968 0 1435 2972 5454 4375 755 5209 4175 1590 6260 1157 2095 5348 6634 2356 3049 1015 5163 4710 4686 2295 4062 5448 2023 3170 4524 3015 4762 
74 3000 3318 1255 3235 4333 2732 2187 3417 3908 2952 672 2857 2991 3524 2862 4885 2617 1872 2487 1501 2978 3700 1738 2991 2817 3358 3550 5357 1546 3330 1242 3616 4961 4658 4623 2004 4395 2801 2376 4555 5429 3267 4482 4511 2802 4716 926 2192 3523 653 2956 4287 2847 3012 2373 1838 3261 3547 4444 2759 2901 1308 5293 4320 4683 1276 2699 4746 3692 5543 1345 3650 3632 1435 0 1862 4160 3174 1113 4076 2854 466 4842 1747 767 4267 5252 929 1648 1025 3865 3650 3296 1501 2631 4297 1685 2588 3088 2065 3475 
75 3000 4584 2432 3139 3707 891 3988 2670 2266 3831 2208 1754 2175 2243 1442 3272 4379 1201 4018 3334 2067 2106 3474 2799 3194 2480 2202 3507 2831 1754 2552 2199 3776 2862 4895 3531 2897 3419 2652 4758 3928 4547 2974 3794 1074 3666 2054 2111 1760 2496 1129 3243 1708 1433 4043 3640 3091 2527 2620 2835 1687 1539 3715 2469 3142 2105 1546 3465 1871 3733 3193 1990 3690 2972 1862 0 4300 3723 2930 4641 3126 2196 3657 3594 1133 2416 3856 1642 1063 2883 4027 1791 3156 3039 2269 2481 3437 4074 2469 3296 1853 
76 3000 2701 3003 1173 1721 4829 4293 6942 4083 1784 4815 6053 6445 3137 3465 4399 4256 5327 3322 4957 6352 6204 5422 1518 1347 2382 6455 5946 5675 3774 5386 3438 3202 5051 629 3269 3825 1496 1805 461 4322 2729 3888 1953 5198 2780 3242 2214 4352 4473 4422 2663 3005 3757 3761 4180 1248 2607 5100 6753 3107 5185 4496 5263 4069 2884 3083 3367 5565 5706 4780 6026 610 5454 4160 4300 0 1172 4798 1006 1308 3873 3158 5011 3930 5240 3909 3299 3264 4539 295 4999 1175 3335 2051 4966 3914 3201 2060 2660 3912 
77 3000 1707 1945 1187 2421 4412 3121 6242 4143 655 3798 5424 5755 3228 3277 4701 3099 4591 2169 3818 5683 5776 4291 1388 553 2503 5926 6043 4633 3701 4359 3514 3797 5144 1478 2096 4092 373 1076 1454 4810 1719 4171 2675 4734 3385 2250 1660 4244 3399 4134 3131 2854 3582 2598 3009 1315 2784 5120 5878 2969 4324 4903 5213 4379 1927 2870 3850 5274 5911 3645 5624 972 4375 3174 3723 1172 0 3688 935 683 2829 3722 3856 3100 5179 4436 2411 2662 3424 933 4809 1261 2183 1770 4971 2746 2058 2064 1491 3864 
78 3000 3283 1812 4044 5257 3769 1524 3916 5021 3285 818 3587 3578 4613 3971 5996 1993 2636 2273 405 3610 4577 669 3856 3467 4385 4320 6438 1142 4443 1012 4718 6012 5761 5166 1904 5499 3325 3137 5138 6529 3225 5587 5456 3781 5742 1695 3112 4629 463 4046 5321 3933 4125 1967 1237 4095 4595 5539 2916 3994 1922 6401 5400 5790 2054 3791 5818 4697 6643 307 4562 4345 755 1113 2930 4798 3688 0 4494 3550 1045 5896 678 1877 5347 6339 1912 2741 268 4513 4720 4116 1558 3582 5395 1273 2416 4070 2285 4588 
79 3000 1844 2828 1798 2698 5299 3701 7178 4847 1214 4680 6354 6690 3903 4078 5278 3572 5526 2654 4575 6616 6671 5059 2097 1447 3146 6843 6741 5494 4460 5232 4201 4171 5839 838 2734 4684 1291 1988 944 5268 1883 4755 2939 5634 3748 3160 2548 5024 4247 4980 3587 3633 4382 3114 3660 1915 3406 5851 6801 3745 5253 5416 5976 4949 2851 3674 4305 6129 6551 4413 6513 1313 5209 4076 4641 1006 935 4494 0 1528 3706 4118 4575 4034 5946 4864 3343 3578 4226 1006 5625 1844 2943 2569 5707 3427 2512 2751 2216 4614 
