FILE: 111EuclS.txt
100 100 0 
1 3000 0 4838 2724 2392 5541 3406 3228 1335 5057 1942 4787 2141 1761 4329 4054 6651 4036 1278 4026 1002 4626 2614 2199 3968 3382 2711 3729 2346 2727 1120 4894 3600 1999 3866 3227 3097 5215 2918 1673 5282 4576 4757 2111 2998 4134 5559 1296 2806 5237 1250 1663 2818 2528 3088 4455 3620 5314 4380 3937 4877 3484 3751 5077 2692 3546 1245 2472 3575 5860 4673 2509 4782 2820 5177 3024 2445 3191 3006 253 4073 2613 1963 4969 4490 4819 4303 1948 4175 3129 4047 2362 4108 4284 2924 4278 5168 4432 845 5499 2273 
2 3000 4838 0 5446 5960 710 2220 2676 5725 616 4644 283 3215 5096 780 2997 1820 1731 5839 2744 4877 1056 6959 4768 5107 4596 3461 4948 3976 3469 3717 3679 4833 2893 972 5256 2002 511 2349 5027 823 1985 262 4523 2628 4344 2889 4727 2600 1540 6088 6235 2251 2660 5178 492 1817 1437 2068 1051 3876 5241 5012 1193 2590 5402 3989 6018 2939 1159 1116 6013 4739 5055 1071 2076 2506 2078 3860 5028 2525 4827 3864 3837 593 3164 2469 3358 2891 1961 3635 4657 4569 4622 3712 4374 2940 5151 5642 4529 2766 
3 3000 2724 5446 0 888 6115 3270 2833 1872 5346 4598 5260 2337 963 5308 6059 7147 3909 2131 5938 3722 4718 2195 4866 1592 1344 1999 1427 4799 1994 2882 3447 1371 3592 4646 5907 3466 5605 4572 4392 5489 6127 5250 991 2824 2245 4632 1465 2850 5031 3013 2223 4335 4284 594 5273 3664 5173 3932 4395 3314 6146 6354 6203 4455 952 3636 885 2783 6089 4721 842 2716 480 5225 3398 3962 3368 1723 2909 5894 5268 4370 3437 4898 3672 6081 2267 3244 4545 6270 5000 6582 2228 5265 6684 4168 2095 2605 3663 3985 
4 3000 2392 5960 888 0 6653 3877 3472 1224 5936 4334 5803 2750 896 5720 6155 7721 4547 1455 6068 3378 5336 1310 4591 2469 2218 2633 2314 4673 2633 2894 4306 2259 3738 5090 5615 3957 6177 4754 4042 6101 6387 5788 1464 3407 3126 5443 1400 3377 5721 2336 1434 4550 4420 1482 5728 4250 5853 4640 4913 4183 5876 6140 6595 4596 1801 3506 80 3511 6708 5349 120 3604 1340 5867 3883 4158 3903 2476 2516 6057 5006 4258 4304 5446 4497 6262 2626 4021 4802 6277 4753 6461 3116 5202 6603 4982 2969 2020 4550 4120 
5 3000 5541 710 6115 6653 0 2858 3310 6435 869 5257 854 3914 5795 1325 3354 1110 2297 6550 3109 5547 1515 7666 5363 5684 5206 4120 5540 4559 4126 4422 4084 5432 3582 1676 5773 2697 576 2959 5663 888 2227 866 5207 3290 4879 3101 5434 3281 1725 6792 6946 2896 3297 5821 1111 2457 1575 2535 1740 4294 5732 5464 1237 3210 6021 4660 6710 3524 767 1548 6702 5216 5711 1248 2772 3180 2756 4492 5728 2886 5389 4485 4239 1217 3557 2777 4062 3390 2592 4000 5238 4957 5150 4236 4730 3250 5687 6349 4894 3429 
6 3000 3406 2220 3270 3877 2858 0 456 3905 2076 4114 2007 1312 3076 2283 3896 3876 683 4079 3681 3872 1458 5006 4338 2925 2382 1271 2749 3745 1275 2417 2069 2627 2091 1610 5181 616 2335 2455 4296 2226 3434 2001 2413 476 2261 2220 2828 604 1904 4564 4437 2179 2451 2964 2153 402 2015 977 1205 2186 5289 5249 3162 2534 3182 3104 3926 813 2832 1472 3912 2784 2855 1991 628 2051 385 1640 3648 3537 4580 3420 2211 1645 1728 3634 1504 1118 2162 4380 4328 5099 2542 3836 5039 1903 3040 4060 2927 2298 
7 3000 3228 2676 2833 3472 3310 456 0 3590 2516 4151 2462 1087 2702 2717 4206 4318 1079 3780 4004 3799 1884 4637 4389 2485 1928 842 2302 3861 844 2332 1894 2177 2188 2038 5286 926 2782 2715 4279 2655 3826 2456 2011 277 1870 2331 2507 525 2257 4330 4122 2432 2650 2511 2600 858 2383 1219 1656 1971 5416 5414 3604 2757 2727 3096 3518 490 3257 1889 3501 2437 2409 2400 902 2240 717 1184 3478 3874 4664 3504 2019 2100 1659 3988 1281 1001 2465 4654 4402 5320 2148 4019 5284 1948 2627 3818 2705 2456 
8 3000 1335 5725 1872 1224 6435 3905 3590 0 5827 3236 5620 2608 1079 5335 5351 7540 4586 260 5304 2248 5300 1319 3479 3403 2967 2843 3198 3682 2852 2180 4879 3103 3105 4780 4476 3791 6030 4100 2889 6027 5772 5597 1785 3435 3854 5821 1082 3320 5809 1142 532 3950 3726 2403 5407 4216 5917 4809 4727 4802 4748 5048 6153 3899 2818 2565 1294 3788 6630 5331 1343 4432 2171 5854 3713 3556 3809 2911 1387 5331 3895 3296 4914 5286 4948 5554 2429 4370 4241 5375 3659 5437 3920 4258 5612 5382 3906 798 5300 3443 
9 3000 5057 616 5346 5936 869 2076 2516 5827 0 5069 394 3242 5104 1359 3593 1801 1463 5965 3340 5206 657 7011 5214 4833 4377 3347 4697 4442 3351 3944 3222 4593 3199 1310 5768 2036 292 2809 5419 249 2601 435 4475 2533 4015 2316 4787 2564 942 6297 6350 2667 3078 5019 1056 1688 827 1667 1120 3430 5771 5565 1779 3035 5196 4324 5988 2685 806 683 5977 4347 4925 460 2114 2861 2043 3684 5265 3124 5306 4288 3378 570 2697 3078 3408 2524 2408 4226 5120 5150 4286 4229 4966 2415 4823 5827 4044 3138 
10 3000 1942 4644 4598 4334 5257 4114 4151 3236 5069 0 4708 3224 3652 3932 2688 6292 4558 3117 2770 996 4864 4418 271 5637 4995 3986 5391 776 4005 1948 6030 5249 2038 3758 1310 3578 5125 2299 516 5318 3596 4670 3826 3874 5582 6315 3132 3629 5573 2632 3442 2403 1991 4876 4167 4142 5594 5031 4068 6077 1550 1812 4406 2053 5330 1089 4414 4612 5794 4933 4451 6244 4609 5345 3532 2241 3770 4426 1848 2907 673 781 6142 4524 5802 3140 3086 5149 2682 2438 422 2243 5788 1355 2465 6018 6049 2541 6782 1956 
11 3000 4787 283 5260 5803 854 2007 2462 5620 394 4708 0 3072 4951 967 3202 1926 1479 5745 2949 4884 774 6834 4846 4866 4370 3266 4713 4067 3272 3667 3399 4601 2883 962 5381 1854 432 2433 5071 636 2231 40 4354 2436 4088 2611 4602 2429 1274 6034 6137 2305 2717 4972 663 1606 1183 1793 897 3598 5381 5171 1475 2664 5181 3998 5859 2699 1099 833 5851 4470 4858 822 1930 2523 1903 3645 4986 2734 4928 3927 3558 363 2883 2694 3225 2624 2035 3833 4746 4755 4365 3841 4573 2657 4896 5575 4247 2794 
12 3000 2141 3215 2337 2750 3914 1312 1087 2608 3242 3224 3072 0 1881 2986 3873 4998 1985 2772 3717 2756 2693 3768 3480 2652 1991 780 2416 3074 800 1308 2846 2269 1488 2343 4445 1218 3464 2337 3284 3431 3806 3054 1355 867 2392 3418 1547 714 3210 3260 3139 2074 2124 2243 2979 1607 3312 2264 2176 2870 4612 4680 3875 2277 2607 2138 2811 1459 4038 2723 2808 3046 2042 3247 1142 1743 1205 1276 2391 3642 3799 2672 2945 2723 2703 3809 195 2049 2243 4196 3526 4710 2623 3363 4735 3029 2971 2752 3561 1854 
13 3000 1761 5096 963 896 5795 3076 2702 1079 5104 3652 4951 1881 0 4831 5291 6875 3756 1332 5195 2761 4524 1935 3919 2358 1890 1890 2142 3900 1895 2042 3821 2038 2855 4210 4958 3098 5336 3867 3432 5280 5493 4933 740 2599 2774 4829 546 2540 4958 2161 1554 3659 3541 1387 4848 3431 5081 3906 4056 3736 5202 5427 5703 3717 1833 2729 966 2821 5889 4543 977 3356 1134 5066 3022 3268 3061 1870 1947 5176 4324 3475 3850 4598 3924 5379 1744 3379 3907 5445 4060 5691 2844 4398 5812 4378 2856 1705 4221 3241 
14 3000 4329 780 5308 5720 1325 2283 2717 5335 1359 3932 967 2986 4831 0 2235 2383 2003 5421 1981 4251 1581 6614 4039 5202 4630 3399 5016 3237 3410 3225 4064 4888 2335 681 4486 1869 1292 1635 4341 1589 1317 927 4339 2592 4532 3477 4405 2491 2209 5576 5825 1589 1981 5121 303 1915 2136 2455 1117 4239 4465 4232 899 1886 5401 3369 5784 3082 1924 1657 5785 5007 4963 1783 1928 1905 2022 3859 4497 1767 4075 3160 4222 1036 3579 1737 3095 3183 1277 2866 3918 3794 4814 2942 3606 3447 5320 5159 4939 2136 
15 3000 4054 2997 6059 6155 3354 3896 4206 5351 3593 2688 3202 3873 5291 2235 0 4161 3930 5329 253 3466 3751 6660 2647 6499 5848 4570 6272 1926 4588 3261 5936 6127 2467 2565 2633 3294 3498 1539 3202 3818 1171 3163 5085 3974 6056 5612 4758 3765 4425 5115 5718 1814 1776 6087 2538 3662 4364 4443 3076 6073 2513 2169 2185 1609 6475 2811 6232 4678 4074 3830 6253 6643 5861 4016 3307 2131 3523 5090 4103 472 2472 2164 6086 3229 5519 599 3867 4989 1741 645 2449 1604 6325 1336 1381 5501 6758 4863 6810 2073 
16 3000 6651 1820 7147 7721 1110 3876 4318 7540 1801 6292 1926 4998 6875 2383 4161 0 3258 7658 3935 6633 2444 8760 6379 6590 6162 5147 6467 5569 5152 5532 4796 6370 4684 2787 6704 3780 1545 4009 6717 1683 2990 1946 6265 4329 5738 3615 6529 4344 2376 7902 8053 3972 4364 6818 2205 3484 2208 3388 2824 5016 6633 6324 1983 4264 6984 5748 7775 4469 1138 2453 7766 5994 6727 2003 3856 4274 3818 5483 6835 3718 6370 5530 4942 2277 4274 3563 5152 4240 3661 4793 6240 5753 5998 5192 5492 3879 6537 7460 5529 4515 
17 3000 4036 1731 3909 4547 2297 683 1079 4586 1463 4558 1479 1985 3756 2003 3930 3258 0 4756 3694 4423 814 5688 4761 3389 2914 1921 3242 4101 1923 2999 2066 3135 2522 1411 5530 994 1742 2638 4793 1583 3274 1484 3083 1159 2612 1786 3511 1270 1225 5218 5118 2388 2731 3560 1799 427 1332 520 899 2237 5607 5515 2813 2775 3733 3608 4594 1226 2180 813 4578 3028 3476 1321 1052 2370 849 2225 4272 3520 4962 3821 2223 1138 1603 3574 2173 1185 2279 4477 4726 5278 2891 4096 5177 1586 3419 4718 2945 2644 
18 3000 1278 5839 2131 1455 6550 4079 3780 260 5965 3117 5745 2772 1332 5421 5329 7658 4756 0 5294 2121 5453 1336 3351 3663 3223 3053 3458 3607 3063 2226 5115 3361 3152 4885 4330 3933 6161 4130 2743 6171 5801 5721 2025 3614 4105 6034 1281 3486 5981 889 406 3996 3749 2663 5506 4377 6084 4998 4857 5043 4607 4922 6222 3919 3078 2523 1522 3998 6770 5487 1572 4688 2431 6009 3855 3606 3963 3145 1282 5332 3765 3236 5154 5418 5171 5558 2587 4585 4294 5322 3538 5339 4176 4196 5527 5598 4166 603 5550 3474 
19 3000 4026 2744 5938 6068 3109 3681 4004 5304 3340 2770 2949 3717 5195 1981 253 3935 3694 5294 0 3495 3501 6619 2751 6327 5681 4397 6103 1996 4415 3181 5711 5958 2350 2320 2817 3086 3246 1381 3277 3565 953 2909 4958 3778 5862 5367 4668 3575 4172 5123 5688 1645 1657 5945 2285 3437 4111 4206 2834 5852 2714 2389 1954 1484 6324 2794 6145 4471 3825 3580 6163 6441 5724 3763 3102 1985 3312 4916 4091 223 2609 2189 5862 2977 5288 396 3723 4766 1541 894 2563 1848 6133 1438 1632 5261 6574 4848 6587 1958 
20 3000 1002 4877 3722 3378 5547 3872 3799 2248 5206 996 4884 2756 2761 4251 3466 6633 4423 2121 3495 0 4882 3423 1231 4903 4290 3449 4660 1581 3467 1467 5599 4525 2007 3923 2237 3432 5315 2664 671 5447 4202 4849 3050 3538 4976 6089 2275 3310 5554 1676 2447 2662 2284 4062 4436 3996 5603 4840 4120 5613 2503 2802 4874 2410 4521 887 3457 4213 5982 4941 3497 5636 3794 5407 3370 2370 3581 3822 866 3590 1647 1305 5693 4638 5450 3828 2583 4792 2977 3328 1417 3232 5152 2197 3439 5739 5349 1546 6278 2118 
21 3000 4626 1056 4718 5336 1515 1458 1884 5300 657 4864 774 2693 4524 1581 3751 2444 814 5453 3501 4882 0 6446 5037 4176 3722 2723 4040 4305 2726 3536 2626 3937 2891 1221 5692 1535 944 2711 5166 771 2897 794 3871 1929 3363 1897 4240 1991 719 5846 5828 2515 2911 4375 1304 1093 729 1029 799 2825 5728 5571 2235 2905 4543 4021 5385 2030 1374 79 5371 3714 4289 556 1611 2623 1490 3039 4848 3300 5178 4093 2784 545 2108 3300 2870 1878 2312 4354 4968 5233 3635 4183 5084 1896 4171 5361 3473 2908 
22 3000 2614 6959 2195 1310 7666 5006 4637 1319 7011 4418 6834 3768 1935 6614 6660 8760 5688 1336 6619 3423 6446 0 4640 3755 3528 3820 3613 4939 3825 3497 5610 3565 4419 6034 5581 4983 7231 5418 4009 7196 7090 6813 2649 4529 4436 6716 2232 4455 6894 1886 976 5264 5046 2786 6668 5352 7015 5839 5936 5491 5865 6206 7449 5219 3069 3858 1310 4739 7804 6469 1354 4904 2650 6992 4906 4869 4969 3738 2611 6649 5049 4572 5612 6489 5782 6873 3608 5277 5551 6658 4835 6654 4421 5531 6851 6257 4246 1877 5857 4762 
23 3000 2199 4768 4866 4591 5363 4338 4389 3479 5214 271 4846 3480 3919 4039 2647 6379 4761 3351 2751 1231 5037 4640 0 5907 5264 4245 5661 811 4265 2212 6274 5518 2251 3906 1041 3789 5256 2419 655 5464 3615 4807 4097 4112 5844 6527 3401 3865 5750 2826 3666 2548 2138 5147 4285 4350 5764 5241 4238 6324 1286 1570 4465 2181 5601 1351 4671 4854 5924 5107 4709 6506 4879 5505 3746 2419 3986 4690 2094 2905 415 945 6388 4678 6035 3133 3345 5384 2812 2336 217 2048 6052 1314 2290 6240 6318 2768 7033 2135 
24 3000 3968 5107 1592 2469 5684 2925 2485 3403 4833 5637 4866 2652 2358 5202 6499 6590 3389 3663 6327 4903 4176 3755 5907 0 663 1929 246 5648 1912 3720 2165 391 4137 4523 6931 3373 5120 4960 5546 4911 6275 4867 1858 2632 918 3502 2688 2789 4268 4517 3800 4685 4774 1009 5079 3314 4430 3203 4128 1980 7133 7259 6088 4922 697 4573 2454 2167 5463 4153 2406 1169 1231 4587 3330 4384 3189 1411 4195 6230 6276 5225 2103 4515 2544 6373 2704 2361 4804 6847 6000 7346 756 5996 7383 3053 505 4062 2150 4506 
25 3000 3382 4596 1344 2218 5206 2382 1928 2967 4377 4995 4370 1991 1890 4630 5848 6162 2914 3223 5681 4290 3722 3528 5264 663 0 1287 424 4988 1271 3067 2106 278 3474 3949 6282 2776 4656 4308 4922 4479 5660 4368 1281 2040 912 3337 2133 2173 3906 4039 3414 4036 4115 786 4527 2781 4061 2809 3585 1970 6480 6599 5524 4265 822 3923 2223 1693 5055 3709 2184 1465 877 4176 2727 3727 2608 780 3618 5588 5628 4567 2093 4011 2367 5738 2040 2024 4165 6188 5351 6682 953 5332 6720 2873 1059 3560 2354 3845 
26 3000 2711 3461 1999 2633 4120 1271 842 2843 3347 3986 3266 780 1890 3399 4570 5147 1921 3053 4397 3449 2723 3820 4245 1929 1287 0 1706 3855 19 2046 2182 1564 2253 2720 5221 1529 3606 3031 4013 3494 4379 3257 1177 832 1611 2980 1772 908 3089 3691 3368 2756 2860 1727 3327 1665 3220 2019 2416 2172 5391 5461 4298 3002 2008 2896 2677 945 4097 2731 2659 2267 1594 3242 1472 2462 1394 520 2965 4302 4573 3452 2261 2903 2141 4450 900 1533 2877 4932 4299 5479 1843 4135 5494 2547 2209 3176 2829 2605 
27 3000 3729 4948 1427 2314 5540 2749 2302 3198 4697 5391 4713 2416 2142 5016 6272 6467 3242 3458 6103 4660 4040 3613 5661 246 424 1706 0 5402 1690 3473 2170 147 3898 4336 6684 3174 4981 4732 5301 4785 6068 4713 1617 2434 908 3476 2453 2580 4169 4303 3610 4459 4540 833 4902 3143 4329 3088 3954 2000 6886 7013 5906 4690 623 4326 2305 2016 5348 4021 2259 1290 1030 4469 3128 4152 2997 1192 3958 6009 6030 4980 2125 4359 2508 6156 2463 2264 4584 6613 5753 7104 818 5753 7143 3019 714 3842 2252 4270 
28 3000 2346 3976 4799 4673 4559 3745 3861 3682 4442 776 4067 3074 3900 3237 1926 5569 4101 3607 1996 1581 4305 4939 811 5648 4988 3855 5402 0 3875 1949 5755 5256 1673 3142 1436 3162 4471 1633 1281 4691 2822 4028 3929 3585 5466 5884 3357 3337 5024 3256 3968 1792 1395 4991 3490 3705 5027 4599 3507 5828 1555 1612 3654 1409 5431 1171 4753 4344 5134 4378 4784 6118 4732 4753 3129 1731 3375 4339 2328 2130 872 430 5880 3918 5470 2364 2974 4834 2034 1747 681 1791 5696 617 1935 5629 6017 3076 6555 1459 
29 3000 2727 3469 1994 2633 4126 1275 844 2852 3351 4005 3272 800 1895 3410 4588 5152 1923 3063 4415 3467 2726 3825 4265 1912 1271 19 1690 3875 0 2066 2166 1547 2272 2731 5240 1541 3611 3049 4032 3497 4393 3263 1180 840 1591 2970 1783 921 3088 3704 3377 2773 2879 1717 3337 1670 3219 2016 2424 2155 5411 5480 4309 3021 1995 2916 2677 936 4100 2733 2659 2247 1586 3244 1484 2481 1404 502 2981 4319 4593 3472 2244 2909 2128 4466 919 1522 2894 4951 4319 5499 1824 4154 5513 2536 2190 3188 2811 2623 
30 3000 1120 3717 2882 2894 4422 2417 2332 2180 3944 1948 3667 1308 2042 3225 3261 5532 2999 2226 3181 1467 3536 3497 2212 3720 3067 2046 3473 1949 2066 0 4153 3329 927 2746 3217 2026 4097 1922 1975 4172 3593 3638 1981 2071 3634 4627 1501 1845 4172 2370 2632 1771 1556 3043 3339 2574 4238 3391 2825 4179 3413 3548 4002 1732 3482 861 2972 2753 4744 3587 2993 4296 2786 4081 1958 1380 2150 2478 1321 3184 2563 1520 4253 3375 3986 3399 1151 3327 2068 3404 2286 3711 3840 2383 3803 4273 4114 1935 4865 1266 
31 3000 4894 3679 3447 4306 4084 2069 1894 4879 3222 6030 3399 2846 3821 4064 5936 4796 2066 5115 5711 5599 2626 5610 6274 2165 2106 2182 2170 5755 2166 4153 0 2152 4082 3474 7180 2686 3511 4524 6126 3213 5340 3417 3094 2171 1261 1365 3871 2419 2425 5830 5375 4248 4511 2890 3841 2274 2592 1620 2965 222 7310 7298 4834 4601 2792 4960 4318 1419 3664 2572 4281 1234 2972 2853 2694 4106 2454 1971 5148 5551 6556 5397 158 3117 527 5622 3016 952 4219 6442 6293 7168 1420 5892 7107 956 1907 5319 880 4337 
32 3000 3600 4833 1371 2259 5432 2627 2177 3103 4593 5249 4601 2269 2038 4888 6127 6370 3135 3361 5958 4525 3937 3565 5518 391 278 1564 147 5256 1547 3329 2152 0 3751 4207 6540 3041 4876 4587 5164 4686 5931 4600 1489 2302 900 3435 2330 2443 4086 4199 3526 4314 4393 779 4778 3023 4244 2998 3832 1993 6742 6867 5780 4543 656 4182 2255 1908 5254 3920 2211 1350 946 4375 2993 4006 2867 1051 3831 5866 5886 4834 2117 4245 2464 6014 2315 2186 4441 6466 5609 6957 856 5606 6996 2975 833 3732 2292 4123 
33 3000 1999 2893 3592 3738 3582 2091 2188 3105 3199 2038 2883 1488 2855 2335 2467 4684 2522 3152 2350 2007 2891 4419 2251 4137 3474 2253 3898 1673 2272 927 4082 3751 0 1927 3101 1539 3315 1017 2284 3440 2677 2849 2619 1912 3847 4277 2339 1664 3581 3241 3558 845 692 3635 2479 2104 3619 2992 2117 4156 3228 3241 3082 866 4038 1131 3813 2671 3980 2954 3828 4487 3401 3407 1495 453 1735 2761 2162 2322 2490 1329 4207 2631 3805 2524 1439 3164 1141 2726 2236 3226 4091 1883 3247 3990 4457 2837 4885 394 
34 3000 3866 972 4646 5090 1676 1610 2038 4780 1310 3758 962 2343 4210 681 2565 2787 1411 4885 2320 3923 1221 6034 3906 4523 3949 2720 4336 3142 2731 2746 3474 4207 1927 0 4497 1191 1392 1517 4111 1559 1869 927 3687 1911 3867 3048 3809 1815 1933 5116 5284 1358 1768 4445 638 1257 1910 1903 519 3637 4521 4352 1578 1732 4720 3037 5153 2416 2061 1300 5151 4361 4291 1614 1254 1560 1341 3178 4056 2133 4011 2977 3630 776 3013 2170 2465 2563 1114 3150 3817 4014 4149 2974 3874 2947 4650 4673 4354 1832 
35 3000 3227 5256 5907 5615 5773 5181 5286 4476 5768 1310 5381 4445 4958 4486 2633 6704 5530 4330 2817 2237 5692 5581 1041 6931 6282 5221 6684 1436 5240 3217 7180 6540 3101 4497 0 4598 5763 2982 1587 6016 3764 5341 5132 5009 6829 7315 4442 4761 6412 3717 4618 3182 2805 6185 4763 5139 6403 6031 4899 7247 293 733 4727 2789 6639 2358 5694 5765 6410 5766 5733 7488 5918 6111 4565 3161 4811 5683 3103 3018 654 1785 7302 5271 6904 3212 4324 6265 3385 2114 931 1428 7047 1544 1745 7064 7331 3733 7968 2893 
36 3000 3097 2002 3466 3957 2697 616 926 3791 2036 3578 1854 1218 3098 1869 3294 3780 994 3933 3086 3432 1535 4983 3789 3373 2776 1529 3174 3162 1541 2026 2686 3041 1539 1191 4598 0 2248 1839 3800 2237 2908 1835 2524 740 2797 2738 2754 623 2146 4311 4315 1562 1841 3253 1808 568 2217 1452 957 2801 4696 4643 2768 1919 3534 2614 4016 1384 2839 1578 4010 3357 3101 2090 77 1448 231 1999 3324 2951 4010 2857 2828 1505 2334 3061 1374 1735 1555 3767 3765 4482 3074 3226 4422 2466 3547 3825 3543 1705 
37 3000 5215 511 5605 6177 576 2335 2782 6030 292 5125 432 3464 5336 1292 3498 1545 1742 6161 3246 5315 944 7231 5256 5120 4656 3606 4981 4471 3611 4097 3511 4876 3315 1392 5763 2248 0 2839 5495 366 2454 465 4720 2785 4306 2570 5003 2800 1188 6461 6550 2723 3135 5290 1001 1941 1053 1959 1303 3719 5751 5523 1570 3075 5475 4429 6231 2967 671 974 6221 4639 5190 700 2325 2951 2275 3956 5416 3026 5326 4343 3666 744 2985 2959 3623 2815 2445 4139 5151 5077 4577 4220 4878 2691 5114 6000 4327 3220 
38 3000 2918 2349 4572 4754 2959 2455 2715 4100 2809 2299 2433 2337 3867 1635 1539 4009 2638 4130 1381 2664 2711 5418 2419 4960 4308 3031 4732 1633 3049 1922 4524 4587 1017 1517 2982 1839 2839 0 2708 3058 1672 2394 3586 2467 4538 4412 3356 2247 3431 4121 4534 282 392 4565 1868 2295 3421 3156 1925 4640 3017 2885 2212 255 4943 1806 4828 3198 3505 2787 4842 5141 4346 3132 1836 609 2071 3551 3041 1322 2497 1525 4667 2293 4153 1513 2342 3572 403 1939 2313 2652 4803 1476 2583 4219 5225 3763 5382 656 
39 3000 1673 5027 4392 4042 5663 4296 4279 2889 5419 516 5071 3284 3432 4341 3202 6717 4793 2743 3277 671 5166 4009 655 5546 4922 4013 5301 1281 4032 1975 6126 5164 2284 4111 1587 3800 5495 2708 0 5666 4084 5034 3700 4008 5575 6515 2941 3770 5863 2176 3039 2776 2368 4724 4560 4369 5896 5242 4379 6154 1864 2199 4863 2454 5182 1192 4120 4718 6166 5231 4161 6237 4455 5667 3746 2560 3974 4416 1526 3408 1045 1190 6228 4863 5938 3643 3125 5280 3072 2952 868 2703 5763 1871 2944 6191 5982 2148 6838 2281 
40 3000 5282 823 5489 6101 888 2226 2655 6027 249 5318 636 3431 5280 1589 3818 1683 1583 6171 3565 5447 771 7196 5464 4911 4479 3494 4785 4691 3497 4172 3213 4686 3440 1559 6016 2237 366 3058 5666 0 2801 676 4637 2694 4072 2218 4979 2741 838 6519 6552 2916 3328 5142 1288 1851 694 1715 1346 3426 6017 5806 1935 3285 5301 4567 6151 2786 608 772 6138 4369 5059 361 2315 3108 2227 3807 5493 3347 5556 4537 3366 809 2685 3293 3601 2573 2657 4454 5369 5383 4337 4476 5194 2363 4875 6045 4011 3385 
41 3000 4576 1985 6127 6387 2227 3434 3826 5772 2601 3596 2231 3806 5493 1317 1171 2990 3274 5801 953 4202 2897 7090 3615 6275 5660 4379 6068 2822 4393 3593 5340 5931 2677 1869 3764 2908 2454 1672 4084 2801 0 2195 5135 3646 5691 4794 4999 3487 3502 5753 6205 1840 2052 6041 1597 3113 3414 3750 2375 5506 3667 3339 1020 1884 6376 3407 6459 4247 2974 2973 6470 6213 5848 3051 2946 2236 3108 4879 4683 746 3518 2926 5497 2352 4871 572 3860 4431 1588 1804 3442 2766 5971 2326 2517 4761 6453 5419 6220 2329 
42 3000 4757 262 5250 5788 866 2001 2456 5597 435 4670 40 3054 4933 927 3163 1946 1484 5721 2909 4849 794 6813 4807 4867 4368 3257 4713 4028 3263 3638 3417 4600 2849 927 5341 1835 465 2394 5034 676 2195 0 4341 2426 4095 2640 4582 2415 1308 6005 6113 2267 2679 4965 624 1599 1219 1807 878 3614 5340 5130 1449 2626 5177 3963 5844 2700 1134 855 5836 4482 4850 859 1911 2487 1889 3640 4956 2694 4888 3888 3575 356 2902 2656 3206 2635 1995 3793 4707 4715 4372 3800 4533 2681 4902 5548 4267 2757 
43 3000 2111 4523 991 1464 5207 2413 2011 1785 4475 3826 4354 1355 740 4339 5085 6265 3083 2025 4958 3050 3871 2649 4097 1858 1281 1177 1617 3929 1180 1981 3094 1489 2619 3687 5132 2524 4720 3586 3700 4637 5135 4341 0 1943 2106 4089 852 1925 4265 2790 2283 3346 3308 1062 4320 2788 4394 3196 3472 3018 5351 5518 5230 3478 1509 2796 1513 2090 5245 3885 1501 2724 804 4402 2452 2977 2451 1132 2342 4909 4481 3499 3129 3995 3184 5093 1276 2641 3553 5323 4206 5690 2214 4354 5771 3638 2322 2297 3538 3013 
44 3000 2998 2628 2824 3407 3290 476 277 3435 2533 3874 2436 867 2599 2592 3974 4329 1159 3614 3778 3538 1929 4529 4112 2632 2040 832 2434 3585 840 2071 2171 2302 1912 1911 5009 740 2785 2467 4008 2694 3646 2426 1943 0 2084 2569 2356 248 2376 4126 3968 2185 2387 2555 2503 845 2490 1397 1584 2245 5140 5141 3489 2498 2811 2823 3457 761 3301 1945 3444 2673 2426 2467 699 1975 571 1267 3245 3656 4386 3226 2295 2073 1931 3779 1062 1275 2236 4406 4124 5057 2356 3750 5028 2202 2815 3618 2977 2185 
45 3000 4134 4344 2245 3126 4879 2261 1870 3854 4015 5582 4088 2392 2774 4532 6056 5738 2612 4105 5862 4976 3363 4436 5844 918 912 1611 908 5466 1591 3634 1261 900 3847 3867 6829 2797 4306 4538 5575 4072 5691 4095 2106 2084 0 2584 2950 2292 3389 4896 4315 4256 4417 1665 4374 2616 3554 2356 3425 1094 7002 7070 5393 4545 1531 4493 3129 1450 4604 3332 3088 662 1787 3736 2770 4009 2585 1159 4380 5739 6180 5064 1218 3751 1626 5858 2505 1499 4321 6471 5905 7067 281 5730 7065 2134 808 4404 1448 4180 
46 3000 5559 2889 4632 5443 3101 2220 2331 5821 2316 6315 2611 3418 4829 3477 5612 3615 1786 6034 5367 6089 1897 6716 6527 3502 3337 2980 3476 5884 2970 4627 1365 3435 4277 3048 7315 2738 2570 4412 6515 2218 4794 2640 4089 2569 2584 0 4753 2783 1382 6643 6344 4169 4517 4119 3199 2180 1526 1286 2543 1579 7393 7295 4082 4558 4090 5323 5468 2036 2528 1821 5437 2590 4153 1870 2782 4154 2546 2977 5809 5174 6741 5593 1472 2442 971 5188 3611 1452 4040 6194 6501 7032 2773 5878 6911 464 3272 6128 1939 4426 
47 3000 1296 4727 1465 1400 5434 2828 2507 1082 4787 3132 4602 1547 546 4405 4758 6529 3511 1281 4668 2275 4240 2232 3401 2688 2133 1772 2453 3357 1783 1501 3871 2330 2339 3809 4442 2754 5003 3356 2941 4979 4999 4582 852 2356 2950 4753 0 2251 4732 1963 1614 3159 3019 1792 4445 3150 4843 3726 3705 3815 4680 4893 5260 3195 2250 2186 1477 2716 5585 4268 1495 3575 1524 4792 2677 2764 2753 1904 1511 4656 3802 2931 3921 4259 3900 4862 1380 3305 3419 4901 3535 5147 3066 3852 5266 4319 3164 1459 4370 2719 
48 3000 2806 2600 2850 3377 3281 604 525 3320 2564 3629 2429 714 2540 2491 3765 4344 1270 3486 3575 3310 1991 4455 3865 2789 2173 908 2580 3337 921 1845 2419 2443 1664 1815 4761 623 2800 2247 3770 2741 3487 2415 1925 248 2292 2783 2251 0 2496 3960 3851 1964 2150 2629 2430 899 2598 1574 1548 2492 4892 4896 3391 2267 2916 2582 3431 1007 3350 2017 3423 2896 2478 2541 563 1739 526 1393 3049 3461 4138 2978 2543 2070 2173 3593 903 1519 2035 4183 3876 4820 2560 3508 4796 2429 3001 3455 3223 1943 
49 3000 5237 1540 5031 5721 1725 1904 2257 5809 942 5573 1274 3210 4958 2209 4425 2376 1225 5981 4172 5554 719 6894 5750 4268 3906 3089 4169 5024 3088 4172 2425 4086 3581 1933 6412 2146 1188 3431 5863 838 3502 1308 4265 2376 3389 1382 4732 2496 0 6434 6342 3234 3628 4622 1912 1621 168 1102 1516 2643 6447 6285 2721 3625 4724 4705 5763 2251 1240 645 5744 3618 4575 488 2216 3332 2049 3310 5467 3965 5897 4805 2573 1197 1900 3946 3398 1907 3031 5040 5684 5933 3640 4901 5774 1537 4177 5937 3193 3617 
50 3000 1250 6088 3013 2336 6792 4564 4330 1142 6297 2632 6034 3260 2161 5576 5115 7902 5218 889 5123 1676 5846 1886 2826 4517 4039 3691 4303 3256 3704 2370 5830 4199 3241 5116 3717 4311 6461 4121 2176 6519 5753 6005 2790 4126 4896 6643 1963 3960 6434 0 985 4044 3728 3528 5705 4812 6520 5524 5176 5778 4006 4370 6306 3883 3953 2348 2400 4615 7101 5890 2451 5502 3287 6400 4237 3682 4385 3867 1083 5197 3221 2952 5883 5732 5832 5432 3065 5215 4358 5003 3033 4871 4990 3871 5097 6226 5016 515 6328 3491 
51 3000 1663 6235 2223 1434 6946 4437 4122 532 6350 3442 6137 3139 1554 5825 5718 8053 5118 406 5688 2447 5828 976 3666 3800 3414 3368 3610 3968 3377 2632 5375 3526 3558 5284 4618 4315 6550 4534 3039 6552 6205 6113 2283 3968 4315 6344 1614 3851 6342 985 0 4401 4152 2790 5907 4746 6449 5341 5246 5291 4900 5234 6628 4322 3175 2907 1486 4313 7154 5860 1540 4870 2581 6383 4238 4012 4338 3415 1640 5729 4076 3608 5404 5806 5461 5957 2958 4892 4700 5695 3860 5678 4362 4564 5876 5901 4305 901 5763 3879 
52 3000 2818 2251 4335 4550 2896 2179 2432 3950 2667 2403 2305 2074 3659 1589 1814 3972 2388 3996 1645 2662 2515 5264 2548 4685 4036 2756 4459 1792 2773 1771 4248 4314 845 1358 3182 1562 2723 282 2776 2916 1840 2267 3346 2185 4256 4169 3159 1964 3234 4044 4401 0 411 4310 1788 2033 3235 2904 1719 4362 3235 3126 2262 393 4682 1782 4624 2917 3394 2588 4636 4858 4095 2962 1557 396 1794 3276 2960 1570 2664 1621 4390 2130 3884 1746 2089 3297 317 2221 2462 2922 4522 1709 2861 3963 4945 3661 5104 556 
53 3000 2528 2660 4284 4420 3297 2451 2650 3726 3078 1991 2717 2124 3541 1981 1776 4364 2731 3749 1657 2284 2911 5046 2138 4774 4115 2860 4540 1395 2879 1556 4511 4393 692 1768 2805 1841 3135 392 2368 3328 2052 2679 3308 2387 4417 4517 3019 2150 3628 3728 4152 411 0 4315 2192 2353 3634 3239 2112 4610 2876 2802 2599 176 4710 1418 4495 3140 3805 2983 4512 5039 4086 3368 1822 411 2067 3378 2649 1637 2268 1210 4647 2539 4175 1846 2102 3566 705 2073 2058 2670 4673 1385 2649 4288 5068 3373 5350 300 
54 3000 3088 5178 594 1482 5821 2964 2511 2403 5019 4876 4972 2243 1387 5121 6087 6818 3560 2663 5945 4062 4375 2786 5147 1009 786 1727 833 4991 1717 3043 2890 779 3635 4445 6185 3253 5290 4565 4724 5142 6041 4965 1062 2555 1665 4119 1792 2629 4622 3528 2790 4310 4315 0 5054 3366 4772 3519 4139 2746 6408 6581 6021 4479 458 3857 1476 2375 5732 4370 1432 2122 268 4857 3192 3960 3121 1335 3297 5880 5536 4561 2870 4609 3151 6051 2222 2775 4486 6356 5262 6749 1635 5409 6824 3655 1514 3089 3071 4025 
55 3000 4455 492 5273 5728 1111 2153 2600 5407 1056 4167 663 2979 4848 303 2538 2205 1799 5506 2285 4436 1304 6668 4285 5079 4527 3327 4902 3490 3337 3339 3841 4778 2479 638 4763 1808 1001 1868 4560 1288 1597 624 4320 2503 4374 3199 4445 2430 1912 5705 5907 1788 2192 5054 0 1767 1835 2223 952 4024 4750 4525 1019 2113 5313 3549 5790 2932 1649 1378 5788 4824 4909 1481 1875 2070 1933 3766 4634 2070 4337 3389 4000 759 3346 2036 3103 2985 1488 3170 4171 4095 4655 3219 3909 3188 5171 5273 4711 2318 
56 3000 3620 1817 3664 4250 2457 402 858 4216 1688 4142 1606 1607 3431 1915 3662 3484 427 4377 3437 3996 1093 5352 4350 3314 2781 1665 3143 3705 1670 2574 2274 3023 2104 1257 5139 568 1941 2295 4369 1851 3113 1599 2788 845 2616 2180 3150 899 1621 4812 4746 2033 2353 3366 1767 0 1712 894 815 2419 5225 5151 2782 2411 3584 3183 4301 1167 2459 1118 4289 3104 3254 1642 625 1977 428 2042 3853 3277 4561 3413 2426 1243 1865 3355 1789 1333 1961 4181 4320 4947 2898 3731 4864 1935 3407 4316 3151 2246 
57 3000 5314 1437 5173 5853 1575 2015 2383 5917 827 5594 1183 3312 5081 2136 4364 2208 1332 6084 4111 5603 729 7015 5764 4430 4061 3220 4329 5027 3219 4238 2592 4244 3619 1910 6403 2217 1053 3421 5896 694 3414 1219 4394 2490 3554 1526 4843 2598 168 6520 6449 3235 3634 4772 1835 1712 0 1253 1526 2811 6431 6258 2605 3622 4880 4747 5896 2398 1072 664 5878 3786 4720 366 2289 3352 2135 3455 5541 3900 5900 4821 2740 1152 2068 3872 3498 2069 3018 4985 5692 5888 3806 4884 5722 1700 4343 6027 3356 3637 
58 3000 4380 2068 3932 4640 2535 977 1219 4809 1667 5031 1793 2264 3906 2455 4443 3388 520 4998 4206 4840 1029 5839 5241 3203 2809 2019 3088 4599 2016 3391 1620 2998 2992 1903 6031 1452 1959 3156 5242 1715 3750 1807 3196 1397 2356 1286 3726 1574 1102 5524 5341 2904 3239 3519 2223 894 1253 0 1385 1810 6115 6030 3214 3288 3630 4052 4680 1150 2260 987 4658 2685 3474 1384 1499 2870 1268 2210 4624 4028 5455 4307 1779 1498 1124 4074 2458 858 2799 4995 5214 5798 2623 4610 5696 1066 3161 5015 2488 3140 
59 3000 3937 1051 4395 4913 1740 1205 1656 4727 1120 4068 897 2176 4056 1117 3076 2824 899 4857 2834 4120 799 5936 4238 4128 3585 2416 3954 3507 2424 2825 2965 3832 2117 519 4899 957 1303 1925 4379 1346 2375 878 3472 1584 3425 2543 3705 1548 1516 5176 5246 1719 2112 4139 952 815 1526 1385 0 3134 4942 4800 1968 2110 4380 3248 4970 1981 1925 870 4964 3890 4009 1290 1033 1827 1027 2833 4147 2650 4380 3295 3122 560 2498 2689 2328 2069 1531 3651 4169 4496 3706 3400 4368 2429 4220 4707 3844 2112 
60 3000 4877 3876 3314 4183 4294 2186 1971 4802 3430 6077 3598 2870 3736 4239 6073 5016 2237 5043 5852 5613 2825 5491 6324 1980 1970 2172 2000 5828 2155 4179 222 1993 4156 3637 7247 2801 3719 4640 6154 3426 5506 3614 3018 2245 1094 1579 3815 2492 2643 5778 5291 4362 4610 2746 4024 2419 2811 1810 3134 0 7384 7385 5023 4707 2623 4999 4192 1484 3882 2773 4153 1014 2844 3067 2804 4202 2569 1911 5130 5696 6617 5462 124 3308 743 5773 3032 1085 4346 6566 6351 7275 1228 5987 7223 1177 1700 5270 741 4425 
61 3000 3484 5241 6146 5876 5732 5289 5416 4748 5771 1550 5381 4612 5202 4465 2513 6633 5607 4607 2714 2503 5728 5865 1286 7133 6480 5391 6886 1555 5411 3413 7310 6742 3228 4521 293 4696 5751 3017 1864 6017 3667 5340 5351 5140 7002 7393 4680 4892 6447 4006 4900 3235 2876 6408 4750 5225 6431 6115 4942 7384 0 464 4650 2842 6860 2562 5955 5899 6389 5804 5993 7658 6143 6128 4667 3250 4914 5863 3370 2924 877 1939 7435 5290 7016 3105 4500 6385 3416 1955 1147 1188 7225 1547 1512 7158 7524 4012 8111 2991 
62 3000 3751 5012 6354 6140 5464 5249 5414 5048 5565 1812 5171 4680 5427 4232 2169 6324 5515 4922 2389 2802 5571 6206 1570 7259 6599 5461 7013 1612 5480 3548 7298 6867 3241 4352 733 4643 5523 2885 2199 5806 3339 5130 5518 5141 7070 7295 4893 4896 6285 4370 5234 3126 2802 6581 4525 5151 6258 6030 4800 7385 464 0 4342 2741 7026 2725 6220 5902 6145 5648 6256 7719 6319 5942 4622 3198 4868 5949 3661 2606 1158 2033 7429 5108 6977 2768 4585 6360 3270 1570 1390 730 7304 1419 1058 7086 7629 4337 8119 2960 
63 3000 5077 1193 6203 6595 1237 3162 3604 6153 1779 4406 1475 3875 5703 899 2185 1983 2813 6222 1954 4874 2235 7449 4465 6088 5524 4298 5906 3654 4309 4002 4834 5780 3082 1578 4727 2768 1570 2212 4863 1935 1020 1449 5230 3489 5393 4082 5260 3391 2721 6306 6628 2262 2599 6021 1019 2782 2605 3214 1968 5023 4650 4342 0 2464 6299 4017 6661 3949 2001 2301 6664 5840 5862 2239 2828 2632 2918 4756 5223 1735 4421 3674 4993 1717 4329 1589 3976 3998 1948 2823 4311 3785 5674 3232 3538 4129 6189 5918 5697 2816 
64 3000 2692 2590 4455 4596 3210 2534 2757 3899 3035 2053 2664 2277 3717 1886 1609 4264 2775 3919 1484 2410 2905 5219 2181 4922 4265 3002 4690 1409 3021 1732 4601 4543 866 1732 2789 1919 3075 255 2454 3285 1884 2626 3478 2498 4545 4558 3195 2267 3625 3883 4322 393 176 4479 2113 2411 3622 3288 2110 4707 2842 2741 2464 0 4870 1558 4672 3245 3744 2979 4688 5162 4252 3343 1907 540 2149 3522 2806 1460 2279 1276 4740 2508 4251 1669 2262 3652 630 1930 2085 2567 4805 1321 2529 4345 5208 3536 5448 476 
65 3000 3546 5402 952 1801 6021 3182 2727 2818 5196 5330 5181 2607 1833 5401 6475 6984 3733 3078 6324 4521 4543 3069 5601 697 822 2008 623 5431 1995 3482 2792 656 4038 4720 6639 3534 5475 4943 5182 5301 6376 5177 1509 2811 1531 4090 2250 2916 4724 3953 3175 4682 4710 458 5313 3584 4880 3630 4380 2623 6860 7026 6299 4870 0 4305 1779 2514 5877 4530 1729 1865 727 4998 3479 4344 3382 1547 3754 6250 5989 5002 2748 4821 3120 6413 2608 2832 4842 6764 5715 7180 1427 5836 7248 3631 1177 3527 2844 4425 
66 3000 1245 3989 3636 3506 4660 3104 3096 2565 4324 1089 3998 2138 2729 3369 2811 5748 3608 2523 2794 887 4021 3858 1351 4573 3923 2896 4326 1171 2916 861 4960 4182 1131 3037 2358 2614 4429 1806 1192 4567 3407 3963 2796 2823 4493 5323 2186 2582 4705 2348 2907 1782 1418 3857 3549 3183 4747 4052 3248 4999 2562 2725 4017 1558 4305 0 3586 3545 5097 4082 3616 5154 3594 4538 2559 1482 2784 3338 1297 2854 1704 751 5068 3758 4755 3088 1997 4098 2099 2811 1427 2963 4701 1704 3097 5000 4973 2054 5699 1233 
67 3000 2472 6018 885 80 6710 3926 3518 1294 5988 4414 5859 2811 966 5784 6232 7775 4594 1522 6145 3457 5385 1310 4671 2454 2223 2677 2305 4753 2677 2972 4318 2255 3813 5153 5694 4016 6231 4828 4120 6151 6459 5844 1513 3457 3129 5468 1477 3431 5763 2400 1486 4624 4495 1476 5790 4301 5896 4680 4970 4192 5955 6220 6661 4672 1779 3586 0 3546 6758 5398 53 3596 1348 5914 3942 4232 3957 2506 2594 6132 5085 4338 4314 5502 4518 6337 2690 4050 4873 6356 4833 6541 3111 5282 6684 5005 2951 2092 4547 4196 
68 3000 3575 2939 2783 3511 3524 813 490 3788 2685 4612 2699 1459 2821 3082 4678 4469 1226 3998 4471 4213 2030 4739 4854 2167 1693 945 2016 4344 936 2753 1419 1908 2671 2416 5765 1384 2967 3198 4718 2786 4247 2700 2090 761 1450 2036 2716 1007 2251 4615 4313 2917 3140 2375 2932 1167 2398 1150 1981 1484 5899 5902 3949 3245 2514 3545 3546 0 3366 2016 3523 1975 2324 2488 1371 2730 1160 1060 3828 4334 5138 3980 1537 2347 1245 4439 1642 601 2937 5136 4874 5810 1732 4509 5772 1611 2239 4100 2216 2945 
69 3000 5860 1159 6089 6708 767 2832 3257 6630 806 5794 1099 4038 5889 1924 4074 1138 2180 6770 3825 5982 1374 7804 5924 5463 5055 4097 5348 5134 4100 4744 3664 5254 3980 2061 6410 2839 671 3505 6166 608 2974 1134 5245 3301 4604 2528 5585 3350 1240 7101 7154 3394 3805 5732 1649 2459 1072 2260 1925 3882 6389 6145 2001 3744 5877 5097 6758 3366 0 1367 6745 4857 5656 879 2916 3622 2834 4399 6066 3602 5986 5013 3811 1369 3140 3511 4207 3107 3113 4720 5816 5670 4862 4866 5455 2759 5400 6633 4414 3891 
70 3000 4673 1116 4721 5349 1548 1472 1889 5331 683 4933 833 2723 4543 1657 3830 2453 813 5487 3580 4941 79 6469 5107 4153 3709 2731 4021 4378 2733 3587 2572 3920 2954 1300 5766 1578 974 2787 5231 772 2973 855 3885 1945 3332 1821 4268 2017 645 5890 5860 2588 2983 4370 1378 1118 664 987 870 2773 5804 5648 2301 2979 4530 4082 5398 2016 1367 0 5383 3672 4289 524 1653 2691 1523 3035 4897 3379 5251 4163 2729 620 2052 3378 2902 1841 2388 4433 5039 5312 3603 4259 5164 1828 4140 5403 3414 2976 
71 3000 2509 6013 842 120 6702 3912 3501 1343 5977 4451 5851 2808 977 5785 6253 7766 4578 1572 6163 3497 5371 1354 4709 2406 2184 2659 2259 4784 2659 2993 4281 2211 3828 5151 5733 4010 6221 4842 4161 6138 6470 5836 1501 3444 3088 5437 1495 3423 5744 2451 1540 4636 4512 1432 5788 4289 5878 4658 4964 4153 5993 6256 6664 4688 1729 3616 53 3523 6745 5383 0 3550 1309 5899 3936 4244 3949 2479 2635 6149 5123 4368 4275 5493 4485 6353 2690 4023 4883 6381 4870 6573 3067 5310 6713 4974 2902 2140 4503 4212 
72 3000 4782 4739 2716 3604 5216 2784 2437 4432 4347 6244 4470 3046 3356 5007 6643 5994 3028 4688 6441 5636 3714 4904 6506 1169 1465 2267 1290 6118 2247 4296 1234 1350 4487 4361 7488 3357 4639 5141 6237 4369 6213 4482 2724 2673 662 2590 3575 2896 3618 5502 4870 4858 5039 2122 4824 3104 3786 2685 3890 1014 7658 7719 5840 5162 1865 5154 3596 1975 4857 3672 3550 0 2296 4017 3338 4629 3135 1821 5026 6308 6840 5719 1118 4153 1731 6414 3164 1848 4902 7079 6565 7700 512 6368 7688 2190 754 5018 984 4811 
73 3000 2820 5055 480 1340 5711 2855 2409 2171 4925 4609 4858 2042 1134 4963 5861 6727 3476 2431 5724 3794 4289 2650 4879 1231 877 1594 1030 4732 1586 2786 2972 946 3401 4291 5918 3101 5190 4346 4455 5059 5848 4850 804 2426 1787 4153 1524 2478 4575 3287 2581 4095 4086 268 4909 3254 4720 3474 4009 2844 6143 6319 5862 4252 727 3594 1348 2324 5656 4289 1309 2296 0 4786 3037 3739 2984 1265 3031 5665 5270 4302 2966 4495 3192 5840 2006 2769 4282 6117 4996 6495 1795 5158 6574 3688 1734 2839 3221 3794 
74 3000 5177 1071 5225 5867 1248 1991 2400 5854 460 5345 822 3247 5066 1783 4016 2003 1321 6009 3763 5407 556 6992 5505 4587 4176 3242 4469 4753 3244 4081 2853 4375 3407 1614 6111 2090 700 3132 5667 361 3051 859 4402 2467 3736 1870 4792 2541 488 6400 6383 2962 3368 4857 1481 1642 366 1384 1290 3067 6128 5942 2239 3343 4998 4538 5914 2488 879 524 5899 4017 4786 0 2166 3110 2045 3526 5397 3550 5623 4567 3006 839 2326 3516 3425 2237 2728 4642 5424 5554 3997 4581 5381 2002 4536 5916 3649 3393 
75 3000 3024 2076 3398 3883 2772 628 902 3713 2114 3532 1930 1142 3022 1928 3307 3856 1052 3855 3102 3370 1611 4906 3746 3330 2727 1472 3128 3129 1484 1958 2694 2993 1495 1254 4565 77 2325 1836 3746 2315 2946 1911 2452 699 2770 2782 2677 563 2216 4237 4238 1557 1822 3192 1875 625 2289 1499 1033 2804 4667 4622 2828 1907 3479 2559 3942 1371 2916 1653 3936 3338 3037 2166 0 1424 246 1948 3252 2971 3972 2817 2834 1582 2355 3087 1297 1745 1565 3770 3725 4473 3046 3207 4418 2501 3512 3750 3546 1675 
76 3000 2445 2506 3962 4158 3180 2051 2240 3556 2861 2241 2523 1743 3268 1905 2131 4274 2370 3606 1985 2370 2623 4869 2419 4384 3727 2462 4152 1731 2481 1380 4106 4006 453 1560 3161 1448 2951 609 2560 3108 2236 2487 2977 1975 4009 4154 2764 1739 3332 3682 4012 396 411 3960 2070 1977 3352 2870 1827 4202 3250 3198 2632 540 4344 1482 4232 2730 3622 2691 4244 4629 3739 3110 1424 0 1670 2982 2599 1932 2594 1474 4241 2303 3779 2121 1738 3163 688 2470 2365 3081 4267 1787 3058 3908 4668 3286 4941 284 
77 3000 3191 2078 3368 3903 2756 385 717 3809 2043 3770 1903 1205 3061 2022 3523 3818 849 3963 3312 3581 1490 4969 3986 3189 2608 1394 2997 3375 1404 2150 2454 2867 1735 1341 4811 231 2275 2071 3974 2227 3108 1889 2451 571 2585 2546 2753 526 2049 4385 4338 1794 2067 3121 1933 428 2135 1268 1027 2569 4914 4868 2918 2149 3382 2784 3957 1160 2834 1523 3949 3135 2984 2045 246 1670 0 1837 3425 3174 4217 3060 2596 1544 2108 3279 1379 1503 1784 3998 3969 4713 2864 3453 4654 2257 3344 3891 3311 1922 
78 3000 3006 3860 1723 2476 4492 1640 1184 2911 3684 4426 3645 1276 1870 3859 5090 5483 2225 3145 4916 3822 3039 3738 4690 1411 780 520 1192 4339 502 2478 1971 1051 2761 3178 5683 1999 3956 3551 4416 3807 4879 3640 1132 1267 1159 2977 1904 1393 3310 3867 3415 3276 3378 1335 3766 2042 3455 2210 2833 1911 5863 5949 4756 3522 1547 3338 2506 1060 4399 3035 2479 1821 1265 3526 1948 2982 1837 0 3256 4819 5032 3929 2017 3284 2055 4964 1364 1545 3393 5451 4756 5986 1363 4639 6007 2520 1695 3359 2495 3119 
79 3000 253 5028 2909 2516 5728 3648 3478 1387 5265 1848 4986 2391 1947 4497 4103 6835 4272 1282 4091 866 4848 2611 2094 4195 3618 2965 3958 2328 2981 1321 5148 3831 2162 4056 3103 3324 5416 3041 1526 5493 4683 4956 2342 3245 4380 5809 1511 3049 5467 1083 1640 2960 2649 3297 4634 3853 5541 4624 4147 5130 3370 3661 5223 2806 3754 1297 2594 3828 6066 4897 2635 5026 3031 5397 3252 2599 3425 3256 0 4151 2510 1970 5223 4697 5072 4383 2199 4427 3275 4056 2271 4057 4526 2924 4244 5419 4664 760 5750 2408 
80 3000 4073 2525 5894 6057 2886 3537 3874 5331 3124 2907 2734 3642 5176 1767 472 3718 3520 5332 223 3590 3300 6649 2905 6230 5588 4302 6009 2130 4319 3184 5551 5866 2322 2133 3018 2951 3026 1322 3408 3347 746 2694 4909 3656 5739 5174 4656 3461 3965 5197 5729 1570 1637 5880 2070 3277 3900 4028 2650 5696 2924 2606 1735 1460 6250 2854 6132 4334 3602 3379 6149 6308 5665 3550 2971 1932 3174 4819 4151 0 2785 2289 5703 2772 5119 237 3659 4610 1427 1117 2723 2071 6013 1599 1853 5079 6462 4903 6429 1936 
