FILE: 1211EuclS.txt
100 100 0 
1 3000 0 3371 2428 6086 3304 5178 4649 3313 3781 5143 1738 753 5821 6259 4784 909 6265 1699 5601 3320 3447 3839 2548 1679 6302 2971 1674 641 4294 5058 5025 5829 5957 2818 3730 1989 3614 333 5725 1069 3713 3846 4048 2271 829 2666 1890 3970 4904 4516 1001 3553 4372 6004 2004 5813 547 4262 6581 4556 4738 4347 1448 3301 4699 5476 7593 3774 4952 4218 2099 3122 4034 1447 3320 3502 2923 7126 4616 893 6064 5706 4394 2286 5622 6430 5335 1158 5909 1459 6587 1853 1821 4817 5797 5834 4730 4906 2685 6040 
2 3000 3371 0 3698 6885 2947 4895 4647 5559 1289 6399 1919 3461 7767 4861 1463 4133 5597 1899 3188 2004 2347 5410 873 4272 4859 4190 4661 2828 2599 5844 1776 4395 5555 2627 1315 3219 900 3559 6512 2403 4983 4662 5594 3899 2751 2022 3649 5682 6175 1454 3867 1277 5329 4200 4207 7558 3630 6227 5959 4285 1388 5162 4347 76 6322 6560 6684 1639 7020 1922 1276 2274 6359 2031 2810 3695 929 6327 3080 3569 6856 7170 3782 2673 7725 6452 6279 4105 4846 4142 6722 4070 1602 5577 5510 7563 6299 1941 4996 4866 
3 3000 2428 3698 0 3735 1505 2839 2278 1929 3219 2927 1967 3169 4085 4240 4645 2212 3961 3176 4323 2243 2104 1754 3300 1389 4300 592 1998 2680 2896 2674 4704 3881 3600 1329 3145 559 3318 2203 3361 2790 1428 1426 1955 352 2868 1777 573 2002 2686 4090 1709 2991 2004 4239 960 3917 2017 2529 4249 2276 4684 1945 3814 3625 2686 3198 5297 2959 3322 3281 2909 1861 2705 2918 1625 1243 2806 4818 2992 3316 3710 3621 2295 1035 4027 4005 3003 1799 3776 1478 4158 956 2952 2420 3423 3927 2680 4272 1485 3941 
4 3000 6086 6885 3735 0 3937 2382 2332 3341 5895 1140 5564 6840 2488 4044 7280 5604 2758 6864 5698 4916 4586 2356 6772 4580 4126 3148 5003 6409 4778 1076 7155 4087 2306 4296 5829 4276 6182 5811 380 6521 2373 2349 2177 3822 6601 4904 4210 2371 1318 6601 5187 5757 1730 4718 4139 2002 5598 2552 2695 2761 7385 1812 7349 6825 1859 731 3510 5507 2639 5553 6467 4611 3250 6623 4077 3199 5966 3138 4455 6978 29 1350 3325 4457 2824 1499 754 5159 3461 4780 1316 4269 6592 1345 2138 1968 1768 6515 3735 3646 
5 3000 3304 2947 1505 3937 0 2113 1745 3316 2044 3525 1956 3932 5068 2958 3497 3435 3074 3276 2821 1010 727 2757 2917 2823 3004 1658 3424 3271 1401 2905 3467 2541 2868 514 1972 1494 2278 3204 3566 3167 2253 1796 2900 1855 3395 1025 1925 3061 3318 2860 2937 1867 2440 2803 2446 4785 3084 3673 3419 1455 3573 2251 4750 2888 3582 3643 4363 1694 4439 1908 2701 674 4026 3105 157 773 2033 3918 1494 4089 3909 4318 1122 1018 5108 3618 3349 3098 2613 2855 3861 2409 2924 2641 2763 4783 3538 2935 2965 2737 
6 3000 5178 4895 2839 2382 2113 0 579 3768 3746 2602 4054 5877 4392 1884 5033 5051 1130 5385 3315 2898 2556 2736 5001 4166 1966 2477 4751 5273 2500 1723 4865 1786 780 2608 3689 3192 4083 5000 2099 5230 2298 1731 2730 3122 5422 3130 3412 2991 2517 4348 4548 3658 1837 2399 3689 3967 4831 3549 1410 659 5154 1625 6610 4848 3079 2471 2460 3349 4101 3302 4812 2702 4173 5202 2199 1678 4042 1979 2119 6032 2354 3333 1113 3007 4597 1558 2137 4632 1277 4293 1837 3742 5037 1596 650 3948 2991 4202 3775 1481 
7 3000 4649 4647 2278 2332 1745 579 0 3220 3583 2292 3624 5360 4060 2354 4949 4487 1708 4962 3479 2645 2305 2219 4662 3591 2432 1899 4173 4777 2448 1458 4823 2170 1322 2202 3519 2659 3889 4458 1993 4763 1753 1166 2236 2551 4935 2768 2851 2491 2164 4269 3987 3462 1379 2739 3112 3667 4283 3074 1975 437 5057 1151 6070 4593 2669 2247 3034 3190 3681 3220 4433 2389 3668 4763 1858 1176 3756 2551 2152 5514 2303 3071 996 2541 4226 1886 1913 4064 1769 3721 2117 3168 4631 1261 1149 3652 2589 4187 3201 1968 
8 3000 3313 5559 1929 3341 3316 3768 3220 0 5148 2214 3700 4017 2508 5548 6572 2569 4835 4661 6104 4160 3988 1098 5045 1635 5622 1664 1821 3835 4710 2600 6633 5292 4363 3244 5074 2342 5242 2984 3066 4121 1470 2058 1209 1667 4048 3703 1919 977 2022 6018 2311 4920 2046 5774 1426 2526 2765 980 5017 3463 6607 2199 4287 5484 1567 2618 6075 4881 1640 5182 4606 3774 802 4378 3459 2751 4700 5600 4708 4123 3328 2542 3746 2950 2324 4295 2634 2178 4982 1853 4313 1585 4548 2484 4145 2551 1634 6187 635 5177 
9 3000 3781 1289 3219 5895 2044 3746 3583 5148 0 5566 2051 4103 7098 3572 1458 4346 4355 2747 2012 1040 1329 4759 1839 4172 3570 3581 4679 3392 1331 4906 1485 3107 4354 1921 74 2881 388 3866 5536 3049 4274 3841 4917 3505 3393 1462 3372 5055 5362 872 3958 242 4481 2921 3965 6827 3862 5650 4715 3183 1529 4285 5020 1271 5615 5666 5405 397 6433 641 1994 1418 5915 2758 1888 2816 902 5059 1807 4239 5866 6362 2641 2222 7117 5300 5360 4184 3575 4103 5583 3862 2362 4650 4331 6825 5575 1146 4673 3586 
10 3000 5143 6399 2927 1140 3525 2602 2292 2214 5566 0 4866 5894 1789 4465 7009 4581 3354 6103 5766 4535 4237 1311 6156 3558 4548 2339 3933 5529 4630 881 6944 4387 2855 3772 5494 3486 5800 4848 935 5694 1499 1739 1110 2934 5730 4377 3322 1262 242 6353 4198 5392 1084 4991 3150 1375 4629 1416 3403 2716 7093 1286 6334 6333 727 409 4361 5202 1632 5338 5801 4183 2120 5844 3679 2751 5470 3931 4405 6023 1131 801 3239 3804 2014 2374 564 4142 3855 3769 2293 3293 5873 1032 2643 1359 632 6351 2653 4056 
11 3000 1738 1919 1967 5564 1956 4054 3624 3700 2051 4866 0 2163 6032 4763 3185 2318 5029 1338 3878 1644 1842 3721 1351 2352 4794 2536 2760 1447 2631 4488 3376 4307 4820 1448 1998 1423 1924 1815 5184 1239 3375 3219 3922 2086 1517 1044 1781 3961 4628 2827 1982 1819 3869 4391 2308 5882 1823 4452 5375 3395 3169 3755 3063 1843 4653 5103 6304 2037 5236 2482 941 1540 4502 1149 1906 2467 1238 5867 3007 2313 5538 5582 3071 1113 5944 5508 4872 2218 4509 2226 5725 2165 1028 4219 4704 5892 4648 3189 3110 4608 
12 3000 753 3461 3169 6840 3932 5877 5360 4017 4103 5894 2163 0 6521 6860 4919 1487 6947 1590 6023 3806 3980 4588 2591 2396 6898 3720 2287 719 4793 5810 5203 6417 6657 3428 4063 2706 3876 1050 6478 1072 4467 4591 4795 3023 719 3180 2640 4711 5655 4751 1720 3894 5125 6543 2748 6533 1271 4979 7270 5244 4849 5097 917 3400 5437 6229 8267 4163 5648 4609 2209 3663 4710 1430 3928 4199 3206 7806 5154 156 6817 6445 5043 2922 6304 7163 6089 1839 6545 2175 7326 2601 1860 5567 6505 6555 5471 5180 3399 6665 
13 3000 5821 7767 4085 2488 5068 4392 4060 2508 7098 1789 6032 6521 0 6251 8556 5057 5099 7113 7508 6058 5796 2359 7379 4143 6334 3578 4278 6336 6299 2670 8535 6177 4607 5207 7024 4611 7282 5493 2516 6603 2824 3297 2185 3949 6548 5774 4287 2086 1895 7928 4820 6901 2739 6778 3891 486 5274 1594 5107 4471 8623 2968 6731 7696 1486 1988 5989 6761 875 6954 6969 5682 1846 6835 5226 4318 6854 5596 6121 6623 2499 1147 4967 5095 407 3969 2295 4682 5642 4362 3804 4052 6960 2810 4403 522 1537 7981 3138 5842 
14 3000 6259 4861 4240 4044 2958 1884 2354 5548 3572 4465 4763 6860 6251 0 4437 6364 1358 5960 2156 3187 2929 4573 5279 5630 83 4060 6238 6173 2295 3583 4147 472 1742 3441 3547 4409 3960 6162 3840 6002 4096 3491 4588 4577 6272 3720 4770 4844 4395 3812 5858 3609 3710 864 5186 5811 6038 5420 1601 2088 4591 3491 7701 4840 4964 4289 1897 3236 5985 2950 5256 3223 6022 5856 2939 3003 4234 1665 1827 7017 4019 5159 1946 3974 6472 2731 3965 5996 610 5708 3034 5197 5570 3477 1906 5788 4875 3475 5451 408 
15 3000 4784 1463 4645 7280 3497 5033 4949 6572 1458 7009 3185 4919 8556 4437 0 5489 5464 3362 2384 2498 2773 6216 2336 5480 4410 5032 5936 4271 2532 6322 391 4019 5553 3372 1532 4262 1334 4942 6931 3855 5732 5292 6375 4913 4206 2868 4741 6512 6809 685 5168 1664 5926 3633 5328 8281 4987 7104 5810 4529 165 5724 5810 1521 7073 7092 6334 1807 7889 1734 2717 2876 7349 3489 3339 4265 1960 6059 2941 5030 7251 7807 3969 3624 8574 6554 6779 5403 4606 5382 6851 5211 3059 6071 5566 8280 7032 968 6070 4564 
16 3000 909 4133 2212 5604 3435 5051 4487 2569 4346 4581 2318 1487 5057 6364 5489 0 6174 2588 6008 3704 3753 3272 3358 1025 6417 2643 800 1547 4623 4635 5693 5967 5810 3017 4287 1955 4242 609 5263 1959 3257 3523 3471 1946 1739 3045 1640 3348 4351 5145 508 4107 3951 6231 1476 5095 503 3545 6461 4481 5461 3971 1753 4060 4056 4945 7509 4267 4181 4695 2893 3430 3231 2323 3491 3428 3556 7030 4873 1574 5585 5063 4432 2471 4827 6143 4850 447 5945 825 6262 1367 2661 4418 5629 5120 4102 5491 1976 6097 
17 3000 6265 5597 3961 2758 3074 1130 1708 4835 4355 3354 5029 6947 5099 1358 5464 6174 0 6334 3373 3679 3355 3767 5836 5296 1435 3607 5881 6319 3027 2503 5226 1565 501 3587 4311 4289 4727 6101 2607 6240 3372 2836 3728 4250 6455 4041 4533 3994 3335 4796 5669 4322 2824 2164 4819 4636 5939 4503 362 1709 5604 2642 7705 5561 3950 3111 1335 3972 4957 3806 5708 3570 5166 6175 3125 2769 4823 861 2561 7103 2736 3970 1960 4040 5363 1376 2811 5758 895 5422 1677 4871 5968 2474 720 4609 3854 4543 4885 1015 
18 3000 1699 1899 3176 6864 3276 5385 4962 4661 2747 6103 1338 1590 7113 5960 3362 2588 6334 0 4751 2773 3044 4889 1028 3095 5982 3766 3285 1066 3715 5789 3669 5493 6145 2776 2724 2617 2452 1978 6484 630 4604 4514 5097 3206 923 2296 2839 5096 5862 3270 2503 2578 5149 5487 3236 7018 2127 5519 6685 4725 3281 5052 2453 1844 5815 6368 7586 2909 6276 3335 753 2781 5444 283 3211 3804 1859 7161 4148 1684 6838 6782 4375 2442 6976 6846 6155 2722 5764 2905 7063 3076 396 5522 6035 7032 5822 3730 4031 5845 
19 3000 5601 3188 4323 5698 2821 3315 3479 6104 2012 5766 3878 6023 7508 2156 2384 6008 3373 4751 0 2305 2281 5388 3847 5579 2112 4440 6159 5304 1431 4936 2050 1815 3599 3070 2028 4212 2354 5620 5406 5002 4862 4282 5484 4670 5334 2967 4689 5694 5621 1855 5552 2173 4771 1301 5245 7136 5568 6317 3683 3051 2546 4540 6934 3194 6060 5722 4034 1864 7026 1422 3997 2591 6766 4741 2698 3368 2892 3821 1412 6167 5670 6550 2541 3580 7634 4646 5386 5751 2478 5574 4957 5189 4361 4738 3681 7123 5992 1423 5786 2378 
20 3000 3320 2004 2243 4916 1010 2898 2645 4160 1040 4535 1644 3806 6058 3187 2498 3704 3679 2773 2305 0 343 3723 2158 3344 3208 2558 3899 3091 987 3902 2497 2719 3585 915 967 1990 1271 3320 4549 2858 3234 2804 3878 2555 3157 662 2484 4021 4327 1882 3256 857 3450 2752 3069 5787 3263 4620 4040 2281 2568 3260 4698 1953 4575 4649 4864 722 5400 1052 2076 387 4912 2678 856 1783 1150 4464 1381 3957 4887 5328 1790 1326 6081 4453 4350 3462 3021 3313 4719 2987 2383 3640 3524 5786 4535 2029 3722 3086 
21 3000 3447 2347 2104 4586 727 2556 2305 3988 1329 4237 1842 3980 5796 2929 2773 3753 3355 3044 2281 343 0 3481 2482 3301 2956 2352 3878 3275 870 3582 2739 2468 3247 796 1258 1933 1595 3415 4222 3077 2980 2519 3627 2436 3359 801 2416 3783 4035 2132 3284 1172 3153 2564 2985 5510 3337 4392 3714 1938 2855 2956 4856 2296 4309 4337 4559 968 5163 1197 2370 326 4720 2928 570 1491 1488 4150 1174 4134 4557 5035 1449 1299 5834 4110 4034 3476 2724 3292 4376 2919 2659 3324 3183 5507 4265 2218 3589 2801 
22 3000 3839 5410 1754 2356 2757 2736 2219 1098 4759 1311 3721 4588 2359 4573 6216 3272 3767 4889 5388 3723 3481 0 5054 2248 4650 1220 2647 4248 4071 1514 6215 4363 3286 2853 4685 2302 4929 3540 2041 4441 525 1124 210 1684 4453 3415 2061 307 1078 5603 2887 4555 953 4891 1840 2163 3320 930 3933 2524 6277 1124 5025 5339 932 1674 4986 4436 1682 4664 4663 3341 1450 4621 2913 2049 4495 4513 3975 4716 2339 1897 2900 2741 2358 3201 1613 2832 3987 2457 3230 1986 4692 1386 3066 2172 932 5692 1383 4187 
23 3000 2548 873 3300 6772 2917 5001 4662 5045 1839 6156 1351 2591 7379 5279 2336 3358 5836 1028 3847 2158 2482 5054 0 3628 5290 3851 3951 1976 2985 5704 2641 4807 5720 2487 1833 2767 1498 2765 6392 1542 4682 4459 5251 3436 1886 1895 3130 5302 5922 2261 3148 1717 5124 4713 3640 7217 2861 5801 6196 4355 2259 4985 3474 816 5984 6365 7016 2080 6587 2467 470 2299 5847 1163 2811 3586 1045 6622 3452 2697 6744 6893 3917 2351 7295 6531 6112 3384 5169 3474 6778 3491 739 5433 5642 7227 5974 2732 4447 5221 
24 3000 1679 4272 1389 4580 2823 4166 3591 1635 4172 3558 2352 2396 4143 5630 5480 1025 5296 3095 5579 3344 3301 2248 3628 0 5690 1699 609 2209 4152 3620 5619 5268 4903 2508 4104 1367 4161 1353 4240 2522 2242 2554 2448 1059 2421 2736 897 2335 3326 5028 678 3930 2939 5607 483 4137 1132 2585 5563 3643 5483 2974 2777 4196 3053 3920 6625 4003 3275 4391 3165 3004 2376 2812 2915 2630 3523 6142 4315 2510 4560 4061 3685 2018 3952 5164 3826 584 5160 220 5269 433 3039 3410 4711 4160 3093 5301 1006 5328 
25 3000 6302 4859 4300 4126 3004 1966 2432 5622 3570 4548 4794 6898 6334 83 4410 6417 1435 5982 2112 3208 2956 4650 5290 5690 0 4127 6299 6208 2304 3666 4115 489 1824 3483 3546 4461 3958 6208 3923 6032 4172 3566 4667 4638 6305 3750 4826 4923 4477 3790 5911 3612 3790 814 5248 5894 6086 5500 1670 2160 4565 3570 7742 4839 5045 4373 1928 3239 6067 2943 5274 3254 6100 5881 2981 3066 4244 1714 1841 7054 4102 5243 2005 4018 6555 2809 4048 6051 693 5766 3111 5257 5590 3560 1989 5872 4957 3446 5520 492 
26 3000 2971 4190 592 3148 1658 2477 1899 1664 3581 2339 2536 3720 3578 4060 5032 2643 3607 3766 4440 2558 2352 1220 3851 1699 4127 0 2275 3260 3047 2096 5054 3748 3204 1660 3506 1149 3728 2722 2777 3381 840 885 1407 709 3452 2201 1080 1496 2098 4439 2163 3368 1418 4178 1217 3376 2522 2072 3866 1999 5086 1377 4317 4119 2139 2605 4930 3280 2860 3549 3475 2171 2369 3510 1805 1112 3276 4447 3051 3864 3124 3047 2159 1522 3555 3503 2412 2205 3543 1845 3635 1287 3535 1848 3011 3383 2125 4568 1405 3724 
27 3000 1674 4661 1998 5003 3424 4751 4173 1821 4679 3933 2760 2287 4278 6238 5936 800 5881 3285 6159 3899 3878 2647 3951 609 6299 2275 0 2290 4736 4095 6100 5878 5477 3091 4613 1951 4636 1347 4681 2671 2730 3103 2832 1663 2493 3272 1499 2675 3712 5521 802 4436 3429 6214 1065 4340 1165 2801 6140 4242 5926 3488 2467 4585 3357 4315 7205 4537 3403 4938 3481 3573 2442 3008 3512 3237 3975 6722 4914 2371 4986 4352 4293 2583 4036 5689 4257 569 5765 586 5775 1041 3300 3903 5280 4367 3411 5819 1280 5934 
28 3000 641 2828 2680 6409 3271 5273 4777 3835 3392 5529 1447 719 6336 6173 4271 1547 6319 1066 5304 3091 3275 4248 1976 2209 6208 3260 2290 0 4079 5354 4537 5725 6053 2760 3350 2166 3178 946 6038 443 4056 4102 4459 2599 212 2474 2209 4411 5287 4064 1555 3180 4679 5834 2457 6295 1128 4756 6650 4628 4211 4625 1632 2762 5141 5838 7627 3445 5475 3891 1554 2962 4585 831 3255 3604 2501 7173 4447 866 6385 6139 4390 2278 6159 6617 5668 1747 5878 1998 6798 2298 1236 5100 5911 6315 5164 4483 3201 5992 
29 3000 4294 2599 2896 4778 1401 2500 2448 4710 1331 4630 2631 4793 6299 2295 2532 4623 3027 3715 1431 987 870 4071 2985 4152 2304 3047 4736 4079 0 3871 2378 1823 3051 1644 1291 2786 1710 4277 4442 3839 3549 3009 4190 3240 4143 1628 3259 4379 4455 1847 4154 1326 3574 1775 3813 5966 4204 5001 3386 2017 2654 3353 5683 2571 4820 4658 4085 959 5742 803 2988 1194 5402 3642 1271 2022 1940 3730 480 4944 4749 5431 1453 2167 6383 4030 4332 4345 2247 4153 4323 3759 3320 3638 3046 5959 4762 1739 4366 2268 
30 3000 5058 5844 2674 1076 2905 1723 1458 2600 4906 881 4488 5810 2670 3583 6322 4635 2503 5789 4936 3902 3582 1514 5704 3620 3666 2096 4095 5354 3871 0 6226 3509 2002 3237 4837 3209 5173 4795 695 5454 1378 1274 1392 2787 5543 3847 3171 1643 832 5651 4193 4754 688 4117 3159 2245 4587 2050 2586 1893 6418 737 6362 5783 1451 790 3590 4526 2454 4615 5393 3579 2745 5549 3051 2149 4921 3139 3605 5952 1049 1622 2440 3382 2891 1700 460 4187 2973 3809 1715 3277 5516 270 1785 2226 1354 5609 2871 3175 
31 3000 5025 1776 4704 7155 3467 4865 4823 6633 1485 6944 3376 5203 8535 4147 391 5693 5226 3669 2050 2497 2739 6215 2641 5619 4115 5054 6100 4537 2378 6226 0 3745 5345 3399 1559 4358 1463 5164 6815 4133 5718 5249 6365 4989 4486 2943 4845 6515 6752 615 5348 1716 5866 3324 5437 8241 5195 7117 5566 4395 550 5657 6103 1826 7048 7005 6044 1778 7895 1610 2994 2883 7398 3777 3309 4221 2138 5788 2750 5319 7126 7745 3831 3703 8571 6362 6686 5580 4354 5535 6663 5328 3347 5983 5372 8238 7002 683 6155 4299 
32 3000 5829 4395 3881 4087 2541 1786 2170 5292 3107 4387 4307 6417 6177 472 4019 5967 1565 5493 1815 2719 2468 4363 4807 5268 489 3748 5878 5725 1823 3509 3745 0 1847 3010 3080 4013 3495 5743 3846 5544 3866 3255 4398 4225 5819 3263 4394 4647 4293 3380 5464 3139 3549 632 4836 5754 5625 5241 1868 1840 4169 3322 7266 4373 4832 4253 2325 2767 5848 2490 4786 2767 5812 5391 2510 2662 3762 2042 1355 6573 4060 5118 1595 3550 6372 2885 3920 5610 675 5335 3195 4837 5101 3371 1969 5734 4748 3066 5151 564 
33 3000 5957 5555 3600 2306 2868 780 1322 4363 4354 2855 4820 6657 4607 1742 5553 5810 501 6145 3599 3585 3247 3286 5720 4903 1824 3204 5477 6053 3051 2002 5345 1847 0 3371 4303 3969 4711 5774 2129 6005 2909 2397 3239 3871 6200 3873 4174 3505 2834 4874 5310 4293 2338 2475 4421 4147 5603 4006 665 1429 5686 2164 7386 5513 3449 2620 1735 3961 4456 3850 5553 3425 4674 5968 2942 2457 4735 1252 2613 6812 2283 3483 1802 3784 4866 1046 2315 5385 1184 5039 1357 4484 5791 1976 221 4121 3353 4666 4440 1354 
34 3000 2818 2627 1329 4296 514 2608 2202 3244 1921 3772 1448 3428 5207 3441 3372 3017 3587 2776 3070 915 796 2853 2487 2508 3483 1660 3091 2760 1644 3237 3399 3010 3371 0 1847 1141 2076 2738 3918 2653 2388 2035 3021 1650 2881 610 1621 3144 3551 2784 2531 1707 2702 3220 2190 4963 2634 3732 3930 1948 3427 2539 4259 2562 3735 3936 4877 1636 4518 1952 2232 532 4000 2597 501 1100 1698 4432 1856 3585 4268 4548 1636 548 5207 4087 3662 2712 3118 2508 4318 2124 2433 2967 3258 4965 3704 2944 2812 3236 
35 3000 3730 1315 3145 5829 1972 3689 3519 5074 74 5494 1998 4063 7024 3547 1532 4287 4311 2724 2028 967 1258 4685 1833 4104 3546 3506 4613 3350 1291 4837 1559 3080 4303 1847 0 2810 419 3811 5469 3013 4200 3768 4843 3432 3355 1390 3301 4981 5290 945 3895 179 4410 2908 3893 6753 3804 5576 4671 3121 1602 4214 4980 1293 5542 5596 5371 342 6359 636 1970 1344 5841 2728 1816 2744 870 5021 1770 4200 5799 6290 2582 2149 7043 5244 5290 4120 3538 4037 5526 3791 2337 4581 4277 6752 5502 1208 4600 3553 
36 3000 1989 3219 559 4276 1494 3192 2659 2342 2881 3486 1423 2706 4611 4409 4262 1955 4289 2617 4212 1990 1933 2302 2767 1367 4461 1149 1951 2166 2786 3209 4358 4013 3969 1141 2810 0 2928 1812 3900 2245 1987 1943 2505 680 2345 1420 495 2538 3245 3751 1450 2643 2548 4298 1086 4460 1655 3036 4598 2580 4287 2473 3418 3145 3234 3753 5622 2673 3825 3041 2363 1639 3140 2361 1569 1520 2360 5150 2970 2858 4251 4177 2481 667 4532 4462 3551 1603 3998 1371 4634 997 2395 2949 3808 4471 3232 3984 1808 4147 
37 3000 3614 900 3318 6182 2278 4083 3889 5242 388 5800 1924 3876 7282 3960 1334 4242 4727 2452 2354 1271 1595 4929 1498 4161 3958 3728 4636 3178 1710 5173 1463 3495 4711 2076 419 2928 0 3730 5817 2809 4461 4063 5097 3580 3159 1541 3407 5219 5588 904 3886 427 4716 3306 3996 7030 3748 5800 5088 3501 1365 4529 4791 884 5808 5920 5790 755 6589 1025 1709 1617 6024 2492 2126 3051 692 5440 2189 4005 6153 6589 2973 2292 7282 5641 5622 4118 3957 4073 5920 3881 2079 4912 4680 7031 5773 1304 4736 3971 
38 3000 333 3559 2203 5811 3204 5000 4458 2984 3866 4848 1815 1050 5493 6162 4942 609 6101 1978 5620 3320 3415 3540 2765 1353 6208 2722 1347 946 4277 4795 5164 5743 5774 2738 3811 1812 3730 0 5454 1350 3437 3604 3747 2015 1146 2658 1646 3661 4610 4634 674 3631 4107 5952 1700 5490 221 3938 6408 4392 4906 4094 1613 3487 4387 5188 7434 3825 4622 4264 2304 3089 3701 1713 3234 3332 3038 6962 4571 1175 5789 5395 4267 2194 5290 6207 5058 825 5787 1132 6353 1554 2058 4559 5608 5512 4421 5004 2359 5926 
39 3000 5725 6512 3361 380 3566 2099 1993 3066 5536 935 5184 6478 2516 3840 6931 5263 2607 6484 5406 4549 4222 2041 6392 4240 3923 2777 4681 6038 4442 695 6815 3846 2129 3918 5469 3900 5817 5454 0 6145 2017 1969 1876 3456 6228 4527 3844 2089 1062 6254 4836 5394 1358 4474 3792 2041 5242 2342 2593 2427 7033 1432 7003 6452 1660 563 3487 5150 2537 5208 6086 4240 3050 6244 3707 2823 5592 3082 4134 6617 354 1372 2990 4076 2815 1473 431 4816 3244 4437 1363 3918 6211 964 1940 2012 1563 6181 3424 3436 
40 3000 1069 2403 2790 6521 3167 5230 4763 4121 3049 5694 1239 1072 6603 6002 3855 1959 6240 630 5002 2858 3077 4441 1542 2522 6032 3381 2671 443 3839 5454 4133 5544 6005 2653 3013 2245 2809 1350 6145 0 4203 4185 4652 2763 353 2282 2380 4627 5452 3679 1902 2849 4793 5610 2711 6534 1507 5012 6580 4575 3790 4718 1983 2339 5354 5983 7529 3138 5752 3581 1139 2779 4891 388 3131 3588 2148 7085 4234 1197 6496 6339 4289 2224 6445 6630 5793 2112 5745 2322 6826 2550 802 5193 5876 6551 5369 4112 3487 5846 
41 3000 3713 4983 1428 2373 2253 2298 1753 1470 4274 1499 3375 4467 2824 4096 5732 3257 3372 4604 4862 3234 2980 525 4682 2242 4172 840 2730 4056 3549 1378 5718 3866 2909 2388 4200 1987 4461 3437 2017 4203 0 612 647 1457 4254 2969 1848 832 1258 5109 2821 4076 699 4382 1782 2578 3225 1455 3569 2026 5798 775 4989 4914 1347 1782 4635 3941 2195 4155 4313 2857 1951 4345 2410 1529 4059 4156 3449 4604 2351 2211 2380 2338 2855 2969 1622 2810 3521 2431 3045 1903 4376 1172 2694 2581 1317 5184 1558 3718 
42 3000 3846 4662 1426 2349 1796 1731 1166 2058 3841 1739 3219 4591 3297 3491 5292 3523 2836 4514 4282 2804 2519 1124 4459 2554 3566 885 3103 4102 3009 1274 5249 3255 2397 2035 3768 1943 4063 3604 1969 4185 612 0 1201 1594 4286 2642 1959 1423 1525 4648 3047 3660 668 3770 2072 2992 3406 2041 3063 1415 5370 537 5202 4597 1813 1908 4133 3487 2745 3659 4132 2446 2563 4274 1953 1028 3733 3649 2872 4737 2323 2526 1777 2119 3375 2620 1656 3081 2923 2714 2750 2159 4244 1009 2192 2989 1759 4685 2048 3119 
43 3000 4048 5594 1955 2177 2900 2730 2236 1209 4917 1110 3922 4795 2185 4588 6375 3471 3728 5097 5484 3878 3627 210 5251 2448 4667 1407 2832 4459 4190 1392 6365 4398 3239 3021 4843 2505 5097 3747 1876 4652 647 1201 0 1893 4664 3591 2271 265 882 5755 3092 4717 904 4941 2047 1969 3527 846 3876 2567 6440 1104 5224 5524 732 1482 4920 4588 1552 4802 4864 3499 1445 4829 3057 2173 4676 4452 4073 4923 2162 1687 2974 2930 2208 3091 1445 3032 3994 2659 3103 2194 4898 1296 3018 1976 726 5831 1558 4196 
44 3000 2271 3899 352 3822 1855 3122 2551 1667 3505 2934 2086 3023 3949 4577 4913 1946 4250 3206 4670 2555 2436 1684 3436 1059 4638 709 1663 2599 3240 2787 4989 4225 3871 1650 3432 680 3580 2015 3456 2763 1457 1594 1893 0 2798 2048 390 1894 2692 4378 1457 3273 2101 4590 611 3820 1813 2365 4526 2585 4944 2079 3607 3825 2609 3238 5583 3264 3151 3601 3020 2180 2462 2936 1971 1574 3032 5101 3344 3164 3799 3580 2635 1289 3859 4211 3075 1515 4101 1171 4345 626 3020 2546 3686 3833 2616 4579 1169 4270 
45 3000 829 2751 2868 6601 3395 5422 4935 4048 3393 5730 1517 719 6548 6272 4206 1739 6455 923 5334 3157 3359 4453 1886 2421 6305 3452 2493 212 4143 5543 4486 5819 6200 2881 3355 2345 3159 1146 6228 353 4254 4286 4664 2798 0 2558 2408 4619 5488 4032 1766 3189 4870 5908 2668 6506 1334 4968 6790 4772 4140 4812 1632 2688 5349 6036 7757 3470 5687 3915 1491 3052 4797 723 3371 3759 2494 7307 4525 846 6576 6346 4517 2417 6371 6784 5862 1955 5993 2210 6969 2508 1149 5287 6062 6525 5371 4463 3413 6101 
46 3000 2666 2022 1777 4904 1025 3130 2768 3703 1462 4377 1044 3180 5774 3720 2868 3045 4041 2296 2967 662 801 3415 1895 2736 3750 2201 3272 2474 1628 3847 2943 3263 3873 610 1390 1420 1541 2658 4527 2282 2969 2642 3591 2048 2558 0 1913 3697 4153 2333 2605 1226 3310 3362 2505 5547 2601 4268 4394 2476 2907 3149 4061 1955 4314 4546 5291 1267 5059 1667 1681 497 4482 2155 932 1705 1094 4865 1973 3333 4876 5148 2084 760 5757 4644 4273 2816 3479 2688 4885 2407 1926 3578 3778 5550 4287 2569 3212 3571 
47 3000 1890 3649 573 4210 1925 3412 2851 1919 3372 3322 1781 2640 4287 4770 4741 1640 4533 2839 4689 2484 2416 2061 3130 897 4826 1080 1499 2209 3259 3171 4845 4394 4174 1621 3301 495 3407 1646 3844 2380 1848 1959 2271 390 2408 1913 0 2257 3080 4241 1136 3133 2487 4716 592 4178 1452 2695 4822 2842 4760 2457 3250 3574 2979 3629 5868 3168 3469 3536 2698 2130 2722 2566 2018 1795 2818 5390 3417 2783 4187 3959 2825 1163 4176 4563 3464 1236 4324 941 4707 504 2673 2927 3997 4193 2990 4479 1347 4483 
48 3000 3970 5682 2002 2371 3061 2991 2491 977 5055 1262 3961 4711 2086 4844 6512 3348 3994 5096 5694 4021 3783 307 5302 2335 4923 1496 2675 4411 4379 1643 6515 4647 3505 3144 4981 2538 5219 3661 2089 4627 832 1423 265 1894 4619 3697 2257 0 1054 5902 2995 4849 1169 5182 1967 1925 3439 623 4142 2811 6571 1366 5099 5610 730 1656 5184 4736 1380 4968 4901 3637 1182 4823 3217 2356 4772 4717 4281 4834 2357 1735 3200 3009 2063 3343 1657 2918 4253 2551 3346 2121 4915 1558 3284 1938 760 5996 1395 4454 
49 3000 4904 6175 2686 1318 3318 2517 2164 2022 5362 242 4628 5655 1895 4395 6809 4351 3335 5862 5621 4327 4035 1078 5922 3326 4477 2098 3712 5287 4455 832 6752 4293 2834 3551 5290 3245 5588 4610 1062 5452 1258 1525 882 2692 5488 4153 3080 1054 0 6157 3962 5184 885 4888 2913 1517 4392 1290 3409 2577 6890 1101 6103 6109 634 603 4395 5002 1622 5150 5564 3971 1998 5602 3474 2545 5247 3953 4246 5786 1305 1001 3084 3570 2079 2440 643 3911 3785 3536 2389 3055 5633 922 2617 1507 534 6168 2435 3988 
50 3000 4516 1454 4090 6601 2860 4348 4269 6018 872 6353 2827 4751 7928 3812 685 5145 4796 3270 1855 1882 2132 5603 2261 5028 3790 4439 5521 4064 1847 5651 615 3380 4874 2784 945 3751 904 4634 6254 3679 5109 4648 5755 4378 4032 2333 4241 5902 6157 0 4781 1107 5272 3037 4833 7641 4651 6503 5145 3847 811 5066 5662 1483 6442 6425 5703 1167 7282 1050 2554 2268 6783 3344 2702 3619 1596 5412 2260 4876 6572 7153 3286 3094 7960 5871 6110 5011 3948 4951 6167 4727 2919 5404 4884 7637 6397 489 5545 3915 
51 3000 1001 3867 1709 5187 2937 4548 3987 2311 3958 4198 1982 1720 4820 5858 5168 508 5669 2503 5552 3256 3284 2887 3148 678 5911 2163 802 1555 4154 4193 5348 5464 5310 2531 3895 1450 3886 674 4836 1902 2821 3047 3092 1457 1766 2605 1136 2995 3962 4781 0 3716 3505 5737 1050 4815 454 3263 5958 3974 5152 3512 2169 3792 3719 4547 7005 3850 3950 4268 2678 2964 3038 2223 2998 2920 3213 6526 4387 1838 5166 4728 3924 1990 4622 5667 4432 238 5436 458 5794 918 2500 3967 5131 4837 3755 5104 1684 5589 
52 3000 3553 1277 2991 5757 1867 3658 3462 4920 242 5392 1819 3894 6901 3609 1664 4107 4322 2578 2173 857 1172 4555 1717 3930 3612 3368 4436 3180 1326 4754 1716 3139 4293 1707 179 2643 427 3631 5394 2849 4076 3660 4717 3273 3189 1226 3133 4849 5184 1107 3716 0 4308 3001 3726 6638 3625 5439 4684 3074 1722 4117 4810 1245 5421 5505 5412 372 6225 758 1824 1220 5692 2571 1714 2641 719 5051 1807 4032 5728 6185 2546 1987 6912 5216 5204 3942 3571 3860 5494 3622 2187 4494 4258 6638 5383 1387 4438 3595 
53 3000 4372 5329 2004 1730 2440 1837 1379 2046 4481 1084 3869 5125 2739 3710 5926 3951 2824 5149 4771 3450 3153 953 5124 2939 3790 1418 3429 4679 3574 688 5866 3549 2338 2702 4410 2548 4716 4107 1358 4793 699 668 904 2101 4870 3310 2487 1169 885 5272 3505 4308 0 4116 2474 2392 3899 1712 2981 1756 6009 232 5675 5264 1298 1241 4033 4118 2303 4264 4790 3100 2347 4903 2595 1666 4400 3561 3382 5266 1706 1881 2230 2778 2869 2285 1005 3503 3110 3126 2349 2590 4891 474 2117 2385 1224 5283 2234 3313 
54 3000 6004 4200 4239 4718 2803 2399 2739 5774 2921 4991 4391 6543 6778 864 3633 6231 2164 5487 1301 2752 2564 4891 4713 5607 814 4178 6214 5834 1775 4117 3324 632 2475 3220 2908 4298 3306 5952 4474 5610 4382 3770 4941 4590 5908 3362 4716 5182 4888 3037 5737 3001 4116 0 5199 6362 5854 5787 2442 2373 3791 3886 7420 4189 5409 4870 2733 2633 6419 2280 4754 2885 6333 5418 2739 3069 3679 2528 1390 6696 4692 5733 2028 3768 6961 3507 4536 5901 1293 5653 3816 5183 5091 3968 2601 6344 5328 2664 5583 1148 
55 3000 2004 4207 960 4139 2446 3689 3112 1426 3965 3150 2308 2748 3891 5186 5328 1476 4819 3236 5245 3069 2985 1840 3640 483 5248 1217 1065 2457 3813 3159 5437 4836 4421 2190 3893 1086 3996 1700 3792 2711 1782 2072 2047 611 2668 2505 592 1967 2913 4833 1050 3726 2474 5199 0 3838 1479 2303 5083 3177 5345 2500 3210 4131 2697 3497 6146 3758 3043 4121 3192 2708 2220 2954 2553 2182 3396 5663 3940 2875 4119 3702 3245 1753 3740 4685 3384 1028 4703 651 4793 161 3122 2942 4229 3857 2726 5070 808 4875 
56 3000 5813 7558 3917 2002 4785 3967 3667 2526 6827 1375 5882 6533 486 5811 8281 5095 4636 7018 7136 5787 5510 2163 7217 4137 5894 3376 4340 6295 5966 2245 8241 5754 4147 4963 6753 4460 7030 5490 2041 6534 2578 2992 1969 3820 6506 5547 4178 1925 1517 7641 4815 6638 2392 6362 3838 0 5269 1553 4634 4087 8355 2615 6807 7488 1237 1528 5505 6478 1021 6647 6823 5418 1978 6743 4942 4021 6637 5116 5764 6643 2013 668 4601 4898 854 3486 1846 4698 5203 4358 3318 3997 6840 2407 3946 40 1260 7670 3133 5402 
57 3000 547 3630 2017 5598 3084 4831 4283 2765 3862 4629 1823 1271 5274 6038 4987 503 5939 2127 5568 3263 3337 3320 2861 1132 6086 2522 1165 1128 4204 4587 5195 5625 5603 2634 3804 1655 3748 221 5242 1507 3225 3406 3527 1813 1334 2601 1452 3439 4392 4651 454 3625 3899 5854 1479 5269 0 3717 6241 4232 4958 3890 1798 3557 4166 4971 7273 3799 4404 4232 2394 3011 3488 1854 3124 3171 3059 6800 4480 1395 5576 5174 4128 2086 5074 6015 4844 621 5648 912 6156 1336 2173 4353 5432 5291 4200 5006 2139 5791 
58 3000 4262 6227 2529 2552 3673 3549 3074 980 5650 1416 4452 4979 1594 5420 7104 3545 4503 5519 6317 4620 4392 930 5801 2585 5500 2072 2801 4756 5001 2050 7117 5241 4006 3732 5576 3036 5800 3938 2342 5012 1455 2041 846 2365 4968 4268 2695 623 1290 6503 3263 5439 1712 5787 2303 1553 3717 0 4621 3413 7158 1929 5268 6154 693 1822 5640 5339 793 5581 5384 4235 708 5240 3828 2978 5328 5184 4904 5090 2545 1583 3817 3557 1498 3721 1933 3145 4822 2805 3679 2463 5368 2030 3785 1576 784 6608 1580 5024 
59 3000 6581 5959 4249 2695 3419 1410 1975 5017 4715 3403 5375 7270 5107 1601 5810 6461 362 6685 3683 4040 3714 3933 6196 5563 1670 3866 6140 6650 3386 2586 5566 1868 665 3930 4671 4598 5088 6408 2593 6580 3569 3063 3876 4526 6790 4394 4822 4142 3409 5145 5958 4684 2981 2442 5083 4634 6241 4621 0 2026 5952 2817 8016 5923 4037 3124 1069 4332 5027 4163 6064 3925 5300 6522 3474 3079 5184 587 2918 7426 2676 3965 2310 4373 5392 1230 2845 6040 1216 5696 1506 5142 6321 2594 875 4605 3938 4883 5105 1306 
60 3000 4556 4285 2276 2761 1455 659 437 3463 3183 2716 3395 5244 4471 2088 4529 4481 1709 4725 3051 2281 1938 2524 4355 3643 2160 1999 4242 4628 2017 1893 4395 1840 1429 1948 3121 2580 3501 4392 2427 4575 2026 1415 2567 2585 4772 2476 2842 2811 2577 3847 3974 3074 1756 2373 3177 4087 4232 3413 2026 0 4640 1523 5995 4234 3055 2683 3042 2787 4055 2797 4156 2059 3972 4543 1546 1060 3413 2571 1714 5399 2732 3500 563 2355 4622 2180 2349 4075 1546 3752 2439 3212 4378 1687 1309 4074 2978 3754 3371 1732 
61 3000 4738 1388 4684 7385 3573 5154 5057 6607 1529 7093 3169 4849 8623 4591 165 5461 5604 3281 2546 2568 2855 6277 2259 5483 4565 5086 5926 4211 2654 6418 550 4169 5686 3427 1602 4287 1365 4906 7033 3790 5798 5370 6440 4944 4140 2907 4760 6571 6890 811 5152 1722 6009 3791 5345 8355 4958 7158 5952 4640 0 5810 5733 1451 7142 7184 6487 1893 7945 1852 2657 2941 7389 3419 3417 4344 1959 6208 3072 4957 7356 7890 4082 3656 8634 6681 6874 5388 4751 5379 6977 5225 2990 6165 5695 8354 7103 1128 6095 4712 
62 3000 4347 5162 1945 1812 2251 1625 1151 2199 4285 1286 3755 5097 2968 3491 5724 3971 2642 5052 4540 3260 2956 1124 4985 2974 3570 1377 3488 4625 3353 737 5657 3322 2164 2539 4214 2473 4529 4094 1432 4718 775 537 1104 2079 4812 3149 2457 1366 1101 5066 3512 4117 232 3886 2500 2615 3890 1929 2817 1523 5810 0 5678 5098 1531 1398 3877 3918 2534 4052 4665 2917 2548 4811 2403 1478 4234 3401 3153 5241 1786 2087 1999 2652 3102 2201 1127 3525 2893 3151 2294 2604 4781 475 1946 2606 1457 5068 2333 3095 
63 3000 1448 4347 3814 7349 4750 6610 6070 4287 5020 6334 3063 917 6731 7701 5810 1753 7705 2453 6934 4698 4856 5025 3474 2777 7742 4317 2467 1632 5683 6362 6103 7266 7386 4259 4980 3418 4791 1613 7003 1983 4989 5202 5224 3607 1632 4061 3250 5099 6103 5662 2169 4810 5675 7420 3210 6807 1798 5268 8016 5995 5733 5678 0 4289 5803 6696 9035 5076 5858 5523 3113 4534 4886 2326 4761 4938 4123 8566 6030 786 7329 6806 5842 3732 6468 7813 6594 2193 7357 2570 7952 3086 2756 6135 7220 6834 5850 6095 3718 7487 
64 3000 3301 76 3625 6825 2888 4848 4593 5484 1271 6333 1843 3400 7696 4840 1521 4060 5561 1844 3194 1953 2296 5339 816 4196 4839 4119 4585 2762 2571 5783 1826 4373 5513 2562 1293 3145 884 3487 6452 2339 4914 4597 5524 3825 2688 1955 3574 5610 6109 1483 3792 1245 5264 4189 4131 7488 3557 6154 5923 4234 1451 5098 4289 0 6252 6496 6657 1612 6947 1909 1208 2216 6284 1969 2753 3633 864 6297 3052 3509 6797 7102 3736 2601 7652 6405 6217 4030 4816 4066 6673 3994 1539 5515 5465 7493 6230 1968 4920 4839 
65 3000 4699 6322 2686 1859 3582 3079 2669 1567 5615 727 4653 5437 1486 4964 7073 4056 3950 5815 6060 4575 4309 932 5984 3053 5045 2139 3357 5141 4820 1451 7048 4832 3449 3735 5542 3234 5808 4387 1660 5354 1347 1813 732 2609 5349 4314 2979 730 634 6442 3719 5421 1298 5409 2697 1237 4166 693 4037 3055 7142 1531 5803 6252 0 1130 5028 5275 1021 5468 5595 4201 1393 5544 3739 2831 5402 4585 4661 5558 1852 1008 3522 3661 1574 3072 1264 3633 4356 3271 3010 2851 5623 1493 3230 1243 99 6495 2085 4559 
66 3000 5476 6560 3198 731 3643 2471 2247 2618 5666 409 5103 6229 1988 4289 7092 4945 3111 6368 5722 4649 4337 1674 6365 3920 4373 2605 4315 5838 4658 790 7005 4253 2620 3936 5596 3753 5920 5188 563 5983 1782 1908 1482 3238 6036 4546 3629 1656 603 6425 4547 5505 1241 4870 3497 1528 4971 1822 3124 2683 7184 1398 6696 6496 1130 0 4043 5291 1973 5394 6028 4313 2523 6115 3793 2874 5632 3630 4395 6362 723 870 3230 4018 2268 2034 336 4503 3683 4127 1925 3635 6121 1022 2418 1503 1037 6393 3038 3881 
67 3000 7593 6684 5297 3510 4363 2460 3034 6075 5405 4361 6304 8267 5989 1897 6334 7509 1335 7586 4034 4864 4559 4986 7016 6625 1928 4930 7205 7627 4085 3590 6044 2325 1735 4877 5371 5622 5790 7434 3487 7529 4635 4133 4920 5583 7757 5291 5868 5184 4395 5703 7005 5412 4033 2733 6146 5505 7273 5640 1069 3042 6487 3877 9035 6657 5028 4043 0 5045 5993 4803 6929 4805 6329 7442 4399 4102 5980 483 3605 8423 3496 4842 3240 5350 6302 2019 3796 7093 1848 6754 2204 6202 7210 3627 1943 5473 4929 5372 6174 1818 
68 3000 3774 1639 2959 5507 1694 3349 3190 4881 397 5202 2037 4163 6761 3236 1807 4267 3972 2909 1864 722 968 4436 2080 4003 3239 3280 4537 3445 959 4526 1778 2767 3961 1636 342 2673 755 3825 5150 3138 3941 3487 4588 3264 3470 1267 3168 4736 5002 1167 3850 372 4118 2633 3758 6478 3799 5339 4332 2787 1893 3918 5076 1612 5275 5291 5045 0 6116 446 2158 1110 5635 2882 1536 2458 1058 4689 1440 4306 5477 6000 2245 2005 6793 4903 4982 4068 3207 3954 5186 3667 2514 4272 3935 6475 5232 1315 4433 3227 
69 3000 4952 7020 3322 2639 4439 4101 3681 1640 6433 1632 5236 5648 875 5985 7889 4181 4957 6276 7026 5400 5163 1682 6587 3275 6067 2860 3403 5475 5742 2454 7895 5848 4456 4518 6359 3825 6589 4622 2537 5752 2195 2745 1552 3151 5687 5059 3469 1380 1622 7282 3950 6225 2303 6419 3043 1021 4404 793 5027 4055 7945 2534 5858 6947 1021 1973 5993 6116 0 6346 6165 5016 979 5995 4596 3724 6121 5562 5618 5748 2640 1377 4500 4350 708 4001 2197 3809 5377 3493 3898 3204 6139 2513 4239 1057 1111 7374 2274 5581 
70 3000 4218 1922 3281 5553 1908 3302 3220 5182 641 5338 2482 4609 6954 2950 1734 4695 3806 3335 1422 1052 1197 4664 2467 4391 2943 3549 4938 3891 803 4615 1610 2490 3850 1952 636 3041 1025 4264 5208 3581 4155 3659 4802 3601 3915 1667 3536 4968 5150 1050 4268 758 4264 2280 4121 6647 4232 5581 4163 2797 1852 4052 5523 1909 5468 5394 4803 446 6346 0 2582 1421 5917 3319 1753 2637 1476 4475 1246 4752 5524 6140 2236 2376 7010 4833 5075 4482 2993 4352 5127 4039 2942 4372 3850 6642 5418 1028 4765 2988 
71 3000 2099 1276 2909 6467 2701 4812 4433 4606 1994 5801 941 2209 6969 5256 2717 2893 5708 753 3997 2076 2370 4663 470 3165 5274 3475 3481 1554 2988 5393 2994 4786 5553 2232 1970 2363 1709 2304 6086 1139 4313 4132 4864 3020 1491 1681 2698 4901 5564 2554 2678 1824 4790 4754 3192 6823 2394 5384 6064 4156 2657 4665 3113 1208 5595 6028 6929 2158 6165 2582 0 2138 5406 790 2613 3315 1106 6517 3434 2327 6440 6522 3759 2013 6873 6315 5788 2914 5093 3007 6550 3041 370 5123 5460 6834 5590 3000 4001 5162 
72 3000 3122 2274 1861 4611 674 2702 2389 3774 1418 4183 1540 3663 5682 3223 2876 3430 3570 2781 2591 387 326 3341 2299 3004 3254 2171 3573 2962 1194 3579 2883 2767 3425 532 1344 1639 1617 3089 4240 2779 2857 2446 3499 2180 3052 497 2130 3637 3971 2268 2964 1220 3100 2885 2708 5418 3011 4235 3925 2059 2941 2917 4534 2216 4201 4313 4805 1110 5016 1421 2138 0 4524 2649 536 1439 1367 4384 1495 3817 4583 4972 1624 990 5699 4239 4021 3160 2986 2987 4493 2634 2405 3314 3343 5418 4163 2413 3344 3075 
73 3000 4034 6359 2705 3250 4026 4173 3668 802 5915 2120 4502 4710 1846 6022 7349 3231 5166 5444 6766 4912 4720 1450 5847 2376 6100 2369 2442 4585 5402 2745 7398 5812 4674 4000 5841 3140 6024 3701 3050 4891 1951 2563 1445 2462 4797 4482 2722 1182 1998 6783 3038 5692 2347 6333 2220 1978 3488 708 5300 3972 7389 2548 4886 6284 1393 2523 6329 5635 979 5917 5406 4524 0 5160 4175 3398 5494 5869 5358 4804 3244 2183 4326 3735 1595 4426 2642 2879 5433 2588 4387 2376 5342 2706 4452 2011 1488 6933 1414 5634 
74 3000 1447 2031 2918 6623 3105 5202 4763 4378 2758 5844 1149 1430 6835 5856 3489 2323 6175 283 4741 2678 2928 4621 1163 2812 5881 3510 3008 831 3642 5549 3777 5391 5968 2597 2728 2361 2492 1713 6244 388 4345 4274 4829 2936 723 2155 2566 4823 5602 3344 2223 2571 4903 5418 2954 6743 1854 5240 6522 4543 3419 4811 2326 1969 5544 6115 7442 2882 5995 3319 790 2649 5160 0 3050 3597 1857 7010 4059 1542 6597 6515 4216 2228 6695 6644 5907 2443 5634 2622 6854 2794 430 5283 5851 6758 5553 3789 3748 5723 
75 3000 3320 2810 1625 4077 157 2199 1858 3459 1888 3679 1906 3928 5226 2939 3339 3491 3125 3211 2698 856 570 2913 2811 2915 2981 1805 3512 3255 1271 3051 3309 2510 2942 501 1816 1569 2126 3234 3707 3131 2410 1953 3057 1971 3371 932 2018 3217 3474 2702 2998 1714 2595 2739 2553 4942 3124 3828 3474 1546 3417 2403 4761 2753 3739 3793 4399 1536 4596 1753 2613 536 4175 3050 0 928 1903 3961 1402 4085 4048 4474 1165 1040 5265 3720 3497 3167 2623 2938 3969 2509 2850 2788 2846 4940 3696 2780 3095 2737 
76 3000 3502 3695 1243 3199 773 1678 1176 2751 2816 2751 2467 4199 4318 3003 4265 3428 2769 3804 3368 1783 1491 2049 3586 2630 3066 1112 3237 3604 2022 2149 4221 2662 2457 1100 2744 1520 3051 3332 2823 3588 1529 1028 2173 1574 3759 1705 1795 2356 2545 3619 2920 2641 1666 3069 2182 4021 3171 2978 3079 1060 4344 1478 4938 3633 2831 2874 4102 2458 3724 2637 3315 1439 3398 3597 928 0 2771 3630 1961 4354 3171 3545 1066 1370 4377 3047 2585 3031 2532 2721 3258 2196 3487 1881 2307 4018 2782 3665 2514 2697 
77 3000 2923 929 2806 5966 2033 4042 3756 4700 902 5470 1238 3206 6854 4234 1960 3556 4823 1859 2892 1150 1488 4495 1045 3523 4244 3276 3975 2501 1940 4921 2138 3762 4735 1698 870 2360 692 3038 5592 2148 4059 3733 4676 3032 2494 1094 2818 4772 5247 1596 3213 719 4400 3679 3396 6637 3059 5328 5184 3413 1959 4234 4123 864 5402 5632 5980 1058 6121 1476 1106 1367 5494 1857 1903 2771 0 5594 2407 3340 5938 6242 2938 1772 6823 5592 5353 3447 4132 3422 5852 3271 1468 4652 4672 6641 5377 1987 4162 4180 
78 3000 7126 6327 4818 3138 3918 1979 2551 5600 5059 3931 5867 7806 5596 1665 6059 7030 861 7161 3821 4464 4150 4513 6622 6142 1714 4447 6722 7173 3730 3139 5788 2042 1252 4432 5021 5150 5440 6962 3082 7085 4156 3649 4452 5101 7307 4865 5390 4717 3953 5412 6526 5051 3561 2528 5663 5116 6800 5184 587 2571 6208 3401 8566 6297 4585 3630 483 4689 5562 4475 6517 4384 5869 7010 3961 3630 5594 0 3251 7962 3122 4449 2797 4895 5896 1639 3368 6612 1484 6272 1862 5720 6789 3164 1462 5085 4486 5109 5692 1496 
79 3000 4616 3080 2992 4455 1494 2119 2152 4708 1807 4405 3007 5154 6121 1827 2941 4873 2561 4148 1412 1381 1174 3975 3452 4315 1841 3051 4914 4447 480 3605 2750 1355 2613 1856 1770 2970 2189 4571 4134 4234 3449 2872 4073 3344 4525 1973 3417 4281 4246 2260 4387 1807 3382 1390 3940 5764 4480 4904 2918 1714 3072 3153 6030 3052 4661 4395 3605 1440 5618 1246 3434 1495 5358 4059 1402 1961 2407 3251 0 5307 4426 5199 1167 2402 6234 3615 4063 4564 1768 4340 3914 3904 3755 3388 2626 5753 4596 2083 4422 1788 
