FILE: 1311EuclS.txt
100 100 0 
1 3000 0 3373 3130 2320 2927 4516 2890 4718 5239 4630 857 3426 3183 5239 1248 5099 459 2090 177 5603 3043 5493 2464 2029 2847 5293 1229 3235 3708 2362 2492 5187 2388 4367 2295 953 3719 1180 3854 4573 2077 3411 4164 1824 3016 2004 4303 2715 2549 2876 5411 5217 1708 1545 5191 3345 3494 4063 3987 5312 3602 3766 5352 4596 5764 3856 5745 1222 4932 5659 3922 4318 3193 2830 5319 931 4246 2027 5061 2393 2834 3400 1400 1529 1378 4640 3115 3231 6400 4436 6096 1967 6013 3436 5002 5436 400 3010 3195 2709 
2 3000 3373 0 367 1516 5790 2378 612 2306 2459 1370 3289 560 3901 3027 4601 3401 3627 1399 3208 2282 3354 2609 2448 2167 2688 2773 2734 2746 2632 3868 1741 2069 3898 1332 2430 3227 4256 2237 3107 2063 4549 3890 2075 1550 2928 3461 3203 2667 3184 550 2397 2681 2950 4457 2276 2335 4288 925 737 2126 4051 1756 2121 2209 2781 1462 4510 2690 3377 2369 563 1413 1118 5238 2111 2575 4033 1852 3729 2129 698 4517 3418 4045 2156 1492 1865 1399 3320 2413 2748 2566 4447 3640 1675 3892 3550 4461 2744 2436 
3 3000 3130 367 0 1509 5661 2193 661 2176 2824 1513 3127 865 3535 3366 4371 3703 3415 1088 2971 2606 3437 2614 2080 1808 2325 3128 2607 2397 2840 3506 1373 2432 3875 1351 2451 3076 4354 2037 2784 2409 4208 3529 2378 1333 2568 3418 3441 2742 2817 544 2763 2594 2599 4300 2283 2002 4359 978 862 2237 4151 2032 2256 2547 2822 1772 4791 2560 3666 2703 894 1380 1328 5158 2464 2292 4204 1500 4005 1762 344 4561 3082 3715 1998 1856 2031 1081 3402 2721 2966 2206 4755 3750 2002 4190 3337 4467 2393 2519 
4 3000 2320 1516 1509 0 4337 3648 904 3670 2919 2879 1953 1279 4114 2987 3423 2999 2426 1329 2143 3433 1968 4107 2710 2204 3097 2987 1342 3332 1746 3723 2135 2916 2383 2830 943 1867 2893 1173 3870 2255 4041 4208 1884 893 3356 1946 2407 1279 3318 986 3109 4102 2721 3070 3774 3094 2870 2431 2253 3639 2696 1471 3627 2289 4293 1535 3886 1308 2878 3458 1929 2882 885 3736 3078 1852 2891 1879 3115 2407 1453 3055 2957 3469 942 2403 937 2359 4836 2188 4169 2529 4013 2316 2864 3418 2360 2960 3311 1078 
5 3000 2927 5790 5661 4337 0 7378 5196 7542 6874 7154 2554 5616 5950 6451 2025 5971 2482 4798 2999 7727 3453 8222 5392 4943 5771 6720 3057 6161 4730 5030 5364 7111 2306 7001 3635 2591 3386 3671 6778 6171 4259 6207 5632 4360 5930 2526 5032 3737 5418 5240 7208 8034 4602 1410 7901 6264 3065 6639 6504 7896 3436 5358 7905 6107 8461 5628 6063 3103 5751 7727 6258 6996 5137 929 7316 3817 4290 4893 5667 5309 5442 2697 4169 3950 3664 6670 4642 6043 9061 5759 8503 4893 6530 3620 7183 6088 2555 2271 6121 3912 
6 3000 4516 2378 2193 3648 7378 0 2854 368 4397 1834 4850 2927 3024 5201 5711 5696 4924 2627 4408 3405 5610 1344 2238 2513 2058 4832 4475 1755 5008 3575 2024 3738 5913 1375 4585 4837 6533 3754 1553 4244 4629 2843 4393 3139 2110 5432 5578 4915 2724 2734 4118 785 3154 5967 1227 1342 6518 1656 1885 1813 6332 4117 1951 4419 1669 3785 6838 4424 5701 3577 2459 1183 3491 7041 3609 3587 6394 2492 6070 2169 2195 6690 3747 4347 3845 3315 4220 1358 2301 4712 2863 2718 6715 5936 3013 6192 4846 6544 1790 4698 
7 3000 2890 612 661 904 5196 2854 0 2833 2560 1978 2722 553 3906 2930 4092 3170 3102 1139 2718 2712 2783 3209 2434 2039 2749 2775 2148 2891 2202 3724 1746 2341 3287 1931 1826 2653 3697 1721 3343 2022 4275 3940 1869 1086 3005 2849 2822 2090 3139 129 2614 3240 2749 3881 2877 2550 3711 1529 1349 2737 3494 1482 2729 2128 3390 1306 4215 2106 3109 2769 1071 1994 725 4629 2445 2177 3546 1695 3425 2106 757 3925 3141 3738 1599 1772 1378 1681 3932 2215 3316 2427 4224 3090 2113 3645 3027 3855 2880 1864 
8 3000 4718 2306 2176 3670 7542 368 2833 0 4166 1567 4998 2835 3383 5007 5932 5537 5111 2754 4601 3101 5613 983 2526 2750 2381 4617 4588 2097 4932 3906 2232 3483 5986 1152 4614 4977 6530 3889 1921 4064 4944 3207 4255 3242 2451 5512 5478 4918 3053 2720 3862 500 3432 6135 860 1660 6534 1492 1728 1462 6327 4005 1602 4244 1308 3656 6691 4537 5556 3276 2305 978 3425 7166 3337 3786 6339 2690 5934 2423 2235 6725 4027 4640 3955 3095 4170 1499 1949 4562 2504 2988 6540 5923 2745 6033 5033 6604 2130 4695 
9 3000 5239 2459 2824 2919 6874 4397 2560 4166 0 2609 4801 2035 6360 1003 6313 1749 5326 3697 5062 1508 3548 3881 4900 4572 5147 501 4185 5185 2238 6272 4192 755 4598 3024 3282 4700 4134 4078 5483 706 6825 6348 1244 3584 5384 4353 2294 3138 5632 2645 491 4319 5307 5807 3636 4747 4338 2767 2562 3067 3957 1540 2947 776 3839 1383 2857 4163 1889 1370 2053 3214 2054 6084 1003 4677 3429 4236 2279 4578 3133 4704 5695 6277 3861 1084 2264 3807 4022 1197 2742 4968 2538 3576 1486 2172 5264 4894 5187 2964 
10 3000 4630 1370 1513 2879 7154 1834 1978 1567 2609 0 4634 1698 4375 3490 5876 4078 4928 2550 4475 1599 4624 1393 3108 3048 3177 3073 4096 3058 3698 4618 2504 1916 5253 497 3769 4579 5492 3551 3159 2582 5486 4276 2865 2847 3353 4825 4158 3957 3811 1919 2294 1720 3854 5807 1090 2566 5560 580 652 762 5287 2701 752 2768 1484 2317 5243 4050 4124 1763 1018 691 2313 6608 1775 3760 5137 2817 4517 2857 1796 5818 4404 5050 3502 1557 3061 1783 1965 3137 1495 3411 5043 4867 1180 4567 4849 5796 3075 3723 
11 3000 857 3289 3127 1953 2554 4850 2722 4998 4801 4634 0 3200 3949 4662 1525 4431 610 2247 772 5380 2222 5668 3023 2514 3436 4783 618 3804 3033 3181 2864 4864 1539 4455 1621 114 2864 1117 4428 4106 2928 4156 3639 1809 3639 1147 3583 1985 3255 2746 5038 5487 2415 1173 5348 3820 2637 4103 3982 5364 2751 3272 5381 4098 5910 3437 4984 646 4249 5409 3793 4445 2829 2216 5031 1408 3423 2400 4337 2874 2893 2550 2215 2386 1133 4356 2568 3503 6516 3872 6033 2569 5290 2605 4800 4728 583 2176 3767 2028 
12 3000 3426 560 865 1279 5616 2927 553 2835 2035 1698 3200 0 4356 2504 4611 2845 3616 1667 3253 2188 2926 3039 2886 2537 3165 2292 2604 3258 2097 4236 2182 1788 3591 1789 2096 3123 3804 2249 3648 1556 4821 4367 1519 1636 3414 3188 2651 2258 3610 616 2064 3182 3276 4340 2712 2868 3863 1384 1159 2455 3598 1196 2421 1686 3173 908 3950 2566 2818 2234 687 1902 619 4994 1896 2730 3517 2200 3168 2560 1125 4120 3686 4288 2102 1221 1377 1941 3658 1859 2895 2932 3894 3180 1600 3335 3543 4110 3252 2025 
13 3000 3183 3901 3535 4114 5950 3024 3906 3383 6360 4375 3949 4356 0 6836 3945 7037 3632 2833 3201 5912 5769 4366 1472 1916 1227 6649 3977 1330 5860 946 2174 5924 5455 3895 4743 4010 6612 3313 1526 5909 2006 284 5768 3223 1023 5001 6521 5201 796 3793 6276 3785 1553 4674 4208 1821 6454 3881 3994 4692 6453 5366 4807 6028 4691 5211 7995 3938 6947 6051 4361 3724 4600 5999 5908 2626 6892 2254 7216 1800 3234 6447 1801 2052 3575 5365 5033 2641 5325 6112 5738 1592 8081 6172 5363 7490 3582 6113 1307 5073 
14 3000 5239 3027 3366 2987 6451 5201 2930 5007 1003 3490 4662 2504 6836 0 6186 773 5239 4042 5066 2511 3009 4819 5363 4960 5663 513 4074 5762 1726 6617 4668 1746 4145 3854 3049 4552 3422 4151 6133 969 7025 6862 1107 3799 5914 3996 1521 2776 6069 3043 1486 5211 5621 5536 4555 5363 3669 3544 3319 4019 3268 1525 3906 818 4801 1624 1854 4063 950 2371 2757 4033 2263 5598 2003 4836 2616 4615 1312 5035 3624 4056 5926 6455 3895 1934 2124 4426 5015 804 3744 5340 1562 2936 2442 1169 5187 4320 5757 2663 
15 3000 1248 4601 4371 3423 2025 5711 4092 5932 6313 5876 1525 4611 3945 6186 0 5929 998 3339 1401 6799 3578 6731 3565 3200 3904 6308 2131 4299 4536 3014 3700 6336 2590 5616 3138 1633 4012 2372 4896 5623 2252 4209 5164 3052 4030 2408 5053 3471 3471 4089 6531 6433 2698 1041 6433 4481 3725 5311 5232 6561 3953 4792 6600 5621 7007 4940 6397 2151 5738 6844 5143 5565 4308 2305 6486 2163 4731 3246 5796 3553 4081 3503 2200 1926 2512 5806 4093 4459 7646 5397 7336 3057 6743 3916 6204 6198 1068 3040 4257 3538 
16 3000 5099 3401 3703 2999 5971 5696 3170 5537 1749 4078 4431 2845 7037 773 5929 0 5032 4204 4933 3249 2524 5445 5578 5127 5915 1280 3885 6060 1398 6717 4910 2464 3684 4394 2818 4317 2782 4101 6486 1497 7005 7093 1326 3874 6172 3615 938 2458 6251 3294 2240 5786 5714 5183 5163 5699 3056 4048 3815 4666 2650 1688 4563 1310 5455 1939 1165 3884 224 3118 3238 4559 2450 5084 2730 4830 1920 4784 539 5254 3912 3451 5948 6427 3827 2554 2065 4784 5712 989 4475 5486 1054 2369 3114 496 4989 3764 6050 2405 
17 3000 459 3627 3415 2426 2482 4924 3102 5111 5326 4928 610 3616 3632 5239 998 5032 0 2424 518 5804 2823 5856 2913 2462 3301 5337 1164 3688 3633 2790 2900 5338 2041 4696 2215 725 3421 1389 4308 4641 2391 3863 4195 2084 3473 1710 4191 2592 3007 3105 5535 5609 2167 1089 5547 3782 3175 4372 4278 5631 3321 3815 5662 4645 6118 3949 5595 1177 4852 5848 4160 4661 3311 2373 5488 1340 4020 2431 4946 2827 3141 3044 1838 1880 1515 4808 3127 3616 6745 4442 6371 2420 5899 3200 5212 5336 79 2631 3648 2626 
18 3000 2090 1399 1088 1329 4798 2627 1139 2754 3697 2550 2247 1667 2833 4042 3339 4204 2424 0 1943 3681 3210 3438 1392 924 1769 3912 1848 2008 3052 2586 817 3427 3317 2277 2138 2223 4126 1134 2566 3156 3165 2903 2953 538 2029 2830 3709 2553 2046 1053 3725 3240 1610 3398 3125 1811 4051 1977 1919 3221 3938 2543 3263 3253 3695 2428 5171 1797 4113 3768 1961 2237 1782 4416 3495 1212 4211 580 4388 1080 761 4165 2030 2649 1221 2848 2212 1269 4321 3293 4032 1298 5248 3587 3074 4656 2344 3967 1985 2378 
19 3000 177 3208 2971 2143 2999 4408 2718 4601 5062 4475 772 3253 3201 5066 1401 4933 518 1943 0 5431 2913 5361 2402 1943 2795 5117 1076 3179 3545 2411 2384 5011 2311 4221 2135 856 3614 1004 3801 4395 2199 3418 3989 1658 2976 1906 4145 2562 2537 2706 5234 5100 1692 1600 5056 3264 3399 3911 3831 5163 3490 3590 5201 4419 5629 3679 5593 1065 4768 5486 3755 4178 3015 2847 5144 822 4116 1916 4903 2309 2680 3322 1444 1639 1200 4465 2942 3109 6261 4262 5936 1914 5853 3310 4831 5274 444 2946 3139 2549 
20 3000 5603 2282 2606 3433 7727 3405 2712 3101 1508 1599 5380 2188 5912 2511 6799 3249 5804 3681 5431 0 4665 2572 4560 4388 4692 2005 4775 4617 3450 6051 3890 797 5568 2095 4106 5298 5389 4432 4755 1908 6812 5835 2419 3787 4890 5228 3678 4114 5289 2730 1032 3118 5192 6502 2395 4131 5545 2031 1928 1756 5196 2504 1615 2075 2461 2156 4366 4739 3374 182 1720 2291 2591 7034 526 4850 4795 4099 3771 4273 2949 5876 5688 6321 4290 1061 3147 3274 2548 2535 1235 4778 4029 4786 607 3680 5731 5983 4630 3899 
21 3000 3043 3354 3437 1968 3453 5610 2783 5613 3548 4624 2222 2926 5769 3009 3578 2524 2823 3210 2913 4665 0 5954 4503 3960 4917 3320 1870 5202 1317 5168 4027 3938 1160 4683 1072 2111 925 2455 5775 2876 5113 5916 2319 2687 5167 1171 1588 695 4989 2893 3947 6023 4238 2716 5623 5020 936 4274 4065 5377 730 2161 5334 2773 6099 2519 2821 1897 2308 4619 3607 4767 2311 2588 4183 3175 1203 3685 2274 4235 3418 1218 4243 4548 2194 3626 1579 4327 6577 2371 5676 4198 3198 406 4224 2692 2805 1345 5175 919 
22 3000 5493 2609 2614 4107 8222 1344 3209 983 3881 1393 5668 3039 4366 4819 6731 5445 5856 3438 5361 2572 5954 0 3453 3611 3345 4369 5194 3076 5085 4873 3064 3138 6486 1278 5036 5632 6842 4551 2893 3948 5892 4187 4256 3863 3428 6032 5552 5272 4020 3121 3492 664 4341 6831 332 2627 6890 1683 1888 822 6636 4093 957 4136 325 3710 6610 5145 5502 2754 2386 1236 3659 7764 2934 4568 6523 3495 5898 3312 2786 7126 4933 5559 4568 2895 4416 2280 975 4521 1688 3888 6381 6219 2394 5928 5776 7065 3109 5040 
23 3000 2464 2448 2080 2710 5392 2238 2434 2526 4900 3108 3023 2886 1472 5363 3565 5578 2913 1392 2402 4560 4503 3453 0 546 423 5179 2861 781 4443 1509 708 4498 4393 2669 3440 3050 5392 2120 1406 4437 2445 1515 4299 1844 664 3911 5101 3882 738 2320 4839 3011 917 4001 3216 926 5276 2562 2633 3569 5216 3900 3661 4555 3767 3738 6562 2814 5495 4685 2936 2531 3133 5225 4504 1618 5564 833 5778 327 1768 5331 1509 2114 2338 3929 3605 1325 4426 4644 4562 508 6627 4895 3985 6038 2843 5061 744 3728 
24 3000 2029 2167 1808 2204 4943 2513 2039 2750 4572 3048 2514 2537 1916 4960 3200 5127 2462 924 1943 4388 3960 3611 546 0 968 4813 2320 1304 3947 1704 557 4237 3853 2661 2901 2533 4846 1576 1923 4061 2443 2004 3875 1320 1210 3369 4608 3346 1124 1938 4558 3249 810 3540 3340 1321 4729 2474 2496 3602 4671 3467 3676 4165 3909 3341 6079 2273 5032 4497 2699 2555 2704 4728 4272 1130 5033 345 5299 366 1469 4786 1361 2006 1791 3659 3117 1346 4565 4216 4537 398 6168 4354 3793 5575 2388 4520 1270 3198 
25 3000 2847 2688 2325 3097 5771 2058 2749 2381 5147 3177 3436 3165 1227 5663 3904 5915 3301 1769 2795 4692 4917 3345 423 968 0 5452 3284 394 4817 1528 1004 4698 4816 2708 3852 3465 5810 2543 1007 4721 2571 1203 4619 2246 260 4334 5472 4289 675 2629 5051 2843 1209 4390 3139 720 5697 2665 2769 3557 5633 4229 3662 4848 3666 4042 6922 3237 5841 4828 3136 2549 3464 5630 4681 2028 5966 1234 6135 691 2041 5754 1769 2322 2760 4141 3974 1418 4320 4965 4583 880 6967 5308 4138 6381 3233 5483 352 4129 
26 3000 5293 2773 3128 2987 6720 4832 2775 4617 501 3073 4783 2292 6649 513 6308 1280 5337 3912 5117 2005 3320 4369 5179 4813 5452 0 4177 5519 2004 6499 4474 1256 4420 3467 3205 4677 3820 4161 5851 756 6983 6655 1143 3733 5696 4223 1934 2994 5901 2875 976 4790 5515 5727 4117 5097 4048 3185 2969 3559 3654 1526 3441 697 4335 1497 2362 4161 1441 1861 2429 3652 2177 5895 1505 4807 3059 4471 1818 4853 3415 4426 5864 6422 3923 1521 2215 4156 4524 960 3240 5203 2036 3296 1977 1680 5279 4656 5517 2849 
27 3000 1229 2734 2607 1342 3057 4475 2148 4588 4185 4096 618 2604 3977 4074 2131 3885 1164 1848 1076 4775 1870 5194 2861 2320 3284 4177 0 3623 2489 3314 2566 4248 1532 3953 1069 525 2647 754 4237 3492 3260 4152 3034 1346 3512 1050 3074 1486 3226 2185 4420 5065 2425 1736 4868 3563 2477 3584 3446 4839 2501 2661 4847 3489 5421 2819 4517 50 3712 4800 3218 3960 2214 2579 4418 1351 3064 2130 3833 2655 2408 2484 2376 2689 632 3745 1964 3116 6009 3278 5464 2469 4785 2274 4201 4210 1113 2199 3590 1485 
28 3000 3235 2746 2397 3332 6161 1755 2891 2097 5185 3058 3804 3258 1330 5762 4299 6060 3688 2008 3179 4617 5202 3076 781 1304 394 5519 3623 0 5021 1827 1197 4690 5156 2571 4131 3829 6106 2875 624 4806 2906 1219 4747 2515 356 4671 5669 4557 987 2765 5053 2537 1603 4777 2896 492 6006 2587 2721 3363 5924 4371 3477 4943 3401 4155 7098 3575 5999 4762 3144 2397 3615 6007 4650 2399 6219 1523 6308 975 2149 6079 2156 2692 3076 4148 4175 1384 4046 5093 4408 1268 7114 5586 4087 6536 3619 5822 42 4386 
29 3000 3708 2632 2840 1746 4730 5008 2202 4932 2238 3698 3033 2097 5860 1726 4536 1398 3633 3052 3545 3450 1317 5085 4443 3947 4817 2004 2489 5021 0 5446 3829 2687 2424 3871 1420 2919 1939 2756 5519 1588 5652 5949 1039 2639 5077 2274 660 1071 5064 2331 2656 5275 4450 3827 4766 4727 2112 3474 3242 4411 1748 1010 4343 1468 5177 1402 2144 2489 1224 3383 2702 3995 1517 3892 2944 3502 1439 3618 1388 4131 2952 2468 4627 5072 2476 2460 846 3883 5579 1054 4545 4275 2322 1348 3077 1734 3591 2660 5004 1007 
30 3000 2362 3868 3506 3723 5030 3575 3724 3906 6272 4618 3181 4236 946 6617 3014 6717 2790 2586 2411 6051 5168 4873 1509 1704 1528 6499 3314 1827 5446 0 2161 5937 4716 4175 4202 3256 5959 2743 2250 5743 1114 1225 5517 2843 1471 4288 6102 4665 853 3630 6262 4360 1003 3792 4665 2246 5772 4070 4131 5061 5815 5102 5158 5837 5195 5013 7590 3281 6601 6170 4390 4032 4354 5131 5965 1998 6336 2036 6830 1779 3170 5723 966 1106 3023 5360 4661 2835 5848 5850 6067 1305 7737 5574 5467 7141 2749 5357 1789 4570 
31 3000 2492 1741 1373 2135 5364 2024 1746 2232 4192 2504 2864 2182 2174 4668 3700 4910 2900 817 2384 3890 4027 3064 708 557 1004 4474 2566 1197 3829 2161 0 3798 4077 2106 2955 2864 4940 1815 1748 3735 2982 2194 3616 1343 1262 3589 4480 3371 1443 1628 4135 2732 1352 3953 2788 1007 4858 1936 1976 3045 4754 3224 3120 3856 3359 3044 5922 2515 4837 4009 2238 1998 2459 5077 3811 1563 5024 470 5134 390 1060 4958 1917 2561 1969 3226 2983 790 4013 3962 3988 907 5962 4405 3306 5377 2823 4736 1177 3195 
32 3000 5187 2069 2432 2916 7111 3738 2341 3483 755 1916 4864 1788 5924 1746 6336 2464 5338 3427 5011 797 3938 3138 4498 4237 4698 1256 4248 4690 2687 5937 3798 0 4897 2364 3475 4774 4626 4007 4926 1119 6593 5885 1649 3423 4921 4590 2884 3428 5237 2394 380 3601 5013 5945 2905 4227 4795 2162 1985 2320 4436 1789 2197 1280 3087 1483 3597 4218 2581 700 1564 2560 2035 6377 270 4518 4006 3918 2980 4188 2768 5138 5457 6069 3828 579 2477 3307 3269 1742 2010 4635 3292 4033 750 2909 5269 5272 4696 3225 
33 3000 2388 3898 3875 2383 2306 5913 3287 5986 4598 5253 1539 3591 5455 4145 2590 3684 2041 3317 2311 5568 1160 6486 4393 3853 4816 4420 1532 5156 2424 4716 4077 4897 0 5211 1496 1459 1422 2282 5769 3902 4431 5647 3353 2785 5042 488 2748 1471 4729 3367 4958 6442 3905 1629 6153 5082 1146 4814 4635 6015 1366 3114 5996 3825 6676 3421 3916 1580 3468 5547 4273 5255 3032 1486 5121 2845 2179 3655 3423 4186 3754 1011 3751 3908 2109 4508 2424 4563 7216 3460 6468 3991 4330 1399 5067 3843 2051 667 5123 1672 
34 3000 4367 1332 1351 2830 7001 1375 1931 1152 3024 497 4455 1789 3895 3854 5616 4394 4696 2277 4221 2095 4683 1278 2669 2661 2708 3467 3953 2571 3871 4175 2106 2364 5211 0 3758 4411 5579 3348 2661 2914 5080 3789 3128 2646 2875 4762 4382 3998 3354 1844 2745 1411 3456 5627 945 2079 5618 408 630 952 5373 2908 1015 3095 1471 2542 5551 3906 4420 2257 1183 198 2405 6510 2245 3468 5301 2463 4803 2438 1564 5850 4022 4667 3337 1946 3163 1347 2060 3426 1893 3006 5390 4959 1649 4888 4616 5787 2590 3767 
35 3000 2295 2430 2451 943 3635 4585 1826 4614 3282 3769 1621 2096 4743 3049 3138 2818 2215 2138 2135 4106 1072 5036 3440 2901 3852 3205 1069 4131 1420 4202 2955 3475 1496 3758 0 1509 1989 1458 4703 2576 4284 4877 2067 1616 4103 1122 2009 462 3955 1920 3583 5045 3238 2527 4703 3948 1937 3354 3164 4531 1799 1743 4508 2540 5211 1993 3468 1072 2643 4098 2780 3818 1540 2931 3682 2207 2149 2618 2768 3167 2390 2111 3317 3707 1180 3045 1019 3277 5734 2270 4973 3158 3718 1456 3585 3141 2171 2031 4105 415 
36 3000 953 3227 3076 1867 2591 4837 2653 4977 4700 4579 114 3123 4010 4552 1633 4317 725 2223 856 5298 2111 5632 3050 2533 3465 4677 525 3829 2919 3256 2864 4774 1459 4411 1509 0 2765 1088 4452 4004 3029 4213 3533 1769 3673 1052 3468 1870 3305 2682 4943 5463 2469 1229 5310 3831 2544 4053 3927 5313 2649 3169 5328 3994 5870 3340 4870 558 4134 5325 3725 4405 2739 2212 4944 1442 3313 2404 4222 2889 2851 2468 2291 2482 1077 4270 2462 3486 6471 3763 5968 2605 5175 2496 4722 4613 697 2105 3793 1915 
37 3000 3719 4256 4354 2893 3386 6533 3697 6530 4134 5492 2864 3804 6612 3422 4012 2782 3421 4126 3614 5389 925 6842 5392 4846 5810 3820 2647 6106 1939 5959 4940 4626 1422 5579 1989 2765 0 3306 6687 3518 5792 6774 2977 3597 6056 1717 1901 1617 5845 3810 4576 6933 5066 3029 6513 5937 322 5170 4955 6236 205 2912 6185 3383 6975 3295 2682 2683 2558 5322 4474 5669 3184 2458 4884 3993 921 4584 2377 5134 4343 701 5012 5248 3061 4385 2430 5252 7429 2937 6464 5063 3170 625 4997 2785 3420 1120 6078 1836 
38 3000 1180 2237 2037 1173 3671 3754 1721 3889 4078 3551 1117 2249 3313 4151 2372 4101 1389 1134 1004 4432 2455 4551 2120 1576 2543 4161 754 2875 2756 2743 1815 4007 2282 3348 1458 1088 3306 0 3486 3426 2904 3467 3053 704 2778 1796 3398 1921 2539 1717 4234 4375 1786 2281 4233 2809 3168 3006 2899 4268 3141 2643 4292 3463 4796 2698 4881 704 3957 4483 2772 3331 2025 3286 4139 752 3600 1376 4144 1903 1784 3211 1874 2326 282 3460 2049 2399 5407 3348 4983 1758 5077 2860 3834 4485 1313 2948 2842 1832 
39 3000 3854 3107 2784 3870 6778 1553 3343 1921 5483 3159 4428 3648 1526 6133 4896 6486 4308 2566 3801 4755 5775 2893 1406 1923 1007 5851 4237 624 5519 2250 1748 4926 5769 2661 4703 4452 6687 3486 0 5166 3361 1311 5163 3089 868 5282 6156 5119 1482 3214 5300 2282 2197 5398 2775 792 6597 2769 2942 3324 6501 4806 3452 5316 3216 4557 7557 4189 6441 4913 3430 2469 4066 6631 4854 3024 6762 2120 6767 1582 2586 6681 2724 3217 3678 4416 4674 1708 3831 5506 4381 1888 7539 6154 4271 6971 4240 6434 662 4938 
40 3000 4573 2063 2409 2255 6171 4244 2022 4064 706 2582 4106 1556 5909 969 5623 1497 4641 3156 4395 1908 2876 3948 4437 4061 4721 756 3492 4806 1588 5743 3735 1119 3902 2914 2576 4004 3518 3426 5166 0 6229 5923 556 2979 4969 3648 1771 2437 5155 2125 1071 4294 4759 5101 3666 4399 3701 2588 2359 3176 3332 836 3077 188 3965 741 2662 3472 1560 1819 1791 3086 1424 5388 1386 4058 2887 3718 1960 4110 2680 4055 5109 5671 3196 1064 1559 3460 4253 630 3080 4450 2475 2936 1652 1985 4580 4221 4802 2260 
41 3000 2077 4549 4208 4041 4259 4629 4275 4944 6825 5486 2928 4821 2006 7025 2252 7005 2391 3165 2199 6812 5113 5892 2445 2443 2571 6983 3260 2906 5652 1114 2982 6593 4431 5080 4284 3029 5792 2904 3361 6229 0 2290 5918 3250 2557 4075 6281 4730 1918 4206 6886 5414 1633 3197 5662 3288 5558 4915 4938 6002 5678 5501 6087 6294 6209 5487 7752 3242 6860 6912 5102 4956 4805 4528 6657 2188 6315 2714 7034 2642 3864 5435 1135 579 3179 6014 4949 3736 6867 6229 6969 2075 7974 5509 6211 7385 2380 5017 2866 4689 
42 3000 3411 3890 3529 4208 6207 2843 3940 3207 6348 4276 4156 4367 284 6862 4209 7093 3863 2903 3418 5835 5916 4187 1515 2004 1203 6655 4152 1219 5949 1225 2194 5885 5647 3789 4877 4213 6774 3467 1311 5923 2290 0 5808 3324 964 5187 6609 5331 928 3822 6243 3590 1744 4916 4045 1710 6625 3804 3931 4553 6609 5413 4672 6049 4512 5239 8075 4111 7011 5979 4327 3611 4646 6235 5856 2806 7022 2331 7291 1839 3242 6632 2045 2327 3721 5333 5115 2582 5136 6154 5605 1718 8142 6317 5300 7553 3811 6309 1204 5193 
43 3000 4164 2075 2378 1884 5632 4393 1869 4255 1244 2865 3639 1519 5768 1107 5164 1326 4195 2953 3989 2419 2319 4256 4299 3875 4619 1143 3034 4747 1039 5517 3616 1649 3353 3128 2067 3533 2977 3053 5163 556 5918 5808 0 2692 4874 3115 1316 1894 4992 1989 1627 4536 4519 4594 3955 4377 3150 2762 2526 3524 2787 418 3440 476 4309 614 2445 3018 1308 2346 1950 3282 1171 4839 1908 3730 2391 3530 1679 3972 2598 3501 4818 5349 2805 1470 1071 3459 4652 346 3547 4250 2376 2387 2087 1817 4139 3664 4739 1728 
44 3000 1824 1550 1333 893 4360 3139 1086 3242 3584 2847 1809 1636 3223 3799 3052 3874 2084 538 1658 3787 2687 3863 1844 1320 2246 3733 1346 2515 2639 2843 1343 3423 2785 2646 1616 1769 3597 704 3089 2979 3250 3324 2692 0 2501 2300 3300 2045 2427 1056 3682 3718 1840 2980 3541 2345 3516 2301 2196 3563 3412 2274 3587 3048 4101 2237 4780 1296 3762 3851 2097 2636 1556 3926 3531 1099 3721 1012 4007 1557 1083 3627 2132 2694 714 2858 1825 1782 4707 3017 4287 1636 4899 3071 3183 4304 2006 3431 2490 1884 
45 3000 3016 2928 2568 3356 5930 2110 3005 2451 5384 3353 3639 3414 1023 5914 4030 6172 3473 2029 2976 4890 5167 3428 664 1210 260 5696 3512 356 5077 1471 1262 4921 5042 2875 4103 3673 6056 2778 868 4969 2557 964 4874 2501 0 4563 5732 4543 640 2885 5278 2893 1335 4562 3242 817 5939 2859 2976 3693 5880 4486 3803 5099 3752 4295 7182 3466 6100 5030 3362 2707 3721 5820 4897 2231 6222 1489 6394 949 2290 5989 1856 2364 3001 4369 4234 1623 4400 5220 4731 1070 7225 5559 4346 6640 3408 5710 320 4385 
46 3000 2004 3461 3418 1946 2526 5432 2849 5512 4353 4825 1147 3188 5001 3996 2408 3615 1710 2830 1906 5228 1171 6032 3911 3369 4334 4223 1050 4671 2274 4288 3589 4590 488 4762 1122 1052 1717 1796 5282 3648 4075 5187 3115 2300 4563 0 2700 1228 4264 2922 4682 5972 3448 1568 5701 4593 1493 4369 4197 5585 1611 2832 5572 3591 6230 3107 3992 1097 3410 5219 3861 4798 2656 1811 4802 2381 2333 3167 3422 3699 3284 1445 3328 3533 1620 4167 2116 4079 6782 3264 6079 3517 4358 1513 4705 3834 1706 1151 4638 1388 
47 3000 4303 3203 3441 2407 5032 5578 2822 5478 2294 4158 3583 2651 6521 1521 5053 938 4191 3709 4145 3678 1588 5552 5101 4608 5472 1934 3074 5669 660 6102 4480 2884 2748 4382 2009 3468 1901 3398 6156 1771 6281 6609 1316 3300 5732 2700 0 1599 5725 2951 2765 5794 5107 4269 5244 5363 2152 3997 3762 4835 1750 1475 4754 1603 5617 1845 1487 3080 720 3581 3199 4521 2113 4148 3153 4147 1134 4277 758 4788 3577 2543 5272 5702 3116 2782 1498 4502 5968 1142 4845 4936 1710 1439 3395 1146 4155 2835 5653 1597 
48 3000 2715 2667 2742 1279 3737 4915 2090 4918 3138 3957 1985 2258 5201 2776 3471 2458 2592 2553 2562 4114 695 5272 3882 3346 4289 2994 1486 4557 1071 4665 3371 3428 1471 3998 462 1870 1617 1921 5119 2437 4730 5331 1894 2045 4543 1228 1599 0 4411 2198 3488 5330 3700 2761 4940 4353 1622 3590 3384 4714 1418 1643 4677 2369 5425 1959 3031 1496 2268 4085 2944 4077 1653 2956 3656 2669 1691 3054 2355 3601 2726 1861 3777 4154 1643 3058 968 3639 5917 2036 5066 3614 3308 1039 3634 2743 2556 1881 4533 233 
49 3000 2549 3184 2817 3318 5418 2724 3139 3053 5632 3811 3255 3610 796 6069 3471 6251 3007 2046 2537 5289 4989 4020 738 1124 675 5901 3226 987 5064 853 1443 5237 4729 3354 3955 3305 5845 2539 1482 5155 1918 928 4992 2427 640 4264 5725 4411 0 3031 5577 3509 844 4082 3814 1393 5697 3279 3361 4222 5681 4587 4323 5267 4341 4446 7200 3184 6157 5417 3674 3203 3822 5378 5241 1883 6102 1466 6422 1054 2499 5708 1272 1734 2794 4667 4239 2030 4995 5334 5240 797 7292 5391 4719 6700 2948 5392 947 4279 
50 3000 2876 550 544 986 5240 2734 129 2720 2645 1919 2746 616 3793 3043 4089 3294 3105 1053 2706 2730 2893 3121 2320 1938 2629 2875 2185 2765 2331 3630 1628 2394 3367 1844 1920 2682 3810 1717 3214 2125 4206 3822 1989 1056 2885 2922 2951 2198 3031 0 2679 3133 2662 3911 2788 2422 3817 1447 1278 2673 3607 1606 2671 2236 3309 1418 4344 2141 3235 2795 1055 1898 852 4691 2485 2133 3671 1597 3554 1992 627 4025 3071 3675 1616 1820 1506 1552 3863 2335 3287 2330 4349 3206 2126 3770 3029 3945 2755 1975 
51 3000 5411 2397 2763 3109 7208 4118 2614 3862 491 2294 5038 2064 6276 1486 6531 2240 5535 3725 5234 1032 3947 3492 4839 4558 5051 976 4420 5053 2656 6262 4135 380 4958 2745 3583 4943 4576 4234 5300 1071 6886 6243 1627 3682 5278 4682 2765 3488 5577 2679 0 3971 5324 6088 3269 4595 4767 2539 2358 2671 4394 1850 2543 1193 3426 1606 3338 4393 2381 885 1915 2941 2224 6444 561 4781 3899 4233 2771 4525 3093 5125 5750 6353 4039 911 2567 3669 3569 1643 2267 4957 2997 4003 1121 2656 5469 5291 5058 3299 
52 3000 5217 2681 2594 4102 8034 785 3240 500 4319 1720 5487 3182 3785 5211 6433 5786 5609 3240 5100 3118 6023 664 3011 3249 2843 4790 5065 2537 5275 4360 2732 3601 6442 1411 5045 5463 6933 4375 2282 4294 5414 3590 4536 3718 2893 5972 5794 5330 3509 3133 3971 0 3922 6628 725 2126 6951 1802 2035 1377 6729 4319 1522 4479 964 3954 6948 5014 5821 3300 2595 1280 3789 7644 3424 4286 6699 3190 6208 2919 2688 7156 4517 5124 4432 3277 4544 1994 1550 4828 2337 3480 6762 6320 2851 6278 5530 7051 2573 5103 
53 3000 1708 2950 2599 2721 4602 3154 2749 3432 5307 3854 2415 3276 1553 5621 2698 5714 2167 1610 1692 5192 4238 4341 917 810 1209 5515 2425 1603 4450 1003 1352 5013 3905 3456 3238 2469 5066 1786 2197 4759 1633 1744 4519 1840 1335 3448 5107 3700 844 2662 5324 3922 0 3248 4088 1840 4903 3282 3306 4389 4910 4102 4468 4847 4649 4024 6594 2386 5598 5298 3493 3341 3359 4536 5061 1074 5385 1098 5831 1034 2255 4894 594 1221 2058 4434 3658 2121 5308 4850 5340 455 6735 4643 4594 6139 2107 4565 1560 3593 
54 3000 1545 4457 4300 3070 1410 5967 3881 6135 5807 5807 1173 4340 4674 5536 1041 5183 1089 3398 1600 6502 2716 6831 4001 3540 4390 5727 1736 4777 3827 3792 3953 5945 1629 5627 2527 1229 3029 2281 5398 5101 3197 4916 4594 2980 4562 1568 4269 2761 4082 3911 6088 6628 3248 0 6514 4861 2729 5276 5154 6537 2992 4266 6554 5068 7078 4482 5526 1776 4978 6521 4952 5613 3921 1344 6128 2411 3806 3483 4985 3905 4063 2481 2872 2778 2304 5462 3542 4636 7687 4780 7196 3509 5915 3012 5934 5399 1158 2012 4737 2881 
55 3000 5191 2276 2283 3774 7901 1227 2877 860 3636 1090 5348 2712 4208 4555 6433 5163 5547 3125 5056 2395 5623 332 3216 3340 3139 4117 4868 2896 4766 4665 2788 2905 6153 945 4703 5310 6513 4233 2775 3666 5662 4045 3955 3541 3242 5701 5244 4940 3814 2788 3269 725 4088 6514 0 2429 6559 1351 1558 652 6307 3779 798 3853 573 3400 6328 4820 5214 2576 2065 908 3331 7436 2716 4270 6204 3207 5607 3055 2461 6794 4677 5310 4244 2623 4089 1999 1224 4227 1655 3634 6114 5891 2155 5650 5468 6732 2926 4708 
56 3000 3345 2335 2002 3094 6264 1342 2550 1660 4747 2566 3820 2868 1821 5363 4481 5699 3782 1811 3264 4131 5020 2627 926 1321 720 5097 3563 492 4727 2246 1007 4227 5082 2079 3948 3831 5937 2809 792 4399 3288 1710 4377 2345 817 4593 5363 4353 1393 2422 4595 2126 1840 4861 2429 0 5861 2105 2249 2877 5748 4016 2989 4544 2949 3774 6765 3513 5651 4279 2696 1904 3274 6037 4178 2451 5983 1434 5975 955 1794 5965 2427 3012 2975 3696 3883 941 3602 4722 3918 1430 6753 5391 3609 6182 3709 5742 513 4167 
57 3000 3494 4288 4359 2870 3065 6518 3711 6534 4338 5560 2637 3863 6454 3669 3725 3056 3175 4051 3399 5545 936 6890 5276 4729 5697 4048 2477 6006 2112 5772 4858 4795 1146 5618 1937 2544 322 3168 6597 3701 5558 6625 3150 3516 5939 1493 2152 1622 5697 3817 4767 6951 4903 2729 6559 5861 0 5210 5001 6312 405 3048 6267 3576 7036 3420 3000 2516 2831 5487 4543 5699 3247 2137 5048 3828 1233 4483 2671 5031 4323 396 4816 5023 2938 4522 2508 5215 7511 3141 6588 4926 3482 764 5128 3084 3179 798 5977 1851 
58 3000 4063 925 978 2431 6639 1656 1529 1492 2767 580 4103 1384 3881 3544 5311 4048 4372 1977 3911 2031 4274 1683 2562 2474 2665 3185 3584 2587 3474 4070 1936 2162 4814 408 3354 4053 5170 3006 2769 2588 4915 3804 2762 2301 2859 4369 3997 3590 3279 1447 2539 1802 3282 5276 1351 2105 5210 0 236 1262 4965 2522 1289 2763 1862 2166 5199 3537 4063 2175 812 524 1998 6128 2085 3185 4900 2237 4441 2298 1232 5442 3827 4473 2976 1683 2756 1250 2426 3070 2075 2843 5060 4550 1506 4544 4293 5384 2599 3358 
59 3000 3987 737 862 2253 6504 1885 1349 1728 2562 652 3982 1159 3994 3319 5232 3815 4278 1919 3831 1928 4065 1888 2633 2496 2769 2969 3446 2721 3242 4131 1976 1985 4635 630 3164 3927 4955 2899 2942 2359 4938 3931 2526 2196 2976 4197 3762 3384 3361 1278 2358 2035 3306 5154 1558 2249 5001 236 0 1395 4750 2286 1401 2533 2047 1929 4964 3400 3828 2059 577 759 1776 5970 1929 3131 4671 2236 4205 2352 1159 5241 3834 4477 2850 1482 2535 1353 2584 2835 2113 2877 4829 4334 1369 4311 4200 5195 2730 3152 
60 3000 5312 2126 2237 3639 7896 1813 2737 1462 3067 762 5364 2455 4692 4019 6561 4666 5631 3221 5163 1756 5377 822 3569 3602 3557 3559 4839 3363 4411 5061 3045 2320 6015 952 4531 5313 6236 4268 3324 3176 6002 4553 3524 3563 3693 5585 4835 4714 4222 2673 2671 1377 4389 6537 652 2877 6312 1262 1395 0 6031 3403 145 3364 789 3013 5830 4793 4736 1938 1770 1047 3065 7364 2112 4418 5849 3414 5135 3361 2489 6575 4962 5605 4236 2113 3807 2267 1203 3768 1057 3935 5581 5611 1582 5144 5552 6558 3388 4481 
61 3000 3602 4051 4151 2696 3436 6332 3494 6327 3957 5287 2751 3598 6453 3268 3953 2650 3321 3938 3490 5196 730 6636 5216 4671 5633 3654 2501 5924 1748 5815 4754 4436 1366 5373 1799 2649 205 3141 6501 3332 5678 6609 2787 3412 5880 1611 1750 1418 5681 3607 4394 6729 4910 2992 6307 5748 405 4965 4750 6031 0 2713 5980 3201 6769 3094 2629 2534 2426 5131 4269 5464 2978 2514 4693 3839 856 4404 2270 4954 4144 801 4873 5128 2891 4187 2225 5055 7224 2759 6264 4896 3097 421 4798 2684 3316 1165 5897 1634 
62 3000 3766 1756 2032 1471 5358 4117 1482 4005 1540 2701 3272 1196 5366 1525 4792 1688 3815 2543 3590 2504 2161 4093 3900 3467 4229 1526 2661 4371 1010 5102 3224 1789 3114 2908 1743 3169 2912 2643 4806 836 5501 5413 418 2274 4486 2832 1475 1643 4587 1606 1850 4319 4102 4266 3779 4016 3048 2522 2286 3403 2713 0 3333 831 4174 391 2759 2642 1635 2460 1725 3046 767 4598 2025 3314 2445 3122 1974 3574 2225 3373 4400 4933 2399 1474 724 3112 4568 749 3551 3838 2742 2297 2085 2166 3756 3485 4361 1448 
63 3000 5352 2121 2256 3627 7905 1951 2729 1602 2947 752 5381 2421 4807 3906 6600 4563 5662 3263 5201 1615 5334 957 3661 3676 3662 3441 4847 3477 4343 5158 3120 2197 5996 1015 4508 5328 6185 4292 3452 3077 6087 4672 3440 3587 3803 5572 4754 4677 4323 2671 2543 1522 4468 6554 798 2989 6267 1289 1401 145 5980 3333 0 3265 895 2942 5724 4801 4638 1797 1733 1130 3025 7358 1983 4466 5779 3477 5037 3444 2521 6537 5037 5681 4250 2012 3760 2350 1244 3676 932 4016 5468 5559 1465 5038 5583 6530 3501 4444 
64 3000 4596 2209 2547 2289 6107 4419 2128 4244 776 2768 4098 1686 6028 818 5621 1310 4645 3253 4419 2075 2773 4136 4555 4165 4848 697 3489 4943 1468 5837 3856 1280 3825 3095 2540 3994 3383 3463 5316 188 6294 6049 476 3048 5099 3591 1603 2369 5267 2236 1193 4479 4847 5068 3853 4544 3576 2763 2533 3364 3201 831 3265 0 4153 824 2475 3471 1372 1978 1962 3265 1493 5309 1550 4114 2727 3821 1772 4227 2808 3936 5180 5731 3225 1252 1534 3608 4439 461 3258 4550 2297 2812 1837 1799 4587 4119 4938 2204 
65 3000 5764 2781 2822 4293 8461 1669 3390 1308 3839 1484 5910 3173 4691 4801 7007 5455 6118 3695 5629 2461 6099 325 3767 3909 3666 4335 5421 3401 5177 5195 3359 3087 6676 1471 5211 5870 6975 4796 3216 3965 6209 4512 4309 4101 3752 6230 5617 5425 4341 3309 3426 964 4649 7078 573 2949 7036 1862 2047 789 6769 4174 895 4153 0 3786 6617 5372 5525 2641 2501 1465 3791 7981 2865 4844 6617 3780 5924 3617 3019 7285 5240 5869 4800 2902 4544 2570 659 4556 1466 4195 6363 6350 2360 5931 6039 7242 3433 5192 
66 3000 3856 1462 1772 1535 5628 3785 1306 3656 1383 2317 3437 908 5211 1624 4940 1939 3949 2428 3679 2156 2519 3710 3738 3341 4042 1497 2819 4155 1402 5013 3044 1483 3421 2542 1993 3340 3295 2698 4557 741 5487 5239 614 2237 4295 3107 1845 1959 4446 1418 1606 3954 4024 4482 3400 3774 3420 2166 1929 3013 3094 391 2942 824 3786 0 3057 2794 1921 2126 1359 2688 683 4897 1700 3317 2836 2996 2285 3410 2007 3736 4367 4929 2478 1107 997 2850 4176 951 3169 3725 2986 2676 1707 2431 3885 3827 4148 1748 
67 3000 5745 4510 4791 3886 6063 6838 4215 6691 2857 5243 4984 3950 7995 1854 6397 1165 5595 5171 5593 4366 2821 6610 6562 6079 6922 2362 4517 7098 2144 7590 5922 3597 3916 5551 3468 4870 2682 4881 7557 2662 7752 8075 2445 4780 7182 3992 1487 3031 7200 4344 3338 6948 6594 5526 6328 6765 3000 5199 4964 5830 2629 2759 5724 2475 6617 3057 0 4528 1137 4224 4386 5713 3491 5138 3857 5632 1773 5745 790 6244 4970 3382 6756 7174 4599 3718 2962 5871 6861 2128 5599 6415 563 2517 4270 689 5565 3792 7085 3063 
68 3000 1222 2690 2560 1308 3103 4424 2106 4537 4163 4050 646 2566 3938 4063 2151 3884 1177 1797 1065 4739 1897 5145 2814 2273 3237 4161 50 3575 2489 3281 2515 4218 1580 3906 1072 558 2683 704 4189 3472 3242 4111 3018 1296 3466 1097 3080 1496 3184 2141 4393 5014 2386 1776 4820 3513 2516 3537 3400 4793 2534 2642 4801 3471 5372 2794 4528 0 3713 4766 3176 3912 2183 2630 4386 1312 3088 2080 3839 2606 2359 2528 2347 2669 582 3712 1950 3065 5962 3266 5422 2425 4790 2301 4164 4214 1123 2247 3542 1487 
69 3000 4932 3377 3666 2878 5751 5701 3109 5556 1889 4124 4249 2818 6947 950 5738 224 4852 4113 4768 3374 2308 5502 5495 5032 5841 1441 3712 5999 1224 6601 4837 2581 3468 4420 2643 4134 2558 3957 6441 1560 6860 7011 1308 3762 6100 3410 720 2268 6157 3235 2381 5821 5598 4978 5214 5651 2831 4063 3828 4736 2426 1635 4638 1372 5525 1921 1137 3713 0 3250 3251 4580 2384 4863 2850 4693 1701 4692 401 5173 3859 3227 5815 6281 3680 2625 1940 4747 5805 994 4591 5384 1137 2146 3203 543 4811 3541 5988 2228 
70 3000 5659 2369 2703 3458 7727 3577 2769 3276 1370 1763 5409 2234 6051 2371 6844 3118 5848 3768 5486 182 4619 2754 4685 4497 4828 1861 4800 4762 3383 6170 4009 700 5547 2257 4098 5325 5322 4483 4913 1819 6912 5979 2346 3851 5030 5219 3581 4085 5417 2795 885 3300 5298 6521 2576 4279 5487 2175 2059 1938 5131 2460 1797 1978 2641 2126 4224 4766 3250 0 1810 2454 2601 7019 438 4924 4705 4202 3645 4393 3048 5825 5784 6414 4332 1060 3123 3410 2716 2440 1388 4890 3876 4726 703 3541 5776 5945 4775 3875 
71 3000 3922 563 894 1929 6258 2459 1071 2305 2053 1018 3793 687 4361 2757 5143 3238 4160 1961 3755 1720 3607 2386 2936 2699 3136 2429 3218 3144 2702 4390 2238 1564 4273 1183 2780 3725 4474 2772 3430 1791 5102 4327 1950 2097 3362 3861 3199 2944 3674 1055 1915 2595 3493 4952 2065 2696 4543 812 577 1770 4269 1725 1733 1962 2501 1359 4386 3176 3251 1810 0 1331 1295 5662 1574 3137 4138 2395 3629 2628 1239 4806 3974 4604 2668 1006 2043 1760 2972 2258 2246 3096 4255 3849 1113 3734 4084 4797 3147 2711 
72 3000 4318 1413 1380 2882 6996 1183 1994 978 3214 691 4445 1902 3724 4033 5565 4559 4661 2237 4178 2291 4767 1236 2531 2555 2549 3652 3960 2397 3995 4032 1998 2560 5255 198 3818 4405 5669 3331 2469 3086 4956 3611 3282 2636 2707 4798 4521 4077 3203 1898 2941 1280 3341 5613 908 1904 5699 524 759 1047 5464 3046 1130 3265 1465 2688 5713 3912 4580 2454 1331 0 2511 6528 2443 3408 5419 2377 4960 2315 1554 5920 3915 4558 3337 2134 3267 1220 2084 3586 2036 2888 5562 5053 1848 5054 4581 5842 2417 3847 
73 3000 3193 1118 1328 885 5137 3491 725 3425 2054 2313 2829 619 4600 2263 4308 2450 3311 1782 3015 2591 2311 3659 3133 2704 3464 2177 2214 3615 1517 4354 2459 2035 3032 2405 1540 2739 3184 2025 4066 1424 4805 4646 1171 1556 3721 2656 2113 1653 3822 852 2224 3789 3359 3921 3331 3274 3247 1998 1776 3065 2978 767 3025 1493 3791 683 3491 2183 2384 2601 1295 2511 0 4468 2207 2634 2915 2359 2701 2807 1479 3512 3688 4246 1817 1541 758 2391 4266 1512 3436 3080 3503 2560 2050 2921 3245 3522 3603 1421 
74 3000 2830 5238 5158 3736 929 7041 4629 7166 6084 6608 2216 4994 5999 5598 2305 5084 2373 4416 2847 7034 2588 7764 5225 4728 5630 5895 2579 6007 3892 5131 5077 6377 1486 6510 2931 2212 2458 3286 6631 5388 4528 6235 4839 3926 5820 1811 4148 2956 5378 4691 6444 7644 4536 1344 7436 6037 2137 6128 5970 7364 2514 4598 7358 5309 7981 4897 5138 2630 4863 7019 5662 6528 4468 0 6597 3607 3366 4615 4761 5089 4982 1767 4199 4122 3212 5972 3900 5684 8552 4937 7889 4753 5610 2719 6516 5180 2429 1348 5968 3152 
75 3000 5319 2111 2464 3078 7316 3609 2445 3337 1003 1775 5031 1896 5908 2003 6486 2730 5488 3495 5144 526 4183 2934 4504 4272 4681 1505 4418 4650 2944 5965 3811 270 5121 2245 3682 4944 4884 4139 4854 1386 6657 5856 1908 3531 4897 4802 3153 3656 5241 2485 561 3424 5061 6128 2716 4178 5048 2085 1929 2112 4693 2025 1983 1550 2865 1700 3857 4386 2850 438 1574 2443 2207 6597 0 4618 4273 3962 3248 4200 2806 5387 5524 6144 3974 680 2697 3274 3020 2011 1745 4669 3540 4287 595 3169 5417 5511 4659 3448 
76 3000 931 2575 2292 1852 3817 3587 2177 3786 4677 3760 1408 2730 2626 4836 2163 4830 1340 1212 822 4850 3175 4568 1618 1130 2028 4807 1351 2399 3502 1998 1563 4518 2845 3468 2207 1442 3993 752 3024 4058 2188 2806 3730 1099 2231 2381 4147 2669 1883 2133 4781 4286 1074 2411 4270 2451 3828 3185 3131 4418 3839 3314 4466 4114 4844 3317 5632 1312 4693 4924 3137 3408 2634 3607 4618 0 4338 1096 4890 1495 1972 3825 1124 1618 1035 3950 2767 2301 5485 4040 5244 1162 5818 3581 4243 5225 1264 3510 2362 2585 
77 3000 4246 4033 4204 2891 4290 6394 3546 6339 3429 5137 3423 3517 6892 2616 4731 1920 4020 4211 4116 4795 1203 6523 5564 5033 5966 3059 3064 6219 1439 6336 5024 4006 2179 5301 2149 3313 921 3600 6762 2887 6315 7022 2391 3721 6222 2333 1134 1691 6102 3671 3899 6699 5385 3806 6204 5983 1233 4900 4671 5849 856 2445 5779 2727 6617 2836 1773 3088 1701 4705 4138 5419 2915 3366 4273 4338 0 4733 1474 5276 4266 1622 5426 5749 3326 3858 2173 5201 7011 2266 5939 5305 2249 821 4476 1874 4004 2019 6197 1836 
78 3000 2027 1852 1500 1879 4893 2492 1695 2690 4236 2817 2400 2200 2254 4615 3246 4784 2431 580 1916 4099 3685 3495 833 345 1234 4471 2130 1523 3618 2036 470 3918 3655 2463 2618 2404 4584 1376 2120 3718 2714 2331 3530 1012 1489 3167 4277 3054 1466 1597 4233 3190 1098 3483 3207 1434 4483 2237 2236 3414 4404 3122 3477 3821 3780 2996 5745 2080 4692 4202 2395 2377 2359 4615 3962 1096 4733 0 4963 550 1157 4561 1598 2241 1557 3338 2783 1215 4429 3871 4312 733 5827 4074 3499 5235 2354 4318 1494 2896 
79 3000 5061 3729 4005 3115 5667 6070 3425 5934 2279 4517 4337 3168 7216 1312 5796 539 4946 4388 4903 3771 2274 5898 5778 5299 6135 1818 3833 6308 1388 6830 5134 2980 3423 4803 2768 4222 2377 4144 6767 1960 7034 7291 1679 4007 6394 3422 758 2355 6422 3554 2771 6208 5831 4985 5607 5975 2671 4441 4205 5135 2270 1974 5037 1772 5924 2285 790 3839 401 3645 3629 4960 2701 4761 3248 4890 1474 4963 0 5459 4181 3067 6015 6455 3863 3025 2183 5083 6207 1380 4990 5640 953 2048 3604 420 4911 3420 6295 2354 
