FILE: 1411EuclS.txt
100 100 0 
1 3000 0 3018 4771 5699 3727 4499 5245 3313 231 3068 6434 644 5249 1792 5657 4344 4937 2382 2069 3753 4411 4288 4485 5452 2072 2782 1360 6973 6612 2487 3624 4544 1387 6901 5468 2281 1423 2315 6377 6868 1800 3706 3035 4313 5611 5269 4909 2473 3219 4203 3654 3434 1956 2622 1923 6174 3740 1231 3116 2837 2230 3589 4518 5330 5291 5332 6595 1183 1497 3398 3080 7670 4248 954 3615 5403 2469 1443 4563 3920 1552 7603 6383 3952 5582 1763 3730 6203 4584 6609 3929 5740 1809 624 946 2624 3929 1666 2554 2909 
2 3000 3018 0 4366 5404 3315 2712 3852 4048 2836 1112 4401 3229 5286 1441 3548 2551 6201 4694 3925 3482 3603 2514 5664 3678 2664 5082 1780 7953 7296 2275 2382 3320 4063 4910 4340 1425 1710 965 6891 7810 4740 2161 1487 5734 3707 5920 3540 4825 1902 6568 5981 5931 1199 5471 1371 7441 6005 2939 5315 4662 1036 1652 3211 5605 3365 3679 5396 4179 1560 2223 357 8430 4919 2096 4001 6701 554 2244 4695 1812 3043 8222 4289 3580 4055 4648 3193 6742 3608 5123 3605 4174 4324 3642 3804 455 3474 2581 682 152 
3 3000 4771 4366 0 1045 1129 2231 1556 1820 4818 3257 3065 4296 1028 3721 2850 2285 3004 3994 3317 1040 834 2276 2602 2213 2707 4089 4777 4023 3203 2476 2005 1368 4422 3282 1220 5305 3929 4849 2723 3865 5243 2292 2879 2979 2477 2071 1507 4091 2464 4947 4535 4828 4723 5370 3638 3887 4437 3570 4007 3266 4847 2838 1503 1469 2436 1988 2056 5169 4079 2143 4028 4288 1632 4241 1364 3372 4217 3434 822 2885 3272 4010 3144 862 1853 5035 1207 2611 976 2367 867 1972 4227 5104 4664 4512 933 3114 3835 4241 
4 3000 5699 5404 1045 0 2166 3114 2167 2513 5765 4292 3436 5180 665 4753 3465 3199 2908 4604 4051 2054 1819 3200 2666 2815 3667 4616 5797 3368 2483 3499 3029 2257 5191 3505 1625 6347 4946 5894 1974 3209 5966 3298 3919 3106 3056 1751 2264 4681 3502 5206 4887 5243 5763 5969 4674 3473 4764 4475 4463 3816 5891 3845 2393 1044 3119 2609 1838 5975 5104 3180 5062 3472 1907 5235 2116 3145 5262 4418 1203 3859 4163 3149 3556 1894 2338 5753 2251 1912 1883 2374 1889 2398 4935 5978 5489 5557 1974 4069 4880 5281 
5 3000 3727 3315 1129 2166 0 1731 1745 1380 3751 2228 3244 3308 1971 2591 2736 1700 3294 3372 2573 197 729 1666 2788 2227 1656 3566 3649 4751 4024 1350 1088 1127 3577 3600 1792 4182 2804 3735 3594 4600 4432 1423 1835 3042 2474 2701 1482 3489 1438 4699 4200 4403 3597 4704 2509 4404 4136 2572 3579 2778 3729 1928 1194 2300 2281 2026 2887 4260 2951 1145 2994 5152 1839 3132 1017 3752 3118 2340 1398 2073 2305 4923 3266 272 2113 4234 159 3454 957 2995 290 2271 3467 4116 3742 3421 205 2060 2743 3182 
6 3000 4499 2712 2231 3114 1731 0 1167 3092 4435 1724 1936 4293 3259 2836 1179 169 4990 4878 4020 1917 1415 219 4500 1008 2733 5138 3868 6247 5435 2124 939 867 4818 2414 1714 4007 3185 3506 4953 6089 5675 792 1540 4771 1121 4246 903 5007 1280 6379 5853 6009 3540 6115 2706 6031 5804 3618 5204 4402 3541 1094 731 3695 792 972 2696 5347 3228 1135 2357 6514 3525 3645 2748 5428 2825 3082 2909 905 3459 6224 1885 1844 1342 5502 1577 4843 1258 2415 1901 1464 4832 5032 4838 3031 1725 3032 2456 2639 
7 3000 5245 3852 1556 2167 1745 1167 0 3044 5222 2805 1551 4921 2492 3753 1316 1314 4554 5116 4317 1851 1050 1344 4132 666 3261 5298 4829 5485 4622 2758 1678 700 5288 1861 584 5087 4066 4589 4119 5325 6150 1750 2540 4483 925 3611 342 5232 2179 6345 5879 6115 4580 6449 3633 5429 5801 4197 5286 4495 4615 2203 734 2962 952 447 1544 5928 4150 1908 3495 5639 3143 4489 2607 4929 3906 3802 2369 2065 3968 5315 1609 1677 367 5957 1658 4035 800 1376 1734 526 5205 5711 5407 4139 1609 3632 3523 3767 
8 3000 3313 4048 1820 2513 1380 3092 3044 0 3421 3114 4583 2737 1973 2890 4114 3040 2158 2174 1538 1221 1994 3000 1621 3585 1528 2286 3748 3963 3424 1772 2309 2491 2677 4902 2931 4516 2933 4162 3118 3830 3461 2636 2739 1761 3838 2028 2825 2272 2448 3323 2837 3074 3920 3550 2869 3393 2766 2089 2245 1467 4128 3040 2570 2017 3660 3375 3875 3465 3132 2259 3794 4539 972 3070 460 2656 3686 2271 1314 3268 1765 4407 4618 1370 3405 3250 1522 2948 2247 4138 1312 3554 2433 3509 2988 4004 1456 1849 3382 3897 
9 3000 231 2836 4818 5765 3751 4435 5222 3421 0 2950 6372 835 5335 1672 5582 4276 5107 2597 2241 3790 4420 4221 4645 5402 2111 2999 1142 7137 6754 2475 3581 4524 1614 6845 5469 2053 1299 2103 6506 7028 2024 3643 2945 4487 5553 5399 4884 2691 3155 4428 3877 3662 1746 2851 1805 6351 3960 1332 3330 3023 2017 3493 4491 5435 5227 5290 6601 1399 1347 3352 2916 7822 4369 820 3701 5578 2292 1428 4647 3821 1655 7746 6315 3985 5553 1993 3744 6333 4583 6592 3966 5710 2030 816 1177 2431 3956 1703 2402 2733 
10 3000 3068 1112 3257 4292 2228 1724 2805 3114 2950 0 3577 3049 4191 1279 2738 1554 5269 4175 3331 2403 2490 1509 4734 2729 1944 4526 2195 6931 6240 1396 1270 2230 3769 4078 3261 2288 1651 1787 5820 6784 4560 1069 395 4858 2808 4884 2479 4309 795 5959 5382 5409 1819 5175 1146 6478 5379 2535 4703 3972 1818 632 2129 4528 2463 2692 4346 4099 1629 1113 772 7371 3917 2130 2997 5762 1104 1845 3622 911 2521 7150 3491 2486 3044 4425 2098 5676 2501 4128 2516 3178 3927 3665 3638 1336 2377 2023 732 997 
11 3000 6434 4401 3065 3436 3244 1936 1551 4583 6372 3577 0 6207 3902 4761 853 2096 6066 6605 5780 3372 2590 2150 5664 1031 4598 6811 5766 6802 5911 4019 2830 2120 6677 508 1879 5791 5116 5295 5402 6644 7540 2729 3457 6026 827 5058 1762 6726 3217 7893 7421 7644 5385 7909 4629 6861 7346 5513 6817 6019 5343 2953 2076 4373 1144 1217 1947 7251 5149 3048 4073 6833 4681 5580 4153 6415 4636 5010 3887 2670 5325 6473 169 3212 1215 7357 3132 5348 2337 1328 3270 1093 6642 6960 6736 4788 3132 4928 4298 4366 
12 3000 644 3229 4296 5180 3308 4293 4921 2737 835 3049 6207 0 4697 1847 5470 4149 4294 1775 1427 3307 4019 4093 3846 5197 1666 2182 1786 6332 5985 2190 3376 4222 867 6653 5087 2742 1523 2677 5762 6228 1526 3513 2934 3668 5379 4655 4597 1877 3037 3639 3075 2895 2317 2246 1959 5529 3150 735 2506 2193 2598 3491 4214 4750 5076 5057 6196 1063 1670 3161 3220 7035 3649 1161 3072 4759 2676 1233 4018 3826 1023 6975 6172 3511 5273 1420 3334 5588 4213 6262 3481 5433 1235 809 591 2889 3504 1290 2667 3101 
13 3000 5249 5286 1028 665 1971 3259 2492 1973 5335 4191 3902 4697 0 4476 3809 3313 2272 3990 3490 1814 1858 3303 2004 3158 3280 3981 5479 3007 2175 3217 2978 2395 4635 4031 2029 6105 4628 5677 1695 2848 5383 3283 3802 2442 3416 1162 2503 4060 3397 4540 4225 4586 5510 5345 4412 2958 4101 4017 3814 3193 5664 3824 2530 472 3418 2939 2462 5433 4801 3087 4961 3262 1260 4870 1634 2548 5080 4047 687 3895 3697 2993 4005 1706 2733 5170 2093 1583 2002 2953 1681 2823 4353 5480 4961 5386 1814 3668 4711 5153 
14 3000 1792 1441 3721 4753 2591 2836 3753 2890 1672 1279 4761 1847 4476 0 3948 2670 4977 3254 2504 2701 3127 2617 4449 3832 1377 3645 1086 6853 6287 1261 2074 3082 2646 5248 4096 1642 372 1274 5937 6720 3373 2058 1304 4455 3957 4887 3410 3384 1585 5135 4548 4490 1042 4062 134 6242 4577 1497 3887 3268 1238 1835 3021 4707 3620 3748 5230 2865 397 1845 1380 7414 3838 851 2968 5479 922 810 3816 2157 1617 7256 4692 2861 4052 3261 2525 5775 3233 5126 2863 4202 2887 2398 2436 1210 2790 1187 824 1299 
15 3000 5657 3548 2850 3465 2736 1179 1316 4114 5582 2738 853 5470 3809 3948 0 1321 5818 6018 5169 2895 2193 1376 5370 652 3909 6258 4933 6801 5934 3303 2115 1634 5996 1362 1842 4938 4309 4443 5429 6641 6854 1959 2645 5692 414 4918 1360 6144 2442 7435 6932 7116 4538 7279 3815 6736 6871 4798 6300 5495 4491 2123 1545 4277 454 869 2366 6526 4331 2315 3219 6936 4376 4779 3719 6213 3786 4253 3644 1828 4637 6602 753 2769 1142 6679 2601 5350 1954 1853 2829 1128 5998 6202 6017 3935 2668 4211 3453 3512 
16 3000 4344 2551 2285 3199 1700 169 1314 3040 4276 1554 2096 4149 3313 2670 1321 0 4981 4777 3916 1891 1457 55 4484 1178 2608 5045 3699 6286 5485 1991 822 941 4690 2578 1847 3839 3021 3337 5009 6129 5545 638 1373 4741 1286 4272 1031 4907 1125 6308 5776 5921 3371 5999 2540 6044 5731 3482 5122 4321 3372 925 806 3740 951 1139 2851 5206 3062 1003 2195 6574 3518 3484 2715 5426 2656 2933 2931 751 3332 6291 2039 1836 1505 5374 1542 4894 1324 2581 1892 1630 4714 4882 4699 2864 1714 2896 2287 2475 
17 3000 4937 6201 3004 2908 3294 4990 4554 2158 5107 5269 6066 4294 2272 4977 5818 4981 0 2836 2868 3097 3640 4951 537 5200 3600 2603 5704 2046 1899 3928 4356 4220 3818 6253 4198 6555 4956 6247 1918 1954 4295 4693 4888 642 5465 1189 4458 2831 4575 2511 2393 2835 5973 3921 4974 1270 2239 3858 2294 2135 6203 5148 4335 1868 5383 4974 4734 4607 5163 4351 5953 2800 1464 4985 2316 502 5818 4266 2185 5342 3568 2824 6148 3146 4857 4101 3453 1769 3867 5218 3090 4972 3400 4901 4279 6134 3267 3836 5529 6050 
18 3000 2382 4694 3994 4604 3372 4878 5116 2174 2597 4175 6605 1775 3990 3254 6018 4777 2836 0 867 3269 4076 4726 2510 5578 2261 410 3521 4864 4693 2885 3957 4486 1048 6973 5078 4473 3040 4334 4588 4783 1477 4213 3917 2196 5811 3537 4851 135 3831 1900 1319 1241 3989 1377 3324 3970 1380 1761 734 808 4265 4411 4531 3870 5574 5388 6049 1785 3233 3805 4588 5636 2746 2827 2632 3236 4172 2450 3412 4722 1668 5650 6616 3456 5484 1274 3474 4417 4320 6293 3404 5640 602 2164 1537 4440 3511 2161 4043 4549 
19 3000 2069 3925 3317 4051 2573 4020 4317 1538 2241 3331 5780 1427 3490 2504 5169 3916 2868 867 0 2492 3294 3864 2422 4749 1401 1194 2958 4905 4577 2019 3094 3666 1144 6162 4327 3879 2345 3672 4381 4801 1927 3346 3060 2246 4976 3279 4038 1001 2964 2649 2064 2080 3346 2133 2557 4110 2080 1082 1391 811 3610 3546 3703 3463 4729 4566 5349 1949 2551 2939 3789 5613 2328 2233 1966 3337 3426 1695 2849 3855 887 5564 5783 2689 4685 1718 2661 4206 3530 5543 2642 4844 911 2091 1507 3711 2729 1348 3257 3775 
20 3000 3753 3482 1040 2054 197 1917 1851 1221 3790 2403 3372 3307 1814 2701 2895 1891 3097 3269 2492 0 806 1858 2594 2366 1681 3446 3744 4560 3840 1445 1285 1270 3528 3712 1839 4310 2894 3870 3416 4409 4377 1620 2009 2854 2618 2508 1610 3383 1619 4544 4054 4271 3720 4616 2625 4206 3986 2573 3444 2647 3861 2121 1350 2125 2441 2159 2904 4233 3050 1333 3166 4970 1642 3201 834 3555 3266 2395 1218 2270 2292 4746 3402 204 2217 4176 357 3273 1051 3053 176 2372 3396 4117 3718 3572 242 2088 2896 3346 
21 3000 4411 3603 834 1819 729 1415 1050 1994 4420 2490 2590 4019 1858 3127 2193 1457 3640 4076 3294 806 0 1445 3180 1611 2356 4249 4210 4832 4028 1960 1220 581 4306 2911 1068 4640 3386 4165 3554 4675 5161 1479 2132 3499 1873 2834 846 4190 1715 5304 4831 5064 4078 5420 3027 4630 4756 3284 4235 3444 4172 2026 705 2283 1748 1394 2183 4985 3509 1392 3256 5120 2187 3755 1563 4055 3508 2995 1503 2054 3026 4845 2632 627 1414 4963 685 3437 252 2266 683 1568 4192 4824 4466 3788 565 2753 3119 3486 
22 3000 4288 2514 2276 3200 1666 219 1344 3000 4221 1509 2150 4093 3303 2617 1376 55 4951 4726 3864 1858 1445 0 4452 1227 2554 4996 3648 6271 5473 1936 770 943 4635 2632 1868 3795 2968 3294 4999 6114 5490 583 1321 4706 1339 4252 1052 4856 1069 6262 5729 5872 3323 5945 2487 6020 5685 3426 5074 4274 3327 882 809 3727 1006 1182 2884 5150 3009 948 2158 6565 3489 3429 2679 5399 2612 2877 2912 722 3277 6284 2095 1808 1544 5319 1508 4883 1321 2623 1863 1671 4661 4826 4643 2823 1686 2840 2241 2436 
23 3000 4485 5664 2602 2666 2788 4500 4132 1621 4645 4734 5664 3846 2004 4449 5370 4484 537 2510 2422 2594 3180 4452 0 4764 3071 2339 5199 2492 2189 3391 3838 3754 3436 5880 3817 6036 4437 5720 2086 2382 3987 4174 4354 448 5030 1113 4012 2527 4044 2561 2320 2731 5451 3706 4443 1793 2179 3371 2072 1749 5679 4621 3864 1673 4928 4540 4448 4241 4644 3826 5416 3192 993 4483 1794 1037 5284 3749 1781 4822 3072 3163 5737 2657 4449 3784 2947 1918 3415 4892 2599 4573 3039 4491 3878 5600 2775 3318 4993 5513 
24 3000 5452 3678 2213 2815 2227 1008 666 3585 5402 2729 1031 5197 3158 3832 652 1178 5200 5578 4749 2366 1611 1227 4764 0 3574 5790 4874 6148 5281 3007 1829 1100 5649 1456 1195 5006 4175 4504 4777 5989 6513 1774 2545 5101 265 4275 765 5700 2256 6906 6421 6631 4548 6878 3704 6093 6351 4495 5806 5006 4542 2097 1046 3628 372 225 1862 6235 4227 2054 3329 6287 3771 4626 3169 5584 3826 4017 3017 1871 4300 5956 1039 2218 521 6328 2109 4697 1363 1462 2278 561 5610 5961 5718 4020 2129 3913 3462 3617 
25 3000 2072 2664 2707 3667 1656 2733 3261 1528 2111 1944 4598 1666 3280 1377 3909 2608 3600 2261 1401 1681 2356 2554 3071 3574 0 2593 2234 5485 4948 633 1794 2564 2086 5026 3423 2989 1407 2650 4623 5354 2946 2001 1659 3091 3773 3549 2941 2396 1582 4015 3438 3481 2395 3399 1374 4864 3436 936 2759 2035 2611 2150 2564 3444 3490 3420 4538 2669 1604 1606 2473 6067 2492 1591 1677 4103 2232 769 2595 2466 728 5927 4577 1879 3616 2769 1671 4457 2546 4595 1857 3777 2115 2468 2150 2544 1858 407 1982 2511 
26 3000 2782 5082 4089 4616 3566 5138 5298 2286 2999 4526 6811 2182 3981 3645 6258 5045 2603 410 1194 3446 4249 4996 2339 5790 2593 0 3931 4597 4490 3204 4231 4691 1424 7159 5217 4883 3441 4740 4426 4526 1703 4502 4253 1978 6030 3414 5049 308 4142 1495 912 888 4396 1382 3711 3676 970 2158 353 823 4671 4730 4747 3814 5809 5593 6144 2105 3636 4092 4965 5389 2721 3236 2745 2966 4566 2838 3447 5034 2043 5427 6830 3622 5663 1519 3680 4258 4497 6425 3568 5817 980 2532 1913 4837 3689 2528 4425 4935 
27 3000 1360 1780 4777 5797 3649 3868 4829 3748 1142 2195 5766 1786 5479 1086 4933 3699 5704 3521 2958 3744 4210 3648 5199 4874 2234 3931 0 7667 7171 2300 3152 4165 2649 6263 5181 956 852 963 6857 7544 3159 3111 2328 5128 4980 5776 4487 3634 2652 5410 4837 4679 615 3969 1198 6974 4900 1880 4232 3769 877 2812 4100 5671 4638 4804 6315 2541 701 2925 1936 8283 4718 727 3907 6199 1280 1476 4803 3107 2143 8155 5685 3914 5121 3113 3594 6689 4318 6199 3912 5267 3015 1955 2272 1343 3851 1902 1511 1703 
28 3000 6973 7953 4023 3368 4751 6247 5485 3963 7137 6931 6802 6332 3007 6853 6801 6286 2046 4864 4905 4560 4832 6271 2492 6148 5485 4597 7667 0 898 5698 5835 5390 5862 6840 4979 8474 6881 8126 1403 159 6301 6163 6536 2687 6399 2051 5511 4848 6168 4114 4201 4655 7880 5841 6831 988 4042 5860 4265 4182 8092 6679 5523 2554 6422 5932 5059 6644 7084 5892 7668 838 3037 6960 3952 1631 7633 6201 3374 6804 5557 1055 6923 4529 5694 6113 4902 1456 4999 5666 4485 5763 5439 6948 6325 7951 4651 5770 7308 7807 
29 3000 6612 7296 3203 2483 4024 5435 4622 3424 6754 6240 5911 5985 2175 6287 5934 5485 1899 4693 4577 3840 4028 5473 2189 5281 4948 4490 7171 898 0 5082 5091 4570 5623 5943 4102 7926 6355 7548 509 746 6166 5411 5845 2512 5529 1400 4667 4701 5460 4305 4270 4718 7327 5820 6251 1408 4112 5440 4190 3938 7521 5941 4706 1749 5566 5069 4161 6430 6551 5169 6994 1134 2455 6486 3327 1671 7015 5695 2626 6041 5123 992 6035 3784 4817 5966 4168 592 4178 4767 3746 4881 5228 6663 6058 7331 3904 5270 6672 7154 
30 3000 2487 2275 2476 3499 1350 2124 2758 1772 2475 1396 4019 2190 3217 1261 3303 1991 3928 2885 2019 1445 1960 1936 3391 3007 633 3204 2300 5698 5082 0 1192 2057 2699 4463 2995 2891 1453 2478 4710 5558 3553 1373 1067 3482 3192 3688 2424 3019 949 4596 4027 4093 2294 4030 1196 5165 4014 1496 3350 2594 2458 1526 2036 3460 2895 2869 4131 3232 1604 988 2027 6215 2660 1796 1756 4427 1936 1047 2561 1836 1343 6036 3989 1614 3099 3383 1307 4552 2110 4121 1611 3259 2746 2962 2718 2254 1554 910 1613 2125 
31 3000 3624 2382 2005 3029 1088 939 1678 2309 3581 1270 2830 3376 2978 2074 2115 822 4356 3957 3094 1285 1220 770 3838 1829 1794 4231 3152 5835 5091 1192 0 1018 3880 3283 2049 3471 2390 2984 4645 5682 4738 337 924 4053 2003 3786 1336 4087 519 5519 4978 5110 2934 5178 1955 5489 4940 2688 4318 3521 2999 850 947 3350 1703 1709 3172 4423 2471 231 2036 6211 2917 2823 2043 4824 2313 2187 2467 987 2521 5965 2797 1308 1985 4564 934 4512 1239 3053 1350 2139 3894 4133 3910 2581 1187 2102 1922 2268 
32 3000 4544 3320 1368 2257 1127 867 700 2491 4524 2230 2120 4222 2395 3082 1634 941 4220 4486 3666 1270 581 943 3754 1100 2564 4691 4165 5390 4570 2057 1018 0 4607 2497 1036 4480 3384 3988 4087 5232 5470 1162 1923 4063 1348 3408 377 4606 1534 5815 5323 5531 3950 5799 2967 5209 5256 3499 4706 3906 4007 1678 136 2836 1183 902 2154 5233 3478 1240 2964 5647 2763 3799 2087 4637 3310 3102 2083 1627 3276 5357 2139 1135 1051 5280 1012 3978 392 2068 1195 1212 4541 5010 4713 3564 1037 2933 2921 3220 
33 3000 1387 4063 4422 5191 3577 4818 5288 2677 1614 3769 6677 867 4635 2646 5996 4690 3818 1048 1144 3528 4306 4635 3436 5649 2086 1424 2649 5862 5623 2699 3880 4607 0 7094 5365 3603 2352 3544 5467 5773 863 4072 3597 3176 5855 4379 4984 1117 3624 2815 2271 2049 3184 1416 2746 4993 2363 1243 1771 1689 3466 4139 4622 4601 5576 5486 6424 815 2516 3687 4026 6613 3463 2025 3091 4244 3514 1926 3990 4471 1359 6599 6661 3731 5651 683 3638 5293 4527 6572 3690 5812 447 1116 489 3741 3753 1810 3470 3929 
34 3000 6901 4910 3282 3505 3600 2414 1861 4902 6845 4078 508 6653 4031 5248 1362 2578 6253 6973 6162 3712 2911 2632 5880 1456 5026 7159 6263 6840 5943 4463 3283 2497 7094 0 2063 6299 5600 5803 5436 6684 7958 3204 3947 6261 1293 5194 2124 7090 3691 8186 7732 7975 5889 8295 5117 6971 7650 5950 7146 6356 5850 3451 2472 4493 1628 1608 1833 7690 5639 3506 4581 6809 4913 6060 4459 6574 5142 5470 4099 3174 5749 6435 635 3538 1497 7770 3502 5398 2661 1196 3594 1347 7039 7416 7172 5297 3470 5369 4801 4874 
35 3000 5468 4340 1220 1625 1792 1714 584 2931 5469 3261 1879 5087 2029 4096 1842 1847 4198 5078 4327 1839 1068 1868 3817 1195 3423 5217 5181 4979 4102 2995 2049 1036 5365 2063 0 5516 4383 5024 3595 4820 6216 2192 2959 4199 1431 3180 815 5185 2568 6153 5723 5995 4984 6439 3985 4987 5631 4352 5167 4398 5043 2688 1131 2500 1521 1001 1138 6052 4488 2267 3982 5093 2852 4777 2474 4538 4346 4040 2035 2589 4094 4760 1977 1639 715 6015 1753 3523 885 1216 1685 794 5233 5891 5534 4597 1611 3816 3957 4245 
36 3000 2281 1425 5305 6347 4182 4007 5087 4516 2053 2288 5791 2742 6105 1642 4938 3839 6555 4473 3879 4310 4640 3795 6036 5006 2989 4883 956 8474 7926 2891 3471 4480 3603 6299 5516 0 1599 501 7579 8344 4077 3338 2557 6000 5063 6525 4755 4587 2952 6365 5791 5635 599 4903 1694 7825 5852 2797 5180 4687 473 2913 4391 6348 4717 4978 6621 3443 1392 3265 1724 9051 5473 1654 4611 7054 1183 2289 5452 3143 3032 8897 5687 4455 5333 4044 4098 7417 4702 6416 4464 5465 3972 2840 3213 1004 4373 2719 1564 1432 
37 3000 1423 1710 3929 4946 2804 3185 4066 2933 1299 1651 5116 1523 4628 372 4309 3021 4956 3040 2345 2894 3386 2968 4437 4175 1407 3441 852 6881 6355 1453 2390 3384 2352 5600 4383 1599 0 1329 6027 6753 3045 2400 1664 4406 4306 4956 3723 3166 1919 4936 4351 4262 1021 3761 506 6226 4391 1284 3704 3137 1272 2202 3331 4827 3973 4082 5520 2516 209 2159 1701 7473 3899 479 3067 5455 1161 691 3954 2526 1468 7333 5051 3067 4375 2943 2755 5861 3509 5442 3063 4527 2628 2033 2106 1404 3007 1120 1154 1579 
38 3000 2315 965 4849 5894 3735 3506 4589 4162 2103 1787 5295 2677 5677 1274 4443 3337 6247 4334 3672 3870 4165 3294 5720 4504 2650 4740 963 8126 7548 2478 2984 3988 3544 5803 5024 501 1329 0 7186 7992 4108 2841 2065 5715 4563 6149 4259 4456 2466 6235 5652 5534 361 4901 1297 7513 5701 2600 5017 4466 87 2412 3897 5938 4217 4477 6125 3499 1121 2782 1238 8678 5104 1523 4222 6748 683 2010 5035 2642 2797 8510 5193 4007 4832 4050 3642 7026 4219 5915 4020 4965 3876 2917 3202 520 3920 2427 1067 950 
39 3000 6377 6891 2723 1974 3594 4953 4119 3118 6506 5820 5402 5762 1695 5937 5429 5009 1918 4588 4381 3416 3554 4999 2086 4777 4623 4426 6857 1403 509 4710 4645 4087 5467 5436 3595 7579 6027 7186 0 1248 6065 4960 5426 2469 5023 1107 4171 4611 5033 4413 4310 4748 6979 5786 5893 1759 4157 5179 4149 3805 7163 5495 4223 1296 5065 4565 3662 6281 6218 4735 6581 1568 2148 6188 2968 1821 6632 5382 2198 5582 4858 1331 5526 3345 4310 5860 3732 174 3695 4264 3310 4373 5093 6472 5882 6947 3462 4965 6281 6752 
40 3000 6868 7810 3865 3209 4600 6089 5325 3830 7028 6784 6644 6228 2848 6720 6641 6129 1954 4783 4801 4409 4675 6114 2382 5989 5354 4526 7544 159 746 5558 5682 5232 5773 6684 4820 8344 6753 7992 1248 0 6228 6010 6389 2597 6240 1901 5352 4771 6019 4093 4158 4612 7749 5787 6697 977 3999 5745 4198 4089 7959 6528 5366 2396 6262 5773 4906 6560 6955 5742 7523 870 2897 6839 3810 1562 7494 6075 3220 6650 5440 1027 6765 4376 5535 6039 4750 1297 4841 5511 4332 5604 5353 6854 6232 7812 4498 5645 7167 7665 
41 3000 1800 4740 5243 5966 4432 5675 6150 3461 2024 4560 7540 1526 5383 3373 6854 5545 4295 1477 1927 4377 5161 5490 3987 6513 2946 1703 3159 6301 6166 3553 4738 5470 863 7958 6216 4077 3045 4108 6065 6228 0 4922 4415 3661 6718 5008 5847 1465 4466 2755 2317 1956 3747 861 3486 5376 2450 2073 2041 2269 4024 4964 5486 5305 6437 6349 7263 650 3180 4542 4745 7089 4169 2647 3894 4669 4185 2719 4762 5299 2218 7117 7523 4578 6514 212 4498 5893 5385 7426 4536 6674 1031 1256 938 4378 4605 2654 4193 4616 
42 3000 3706 2161 2292 3298 1423 792 1750 2636 3643 1069 2729 3513 3283 2058 1959 638 4693 4213 3346 1620 1479 583 4174 1774 2001 4502 3111 6163 5411 1373 337 1162 4072 3204 2192 3338 2400 2841 4960 6010 4922 0 792 4385 1910 4117 1417 4345 488 5817 5270 5386 2831 5400 1931 5825 5236 2853 4604 3812 2865 547 1060 3666 1584 1693 3284 4571 2454 409 1806 6528 3254 2856 2380 5162 2159 2294 2792 650 2717 6275 2677 1634 2016 4755 1267 4830 1453 3100 1679 2159 4115 4243 4066 2405 1512 2269 1774 2058 
43 3000 3035 1487 2879 3919 1835 1540 2540 2739 2945 395 3457 2934 3802 1304 2645 1373 4888 3917 3060 2009 2132 1321 4354 2545 1659 4253 2328 6536 5845 1067 924 1923 3597 3947 2959 2557 1664 2065 5426 6389 4415 792 0 4490 2657 4489 2204 4052 417 5661 5089 5141 2039 4983 1171 6091 5079 2354 4411 3661 2084 557 1834 4134 2319 2479 4066 3997 1691 741 1158 6976 3526 2136 2607 5379 1390 1702 3228 893 2295 6756 3388 2096 2808 4267 1709 5282 2163 3893 2124 2951 3715 3607 3514 1658 1989 1803 1000 1362 
44 3000 4313 5734 2979 3106 3042 4771 4483 1761 4487 4858 6026 3668 2442 4455 5692 4741 642 2196 2246 2854 3499 4706 448 5101 3091 1978 5128 2687 2512 3482 4053 4063 3176 6261 4199 6000 4406 5715 2469 2597 3661 4385 4490 0 5366 1552 4341 2195 4209 2112 1880 2300 5427 3320 4463 1864 1737 3263 1684 1496 5667 4801 4165 2121 5244 4879 4872 3964 4615 4017 5507 3442 1348 4404 2026 1090 5322 3714 2167 5024 2985 3456 6092 2941 4811 3464 3198 2307 3742 5300 2882 4941 2757 4262 3638 5635 3054 3289 5055 5582 
45 3000 5611 3707 2477 3056 2474 1121 925 3838 5553 2808 827 5379 3416 3957 414 1286 5465 5811 4976 2618 1873 1339 5030 265 3773 6030 4980 6399 5529 3192 2003 1348 5855 1293 1431 5063 4306 4563 5023 6240 6718 1910 2657 5366 0 4536 1026 5934 2398 7161 6672 6876 4627 7101 3826 6354 6604 4686 6053 5251 4605 2177 1283 3886 346 490 1985 6424 4348 2221 3364 6524 4037 4766 3426 5848 3891 4184 3283 1920 4501 6189 808 2474 727 6536 2351 4946 1625 1515 2534 718 5829 6133 5909 4068 2382 4101 3538 3655 
46 3000 5269 5920 2071 1751 2701 4246 3611 2028 5399 4884 5058 4655 1162 4887 4918 4272 1189 3537 3279 2508 2834 4252 1113 4275 3549 3414 5776 2051 1400 3688 3786 3408 4379 5194 3180 6525 4956 6149 1107 1901 5008 4117 4489 1552 4536 0 3578 3572 4117 3641 3432 3844 5926 4793 4852 1818 3289 4074 3168 2739 6121 4629 3537 710 4508 4051 3589 5194 5151 3841 5627 2528 1057 5097 1932 1394 5624 4299 1340 4760 3754 2378 5156 2483 3874 4800 2852 933 3025 4107 2437 3972 4017 5369 4784 5941 2607 3877 5287 5776 
47 3000 4909 3540 1507 2264 1482 903 342 2825 4884 2479 1762 4597 2503 3410 1360 1031 4458 4851 4038 1610 846 1052 4012 765 2941 5049 4487 5511 4667 2424 1336 377 4984 2124 815 4755 3723 4259 4171 5352 5847 1417 2204 4341 1026 3578 0 4970 1838 6143 5662 5881 4243 6171 3291 5393 5590 3875 5054 4256 4282 1887 393 2963 931 550 1867 5610 3807 1566 3182 5715 3018 4147 2404 4855 3576 3466 2286 1774 3654 5406 1793 1455 676 5657 1377 4076 599 1718 1514 836 4916 5382 5090 3815 1370 3306 3191 3450 
48 3000 2473 4825 4091 4681 3489 5007 5232 2272 2691 4309 6726 1877 4060 3384 6144 4907 2831 135 1001 3383 4190 4856 2527 5700 2396 308 3634 4848 4701 3019 4087 4606 1117 7090 5185 4587 3166 4456 4611 4771 1465 4345 4052 2195 5934 3572 4970 0 3965 1780 1203 1108 4109 1289 3456 3941 1273 1889 654 868 4385 4545 4653 3926 5699 5508 6147 1819 3358 3937 4721 5628 2809 2945 2731 3217 4301 2582 3493 4856 1802 5652 6738 3568 5599 1269 3594 4441 4435 6399 3516 5756 672 2228 1606 4567 3625 2295 4176 4680 
49 3000 3219 1902 2464 3502 1438 1280 2179 2448 3155 795 3217 3037 3397 1585 2442 1125 4575 3831 2964 1619 1715 1069 4044 2256 1582 4142 2652 6168 5460 949 519 1534 3624 3691 2568 2952 1919 2466 5033 6019 4466 488 417 4209 2398 4117 1838 3965 0 5504 4943 5030 2416 4974 1461 5755 4921 2393 4270 3494 2480 605 1456 3739 2073 2164 3687 4098 1982 323 1567 6589 3181 2370 2269 5059 1797 1812 2836 892 2279 6361 3164 1693 2469 4304 1304 4892 1754 3546 1724 2617 3692 3759 3597 2073 1582 1813 1407 1778 
50 3000 4203 6568 4947 5206 4699 6379 6345 3323 4428 5959 7893 3639 4540 5135 7435 6308 2511 1900 2649 4544 5304 6262 2561 6906 4015 1495 5410 4114 4305 4596 5519 5815 2815 8186 6153 6365 4936 6235 4413 4093 2755 5817 5661 2112 7161 3641 6143 1780 5504 0 587 800 5889 2011 5197 3125 583 3653 1259 2009 6165 6105 5892 4234 6981 6694 6930 3326 5132 5411 6438 4952 3356 4725 3740 2634 6057 4326 4180 6392 3524 5100 7936 4688 6697 2644 4836 4273 5557 7311 4629 6841 2405 3855 3279 6331 4778 3998 5905 6420 
51 3000 3654 5981 4535 4887 4200 5853 5879 2837 3877 5382 7421 3075 4225 4548 6932 5776 2393 1319 2064 4054 4831 5729 2320 6421 3438 912 4837 4201 4270 4027 4978 5323 2271 7732 5723 5791 4351 5652 4310 4158 2317 5270 5089 1880 6672 3432 5662 1203 4943 587 0 453 5308 1676 4610 3226 159 3067 678 1457 5583 5542 5394 3964 6478 6213 6553 2843 4547 4861 5853 5029 2995 4146 3273 2624 5470 3739 3801 5833 2937 5133 7456 4208 6237 2180 4330 4156 5084 6902 4150 6384 1846 3341 2747 5745 4292 3412 5318 5833 
52 3000 3434 5931 4828 5243 4403 6009 6115 3074 3662 5409 7644 2895 4586 4490 7116 5921 2835 1241 2080 4271 5064 5872 2731 6631 3481 888 4679 4655 4718 4093 5110 5531 2049 7975 5995 5635 4262 5534 4748 4612 1956 5386 5141 2300 6876 3844 5881 1108 5030 800 453 0 5181 1250 4563 3678 613 2993 829 1625 5461 5619 5593 4350 6665 6429 6867 2527 4450 4976 5829 5482 3339 4013 3525 3076 5405 3690 4125 5923 2910 5586 7670 4437 6477 1844 4525 4592 5315 7189 4381 6628 1663 3062 2500 5666 4512 3401 5284 5787 
53 3000 1956 1199 4723 5763 3597 3540 4580 3920 1746 1819 5385 2317 5510 1042 4538 3371 5973 3989 3346 3720 4078 3323 5451 4548 2395 4396 615 7880 7327 2294 2934 3950 3184 5889 4984 599 1021 361 6979 7749 3747 2831 2039 5427 4627 5926 4243 4109 2416 5889 5308 5181 0 4540 1097 7242 5359 2268 4679 4147 281 2452 3869 5749 4281 4502 6102 3140 812 2720 1405 8452 4875 1168 4011 6473 763 1712 4854 2714 2481 8297 5291 3869 4844 3688 3518 6817 4153 5928 3877 4982 3521 2562 2840 747 3790 2138 1089 1143 
54 3000 2622 5471 5370 5969 4704 6115 6449 3550 2851 5175 7909 2246 5345 4062 7279 5999 3921 1377 2133 4616 5420 5945 3706 6878 3399 1382 3969 5841 5820 4030 5178 5799 1416 8295 6439 4903 3761 4901 5786 5787 861 5400 4983 3320 7101 4793 6171 1289 4974 2011 1676 1250 4540 0 4163 4879 1829 2640 1637 2153 4820 5515 5834 5193 6844 6697 7424 1509 3916 5002 5442 6657 4089 3404 4007 4229 4919 3337 4783 5842 2697 6730 7909 4807 6817 858 4794 5621 5659 7656 4758 6975 1285 2111 1700 5135 4855 3180 4886 5340 
55 3000 1923 1371 3638 4674 2509 2706 3633 2869 1805 1146 4629 1959 4412 134 3815 2540 4974 3324 2557 2625 3027 2487 4443 3704 1374 3711 1198 6831 6251 1196 1955 2967 2746 5117 3985 1694 506 1297 5893 6697 3486 1931 1171 4463 3826 4852 3291 3456 1461 5197 4610 4563 1097 4163 0 6236 4635 1575 3945 3308 1270 1701 2903 4654 3489 3622 5118 2986 523 1728 1283 7381 3807 985 2927 5476 875 873 3757 2022 1673 7215 4559 2780 3930 3370 2437 5733 3126 5005 2785 4079 2974 2526 2550 1178 2705 1222 727 1224 
56 3000 6174 7441 3887 3473 4404 6031 5429 3393 6351 6478 6861 5529 2958 6242 6736 6044 1270 3970 4110 4206 4630 6020 1793 6093 4864 3676 6974 988 1408 5165 5489 5209 4993 6971 4987 7825 6226 7513 1759 977 5376 5825 6091 1864 6354 1818 5393 3941 5755 3125 3226 3678 7242 4879 6236 0 3067 5121 3335 3343 7471 6308 5335 2488 6323 5869 5284 5755 6433 5509 7182 1826 2577 6253 3487 776 7073 5536 3126 6476 4835 2002 6964 4219 5688 5195 4562 1708 4832 5846 4167 5781 4559 6097 5468 7389 4343 5106 6775 7291 
57 3000 3740 6005 4437 4764 4136 5804 5801 2766 3960 5379 7346 3150 4101 4577 6871 5731 2239 1380 2080 3986 4756 5685 2179 6351 3436 970 4900 4042 4112 4014 4940 5256 2363 7650 5631 5852 4391 5701 4157 3999 2450 5236 5079 1737 6604 3289 5590 1273 4921 583 159 613 5359 1829 4635 3067 0 3107 690 1426 5633 5522 5330 3831 6417 6141 6446 2962 4590 4829 5868 4869 2880 4202 3194 2465 5500 3767 3692 5809 2962 4973 7384 4135 6157 2306 4270 4004 5008 6804 4077 6303 1931 3446 2844 5779 4222 3429 5338 5856 
58 3000 1231 2939 3570 4475 2572 3618 4197 2089 1332 2535 5513 735 4017 1497 4798 3482 3858 1761 1082 2573 3284 3426 3371 4495 936 2158 1880 5860 5440 1496 2688 3499 1243 5950 4352 2797 1284 2600 5179 5745 2073 2853 2354 3263 4686 4074 3875 1889 2393 3653 3067 2993 2268 2640 1575 5121 3107 0 2420 1891 2536 2897 3496 4104 4391 4347 5460 1740 1484 2482 2854 6521 3038 1153 2384 4345 2412 710 3332 3230 323 6432 5485 2777 4551 1916 2598 5006 3480 5531 2748 4712 1406 1544 1223 2679 2768 586 2301 2795 
59 3000 3116 5315 4007 4463 3579 5204 5286 2245 3330 4703 6817 2506 3814 3887 6300 5122 2294 734 1391 3444 4235 5074 2072 5806 2759 353 4232 4265 4190 3350 4318 4706 1771 7146 5167 5180 3704 5017 4149 4198 2041 4604 4411 1684 6053 3168 5054 654 4270 1259 678 829 4679 1637 3945 3335 690 2420 0 804 4951 4867 4771 3612 5847 5603 6052 2458 3904 4195 5181 5064 2556 3527 2695 2636 4810 3077 3321 5161 2272 5114 6845 3609 5648 1863 3703 3985 4487 6363 3552 5799 1325 2882 2261 5090 3685 2740 4649 5166 
60 3000 2837 4662 3266 3816 2778 4402 4495 1467 3023 3972 6019 2193 3193 3268 5495 4321 2135 808 811 2647 3444 4274 1749 5006 2035 823 3769 4182 3938 2594 3521 3906 1689 6356 4398 4687 3137 4466 3805 4089 2269 3812 3661 1496 5251 2739 4256 868 3494 2009 1457 1625 4147 2153 3308 3343 1426 1891 804 0 4408 4096 3969 3062 5043 4804 5321 2492 3345 3405 4498 4924 1941 3044 1925 2579 4183 2468 2635 4382 1669 4911 6045 2817 4859 2060 2901 3632 3694 5604 2761 5011 1290 2766 2143 4478 2889 2086 3985 4511 
61 3000 2230 1036 4847 5891 3729 3541 4615 4128 2017 1818 5343 2598 5664 1238 4491 3372 6203 4265 3610 3861 4172 3327 5679 4542 2611 4671 877 8092 7521 2458 2999 4007 3466 5850 5043 473 1272 87 7163 7959 4024 2865 2084 5667 4605 6121 4282 4385 2480 6165 5583 5461 281 4820 1270 7471 5633 2536 4951 4408 0 2446 3918 5919 4259 4510 6148 3414 1063 2794 1296 8650 5074 1448 4197 6705 716 1957 5018 2684 2739 8485 5242 4001 4863 3968 3639 7002 4231 5947 4012 4996 3802 2832 3120 585 3916 2378 1092 1013 
62 3000 3589 1652 2838 3845 1928 1094 2203 3040 3493 632 2953 3491 3824 1835 2123 925 5148 4411 3546 2121 2026 882 4621 2097 2150 4730 2812 6679 5941 1526 850 1678 4139 3451 2688 2913 2202 2412 5495 6528 4964 547 557 4801 2177 4629 1887 4545 605 6105 5542 5619 2452 5515 1701 6308 5522 2897 4867 4096 2446 0 1564 4200 1832 2065 3747 4553 2211 799 1294 7061 3731 2678 2833 5626 1730 2258 3316 335 2819 6814 2873 2156 2425 4813 1778 5362 1992 3505 2197 2554 4240 4164 4068 1942 2036 2335 1365 1564 
63 3000 4518 3211 1503 2393 1194 731 734 2570 4491 2129 2076 4214 2530 3021 1545 806 4335 4531 3703 1350 705 809 3864 1046 2564 4747 4100 5523 4706 2036 947 136 4622 2472 1131 4391 3331 3897 4223 5366 5486 1060 1834 4165 1283 3537 393 4653 1456 5892 5394 5593 3869 5834 2903 5335 5330 3496 4771 3969 3918 1564 0 2970 1091 865 2232 5234 3418 1176 2854 5783 2875 3754 2176 4756 3217 3075 2208 1500 3283 5494 2084 1228 1063 5298 1068 4114 527 2111 1288 1222 4570 4996 4715 3465 1123 2924 2829 3114 
64 3000 5330 5605 1469 1044 2300 3695 2962 2017 5435 4528 4373 4750 472 4707 4277 3740 1868 3870 3463 2125 2283 3727 1673 3628 3444 3814 5671 2554 1749 3460 3350 2836 4601 4493 2500 6348 4827 5938 1296 2396 5305 3666 4134 2121 3886 710 2963 3926 3739 4234 3964 4350 5749 5193 4654 2488 3831 4104 3612 3062 5919 4200 2970 0 3883 3408 2880 5411 5010 3439 5291 2861 1139 5032 1766 2104 5365 4213 910 4293 3781 2622 4477 2050 3205 5093 2437 1163 2445 3398 2015 3294 4284 5510 4962 5677 2166 3812 5006 5468 
65 3000 5291 3365 2436 3119 2281 792 952 3660 5227 2463 1144 5076 3418 3620 454 951 5383 5574 4729 2441 1748 1006 4928 372 3490 5809 4638 6422 5566 2895 1703 1183 5576 1628 1521 4717 3973 4217 5065 6262 6437 1584 2319 5244 346 4508 931 5699 2073 6981 6478 6665 4281 6844 3489 6323 6417 4391 5847 5043 4259 1832 1091 3883 0 521 2234 6126 4010 1914 3021 6591 3935 4435 3266 5785 3545 3871 3216 1574 4218 6268 1096 2316 885 6259 2147 4977 1515 1816 2376 933 5566 5821 5614 3723 2214 3805 3192 3311 
66 3000 5332 3679 1988 2609 2026 972 447 3375 5290 2692 1217 5057 2939 3748 869 1139 4974 5388 4566 2159 1394 1182 4540 225 3420 5593 4804 5932 5069 2869 1709 902 5486 1608 1001 4978 4082 4477 4565 5773 6349 1693 2479 4879 490 4051 550 5508 2164 6694 6213 6429 4502 6697 3622 5869 6141 4347 5603 4804 4510 2065 865 3408 521 0 1774 6087 4145 1938 3326 6082 3547 4526 2955 5358 3795 3892 2792 1868 4142 5755 1243 2006 395 6162 1914 4483 1143 1444 2065 495 5435 5829 5568 4003 1920 3769 3423 3609 
67 3000 6595 5396 2056 1838 2887 2696 1544 3875 6601 4346 1947 6196 2462 5230 2366 2851 4734 6049 5349 2904 2183 2884 4448 1862 4538 6144 6315 5059 4161 4131 3172 2154 6424 1833 1138 6621 5520 6125 3662 4906 7263 3284 4066 4872 1985 3589 1867 6147 3687 6930 6553 6867 6102 7424 5118 5284 6446 5460 6052 5321 6148 3747 2232 2880 2234 1774 0 7137 5624 3394 5038 4984 3573 5915 3417 4983 5443 5173 2754 3601 5190 4606 2105 2699 1379 7058 2867 3643 2020 638 2736 1301 6260 7003 6622 5681 2694 4936 5058 5312 
68 3000 1183 4179 5169 5975 4260 5347 5928 3465 1399 4099 7251 1063 5433 2865 6526 5206 4607 1785 1949 4233 4985 5150 4241 6235 2669 2105 2541 6644 6430 3232 4423 5233 815 7690 6052 3443 2516 3499 6281 6560 650 4571 3997 3964 6424 5194 5610 1819 4098 3326 2843 2527 3140 1509 2986 5755 2962 1740 2458 2492 3414 4553 5234 5411 6126 6087 7137 0 2629 4213 4212 7406 4275 2085 3864 5019 3626 2297 4780 4889 1962 7403 7221 4438 6285 690 4304 6107 5193 7246 4402 6446 1207 608 520 3798 4447 2322 3670 4063 
69 3000 1497 1560 4079 5104 2951 3228 4150 3132 1347 1629 5149 1670 4801 397 4331 3062 5163 3233 2551 3050 3509 3009 4644 4227 1604 3636 701 7084 6551 1604 2471 3478 2516 5639 4488 1392 209 1121 6218 6955 3180 2454 1691 4615 4348 5151 3807 3358 1982 5132 4547 4450 812 3916 523 6433 4590 1484 3904 3345 1063 2211 3418 5010 4010 4145 5624 2629 0 2242 1586 7671 4095 546 3254 5663 1006 900 4130 2526 1675 7527 5077 3217 4450 3088 2893 6053 3621 5523 3216 4600 2807 2118 2243 1226 3152 1327 1057 1437 
70 3000 3398 2223 2143 3180 1145 1135 1908 2259 3352 1113 3048 3161 3087 1845 2315 1003 4351 3805 2939 1333 1392 948 3826 2054 1606 4092 2925 5892 5169 988 231 1240 3687 3506 2267 3265 2159 2782 4735 5742 4542 409 741 4017 2221 3841 1566 3937 323 5411 4861 4976 2720 5002 1728 5509 4829 2482 4195 3405 2794 799 1176 3439 1914 1938 3394 4213 2242 0 1885 6295 2932 2592 2035 4828 2118 1964 2543 1009 2329 6061 3010 1389 2217 4370 1002 4597 1437 3283 1424 2370 3717 3912 3702 2396 1275 1896 1728 2101 
71 3000 3080 357 4028 5062 2994 2357 3495 3794 2916 772 4073 3220 4961 1380 3219 2195 5953 4588 3789 3166 3256 2158 5416 3329 2473 4965 1936 7668 6994 2027 2036 2964 4026 4581 3982 1724 1701 1238 6581 7523 4745 1806 1158 5507 3364 5627 3182 4721 1567 6438 5853 5829 1405 5442 1283 7182 5868 2854 5181 4498 1296 1294 2854 5291 3021 3326 5038 4212 1586 1885 0 8127 4640 2133 3720 6451 656 2145 4383 1459 2922 7912 3965 3255 3700 4639 2867 6435 3256 4770 3283 3821 4256 3703 3806 720 3147 2440 556 293 
72 3000 7670 8430 4288 3472 5152 6514 5639 4539 7822 7371 6833 7035 3262 7414 6936 6574 2800 5636 5613 4970 5120 6565 3192 6287 6067 5389 8283 838 1134 6215 6211 5647 6613 6809 5093 9051 7473 8678 1568 870 7089 6528 6976 3442 6524 2528 5715 5628 6589 4952 5029 5482 8452 6657 7381 1826 4869 6521 5064 4924 8650 7061 5783 2861 6591 6082 4984 7406 7671 6295 8127 0 3577 7590 4459 2429 8149 6807 3753 7151 6210 406 6968 4907 5802 6897 5293 1699 5255 5614 4871 5849 6199 7682 7065 8465 5026 6380 7806 8288 
73 3000 4248 4919 1632 1907 1839 3525 3143 972 4369 3917 4681 3649 1260 3838 4376 3518 1464 2746 2328 1642 2187 3489 993 3771 2492 2721 4718 3037 2455 2660 2917 2763 3463 4913 2852 5473 3899 5104 2148 2897 4169 3254 3526 1348 4037 1057 3018 2809 3181 3356 2995 3339 4875 4089 3807 2577 2880 3038 2556 1941 5074 3731 2875 1139 3935 3547 3573 4275 4095 2932 4640 3577 0 4042 921 1912 4596 3242 829 3905 2715 3436 4750 1682 3466 3956 1999 1977 2421 3969 1626 3594 3146 4393 3832 4914 1803 2821 4270 4772 
74 3000 954 2096 4241 5235 3132 3645 4489 3070 820 2130 5580 1161 4870 851 4779 3484 4985 2827 2233 3201 3755 3429 4483 4626 1591 3236 727 6960 6486 1796 2823 3799 2025 6060 4777 1654 479 1523 6188 6839 2647 2856 2136 4404 4766 5097 4147 2945 2370 4725 4146 4013 1168 3404 985 6253 4202 1153 3527 3044 1448 2678 3754 5032 4435 4526 5915 2085 546 2592 2133 7590 4042 0 3266 5477 1541 823 4186 3004 1418 7474 5518 3385 4807 2565 3101 6018 3896 5864 3375 4962 2353 1573 1716 1733 3338 1223 1601 1977 
75 3000 3615 4001 1364 2116 1017 2748 2607 460 3701 2997 4153 3072 1634 2968 3719 2715 2316 2632 1966 834 1563 2679 1794 3169 1677 2745 3907 3952 3327 1756 2043 2087 3091 4459 2474 4611 3067 4222 2968 3810 3894 2380 2607 2026 3426 1932 2404 2731 2269 3740 3273 3525 4011 4007 2927 3487 3194 2384 2695 1925 4197 2833 2176 1766 3266 2955 3417 3864 3254 2035 3720 4459 921 3266 0 2793 3692 2446 948 3027 2064 4288 4195 952 2964 3684 1172 2806 1816 3679 892 3111 2871 3864 3373 4009 1052 2049 3358 3855 
76 3000 5403 6701 3372 3145 3752 5428 4929 2656 5578 5762 6415 4759 2548 5479 6213 5426 502 3236 3337 3555 4055 5399 1037 5584 4103 2966 6199 1631 1671 4427 4824 4637 4244 6574 4538 7054 5455 6748 1821 1562 4669 5162 5379 1090 5848 1394 4855 3217 5059 2634 2624 3076 6473 4229 5476 776 2465 4345 2636 2579 6705 5626 4756 2104 5785 5358 4983 5019 5663 4828 6451 2429 1912 5477 2793 0 6320 4765 2569 5812 4059 2509 6506 3590 5216 4482 3911 1702 4273 5500 3535 5323 3816 5341 4714 6636 3713 4335 6030 6550 
77 3000 2469 554 4217 5262 3118 2825 3906 3686 2292 1104 4636 2676 5080 922 3786 2656 5818 4172 3426 3266 3508 2612 5284 3826 2232 4566 1280 7633 7015 1936 2313 3310 3514 5142 4346 1183 1161 683 6632 7494 4185 2159 1390 5322 3891 5624 3576 4301 1797 6057 5470 5405 763 4919 875 7073 5500 2412 4810 4183 716 1730 3217 5365 3545 3795 5443 3626 1006 2118 656 8149 4596 1541 3692 6320 0 1732 4456 1971 2539 7962 4538 3389 4149 4094 3015 6477 3551 5232 3406 4282 3785 3093 3249 318 3296 2097 390 440 
78 3000 1443 2244 3434 4418 2340 3082 3802 2271 1428 1845 5010 1233 4047 810 4253 2933 4266 2450 1695 2395 2995 2877 3749 4017 769 2838 1476 6201 5695 1047 2187 3102 1926 5470 4040 2289 691 2010 5382 6075 2719 2294 1702 3714 4184 4299 3466 2582 1812 4326 3739 3690 1712 3337 873 5536 3767 710 3077 2468 1957 2258 3075 4213 3871 3892 5173 2297 900 1964 2145 6807 3242 823 2446 4765 1732 0 3363 2593 808 6678 4967 2585 4139 2581 2324 5214 3155 5168 2571 4297 2116 1950 1811 2016 2546 431 1595 2098 
79 3000 4563 4695 822 1203 1398 2909 2369 1314 4647 3622 3887 4018 687 3816 3644 2931 2185 3412 2849 1218 1503 2912 1781 3017 2595 3447 4803 3374 2626 2561 2467 2083 3990 4099 2035 5452 3954 5035 2198 3220 4762 2792 3228 2167 3283 1340 2286 3493 2836 4180 3801 4125 4854 4783 3757 3126 3692 3332 3321 2635 5018 3316 2208 910 3216 2792 2754 4780 4130 2543 4383 3753 829 4186 948 2569 4456 3363 0 3430 3013 3528 3965 1159 2674 4550 1541 2055 1709 3140 1119 2794 3731 4806 4299 4767 1280 2981 4096 4558 
