FILE: 1511EuclS.txt
100 100 0 
1 3000 0 2769 3893 4030 4192 2500 8109 4471 2229 8123 5037 2776 4743 5319 7100 7409 1466 1735 5669 1733 6606 7084 2091 3186 6276 5296 1955 4636 4172 4756 2261 4227 5135 3937 6910 4103 7052 3466 876 2824 5205 4844 6256 6723 3615 3131 6274 3276 4454 4024 4700 4215 3532 2598 5470 4170 5455 2898 5259 5621 3719 537 4887 6929 6940 7615 4309 3636 5763 4250 4752 4208 1004 3377 744 6310 1939 6547 2775 4088 4041 5388 6919 1037 3610 5922 4832 6537 3722 5544 2184 3312 6021 3935 947 7304 1307 6102 2803 3775 
2 3000 2769 0 1698 4517 5715 4301 7829 5979 1658 7820 4302 1608 3188 5411 6616 7265 1358 1090 5969 2634 6200 6383 3945 816 4023 5715 851 2477 3443 6294 4089 2001 5851 5441 5980 2085 6001 1434 2175 4301 4715 5610 5020 5359 2050 4745 5661 5377 5543 1328 6114 3954 2788 423 3990 3219 4205 1597 2986 3426 4899 2946 3871 6481 5518 7177 1677 2445 5672 3992 6449 5451 1823 4749 3205 4396 3511 4362 4791 4517 1590 2843 6748 2441 5032 4551 2681 4157 3755 3945 3518 543 5578 1420 3267 6412 1804 4768 1693 4626 
3 3000 3893 1698 0 3881 5534 4515 6483 5759 1822 6464 2984 1293 1595 4407 5233 6003 2787 2575 5023 2929 4874 4922 4268 889 2421 4862 2089 797 2290 6060 4363 337 5156 5281 4450 417 4429 432 3575 4316 3476 4973 3423 3715 832 4759 4275 5627 5110 1030 5819 2976 1857 1511 2363 1979 2649 1163 1381 1785 4617 3853 2461 5120 3858 5789 907 1324 4543 3007 6309 5126 3165 4612 4057 2700 3791 2731 5057 3845 435 1565 5499 3151 4879 2932 1004 2647 3013 2286 3658 1541 4277 564 4028 4879 3313 3151 1323 4191 
4 3000 4030 4517 3881 0 1972 2180 4132 2107 2885 4155 2017 2959 3113 1331 3277 3410 4335 4387 1643 2383 2779 3430 2358 4065 5063 1290 3993 4018 1841 2361 2271 3998 1334 1806 3508 3659 3757 3646 4546 1662 1777 1107 3394 3899 3050 1830 2670 2849 1288 4818 2072 1148 2028 4094 3285 2160 2936 3018 4497 4545 1120 3541 2362 3098 4138 3727 4785 2570 1825 1142 2698 1423 4266 1424 3480 4458 2196 5111 2540 97 4310 5154 2944 3075 1539 3369 4080 5512 871 3503 1900 4827 2307 4390 3272 3798 4702 3429 2879 576 
5 3000 4192 5715 5534 1972 0 1692 5213 280 4089 5256 3978 4385 5032 2819 4730 4477 5079 5228 2665 3114 4281 5038 2101 5486 7001 2294 4995 5823 3767 586 1930 5716 1747 275 5266 5395 5547 5215 4963 1452 3673 1548 5322 5815 4738 1066 4386 1416 880 6348 524 3114 3782 5314 5256 4064 4907 4483 6356 6453 932 3656 4333 4559 6052 5041 6398 4313 3309 3111 775 580 4832 966 3464 6428 2355 7068 1558 2059 5935 6950 4152 3576 683 5333 5916 7440 2726 5471 2241 6140 3984 5973 3249 5480 5272 5381 4320 1447 
6 3000 2500 4301 4515 2180 1692 0 6228 1971 2806 6258 3959 3241 4495 3478 5452 5488 3479 3658 3623 1684 4956 5608 414 4243 6424 3219 3508 4994 3385 2257 242 4766 2886 1442 5647 4490 5875 4128 3286 521 3869 2600 5364 5876 3826 641 4836 1115 2071 5155 2204 2983 3084 3936 4961 3585 4735 3363 5598 5804 1384 1965 4104 5273 6116 5883 5285 3521 3987 3001 2282 1775 3186 979 1772 6069 790 6576 544 2272 4858 6051 5060 1968 1152 5214 5133 6813 2436 5131 856 4781 4484 4851 1557 5961 3617 5327 3199 1687 
7 3000 8109 7829 6483 4132 5213 6228 0 5115 6485 68 3534 6267 4941 2805 1257 744 8121 8093 2617 6393 1629 1690 6466 7118 5975 3022 7603 6082 4390 5126 6360 6378 3478 5253 2317 6087 2534 6509 8510 5712 3120 3721 3381 3457 5822 5724 2208 6566 4379 7501 4867 4003 5071 7443 4341 4613 3926 6249 6155 5880 4890 7647 4023 1362 3530 730 7274 5387 2346 3965 5510 4726 8173 5301 7605 4993 6328 5754 6462 4059 6875 6947 1191 7103 5253 3857 5993 6406 4418 4535 6031 7922 2251 7040 7400 2015 8574 3679 6185 4546 
8 3000 4471 5979 5759 2107 280 1971 5115 0 4346 5161 4086 4628 5201 2834 4697 4386 5358 5505 2617 3387 4262 5031 2381 5734 7163 2267 5266 6024 3931 314 2209 5932 1690 552 5291 5607 5579 5449 5244 1730 3752 1530 5404 5890 4955 1347 4408 1616 900 6588 282 3256 3984 5576 5389 4236 5026 4723 6546 6627 1142 3936 4467 4529 6124 4981 6630 4520 3307 3250 590 683 5112 1231 3742 6563 2635 7218 1813 2189 6164 7155 4087 3855 949 5440 6110 7607 2901 5610 2517 6398 4004 6208 3527 5485 5552 5477 4562 1619 
9 3000 2229 1658 1822 2885 4089 2806 6485 4346 0 6485 3081 563 2522 3888 5338 5860 1650 1608 4406 1141 4878 5206 2509 1438 4094 4121 1138 2478 2171 4660 2624 2127 4213 3817 4921 1937 5016 1397 2204 2714 3386 3965 4138 4576 1391 3166 4422 3918 3884 2349 4469 2490 1471 1241 3273 2072 3313 694 3111 3437 3248 2081 2802 5184 4781 5889 2497 1433 4214 2529 4839 3799 1804 3124 2262 4080 2037 4344 3333 2893 2100 3386 5344 1351 3406 3758 2662 4393 2182 3330 1966 2051 4257 2066 2215 5339 2144 3952 577 2967 
10 3000 8123 7820 6464 4155 5256 6258 68 5161 6485 0 3522 6262 4917 2825 1233 781 8124 8093 2652 6405 1620 1651 6493 7105 5933 3056 7601 6056 4383 5175 6387 6355 3519 5294 2274 6066 2486 6495 8518 5741 3115 3760 3344 3411 5809 5758 2189 6605 4420 7481 4915 4007 5067 7435 4311 4603 3898 6242 6123 5844 4924 7664 4006 1345 3481 694 7251 5377 2361 3969 5560 4766 8179 5334 7624 4950 6350 5709 6496 4080 6855 6914 1211 7115 5290 3822 5965 6362 4427 4502 6052 7908 2244 7020 7420 1965 8579 3642 6180 4574 
11 3000 5037 4302 2984 2017 3978 3959 3534 4086 3081 3522 0 2775 1572 1668 2314 3020 4729 4661 2288 3333 1907 2127 3994 3583 3273 2287 4147 2721 909 4309 3968 2926 2788 3823 1873 2609 2023 2978 5243 3489 530 2740 1407 1919 2288 3767 1363 4807 3207 4013 4005 976 1611 3925 1374 1082 955 2742 2989 2881 3135 4676 569 2180 2160 2875 3827 1857 1630 959 4673 3411 4864 3398 4723 2522 3656 3243 4416 1925 3397 3759 2515 4000 3547 1355 2689 3742 1527 1613 3362 4388 1297 3548 4561 2276 5223 1412 2698 2584 
12 3000 2776 1608 1293 2959 4385 3241 6267 4628 563 6262 2775 0 2011 3802 5079 5680 2017 1908 4363 1636 4642 4896 2979 1119 3530 4119 1382 1917 1881 4938 3079 1582 4291 4120 4559 1376 4627 888 2670 3083 3147 4065 3708 4122 839 3533 4138 4356 4076 1964 4722 2347 1197 1196 2788 1710 2876 133 2551 2873 3499 2645 2421 4935 4317 5637 2050 980 4070 2385 5151 4036 2257 3433 2824 3538 2502 3783 3780 2949 1617 2857 5162 1914 3710 3298 2099 3831 2160 2824 2386 1868 4017 1616 2772 4986 2543 3501 84 3145 
13 3000 4743 3188 1595 3113 5032 4495 4941 5201 2522 4917 1572 2011 0 3195 3684 4514 3995 3847 3824 3288 3364 3341 4383 2383 1973 3763 3316 1160 1272 5468 4419 1442 4188 4821 2855 1179 2837 1754 4680 4137 2102 4075 1838 2175 1210 4522 2738 5524 4401 2578 5185 1987 1418 2894 806 967 1055 1912 1441 1431 4108 4530 1003 3585 2347 4233 2334 1113 3202 2004 5788 4520 4266 4247 4662 1614 3942 2085 5023 3044 1951 2192 4029 3789 4466 1362 1117 2408 2305 813 3708 3124 2802 2127 4561 3284 4529 1580 1966 3585 
14 3000 5319 5411 4407 1331 2819 3478 2805 2834 3888 2825 1668 3802 3195 0 1987 2091 5464 5476 630 3623 1502 2228 3683 4819 4935 660 5026 4300 2117 2980 3588 4425 1244 2760 2458 4087 2749 4288 5771 2957 1164 1312 2710 3155 3609 3042 1575 3993 1944 5423 2672 1467 2651 4996 3028 2438 2581 3822 4633 4548 2228 4847 2217 1808 3376 2405 5302 3114 515 1430 3376 2248 5459 2615 4800 4136 3524 4885 3780 1254 4841 5385 1614 4330 2636 2880 4298 5405 1713 3269 3226 5623 1170 4964 4595 2660 5879 2854 3717 1794 
15 3000 7100 6616 5233 3277 4730 5452 1257 4697 5338 1233 2314 5079 3684 1987 0 1003 6987 6940 2081 5368 501 557 5633 5888 4781 2436 6437 4825 3197 4783 5549 5122 3008 4706 1182 4834 1461 5273 7430 4932 1951 3182 2169 2323 4591 5029 961 5970 3852 6248 4490 2903 3892 6239 3091 3397 2670 5052 4909 4647 4212 6669 2778 179 2442 561 6018 4171 1471 2867 5183 4181 7074 4602 6657 3810 5426 4586 5767 3190 5622 5702 778 6073 4615 2625 4738 5225 3378 3290 5122 6687 1088 5788 6465 1040 7459 2458 4999 3776 
16 3000 7409 7265 6003 3410 4477 5488 744 4386 5860 781 3020 5680 4514 2091 1003 0 7482 7468 1873 5704 1155 1555 5732 6584 5753 2278 6990 5672 3824 4408 5623 5928 2738 4512 2185 5621 2461 5991 7839 4973 2556 2978 3142 3324 5298 4981 1800 5824 3638 7031 4143 3369 4483 6869 3998 4076 3554 5673 5813 5580 4147 6939 3549 1008 3445 787 6830 4841 1662 3331 4797 3984 7512 4558 6888 4792 5605 5571 5718 3339 6411 6607 518 6414 4509 3572 5604 6203 3748 4212 5310 7393 1725 6566 6682 2008 7921 3421 5597 3809 
17 3000 1466 1358 2787 4335 5079 3479 8121 5358 1650 8124 4729 2017 3995 5464 6987 7482 0 273 5938 2026 6523 6855 3077 1949 5206 5617 701 3580 3820 5666 3242 3122 5611 4806 6557 3093 6638 2401 822 3627 5035 5338 5726 6136 2786 4031 6073 4454 5112 2674 5542 4118 3118 1306 4789 3701 4894 2096 4161 4572 4398 1763 4424 6831 6327 7536 3000 2997 5825 4156 5746 4942 473 4149 2032 5423 2731 5517 3891 4364 2820 4142 6968 1512 4421 5312 3786 5398 3752 4804 2847 1888 5903 2680 2151 6979 536 5517 2081 4270 
18 3000 1735 1090 2575 4387 5228 3658 8093 5505 1608 8093 4661 1908 3847 5476 6940 7468 273 0 5968 2138 6484 6788 3262 1718 4986 5660 532 3372 3754 5815 3424 2908 5683 4953 6467 2899 6536 2205 1084 3776 4990 5415 5607 6004 2638 4190 6015 4658 5219 2412 5680 4098 3053 1073 4647 3613 4775 1973 3941 4359 4516 2007 4329 6788 6189 7493 2744 2887 5818 4136 5911 5065 746 4286 2276 5237 2894 5305 4089 4410 2583 3894 6951 1690 4562 5180 3579 5166 3762 4651 2988 1615 5862 2436 2384 6892 742 5388 1978 4357 
19 3000 5669 5969 5023 1643 2665 3623 2617 2617 4406 2652 2288 4363 3824 630 2081 1873 5938 5968 0 4023 1668 2452 3885 5406 5542 405 5540 4930 2737 2703 3768 5049 927 2668 2810 4710 3118 4890 6185 3113 1772 1125 3230 3641 4217 3107 1953 3967 1797 6034 2409 2060 3240 5550 3634 3061 3180 4392 5261 5170 2273 5174 2842 1917 3850 2377 5921 3720 820 2026 3103 2137 5896 2685 5098 4720 3798 5478 3844 1594 5458 6015 1494 4718 2639 3448 4928 6013 2225 3875 3514 6205 1560 5577 4885 2932 6327 3402 4279 1960 
20 3000 1733 2634 2929 2383 3114 1684 6393 3387 1141 6405 3333 1636 3288 3623 5368 5704 2026 2138 4023 0 4875 5353 1368 2568 5067 3673 1881 3513 2503 3699 1489 3214 3608 2838 5199 2980 5356 2517 2162 1675 3475 3329 4612 5098 2353 2113 4544 2787 3086 3484 3550 2484 1931 2256 3930 2558 3843 1767 4142 4418 2378 1343 3242 5198 5324 5885 3638 2189 4048 2518 3828 2926 1893 2159 1411 4901 901 5278 2200 2428 3234 4492 5207 709 2438 4324 3678 5407 1990 4044 885 3101 4288 3207 1281 5586 2335 4487 1611 2253 
21 3000 6606 6200 4874 2779 4281 4956 1629 4262 4878 1620 1907 4642 3364 1502 501 1155 6523 6484 1668 4875 0 786 5132 5491 4632 1995 5988 4520 2762 4366 5050 4786 2583 4244 1249 4485 1561 4885 6949 4436 1497 2736 2039 2298 4196 4542 648 5494 3401 5898 4068 2422 3448 5815 2846 2984 2399 4622 4658 4433 3730 6172 2413 324 2458 1016 5687 3758 987 2385 4767 3723 6598 4115 6158 3687 4925 4471 5278 2691 5275 5452 715 5582 4137 2439 4449 5089 2885 3062 4620 6296 624 5434 5964 1279 6989 2303 4561 3284 
22 3000 7084 6383 4922 3430 5038 5608 1690 5031 5206 1651 2127 4896 3341 2228 557 1555 6855 6788 2452 5353 786 0 5752 5628 4287 2766 6272 4454 3035 5144 5683 4783 3361 4988 640 4513 906 5002 7350 5092 1878 3501 1693 1790 4337 5235 809 6212 4159 5919 4843 2869 3737 6023 2683 3188 2295 4855 4484 4195 4441 6680 2512 624 1894 960 5666 3951 1728 2836 5545 4473 6979 4812 6691 3307 5504 4074 5963 3337 5292 5272 1315 6048 4856 2176 4350 4722 3388 2864 5199 6413 1124 5466 6508 504 7346 1992 4820 3966 
23 3000 2091 3945 4268 2358 2101 414 6466 2381 2509 6493 3994 2979 4383 3683 5633 5732 3077 3262 3885 1368 5132 5752 0 3936 6275 3485 3136 4794 3344 2670 172 4536 3200 1846 5746 4276 5959 3868 2871 794 3959 2909 5385 5894 3622 1040 4964 1432 2425 4853 2610 3025 2965 3592 4904 3510 4713 3106 5410 5642 1710 1554 4082 5454 6133 6085 5004 3360 4183 3048 2695 2148 2775 1326 1371 5980 477 6448 845 2443 4592 5821 5286 1572 1533 5198 4944 6648 2469 5060 675 4438 4629 4572 1152 6079 3204 5325 2945 1925 
24 3000 3186 816 889 4065 5486 4243 7118 5734 1438 7105 3583 1119 2383 4819 5888 6584 1949 1718 5406 2568 5491 5628 3936 0 3271 5188 1273 1680 2767 6045 4057 1206 5392 5218 5202 1269 5210 632 2760 4144 4028 5173 4220 4548 1296 4595 4928 5353 5195 919 5836 3352 2168 645 3181 2509 3414 1047 2226 2652 4611 3236 3119 5761 4705 6449 1134 1744 5034 3388 6246 5151 2362 4527 3468 3589 3469 3596 4767 4050 872 2211 6070 2600 4807 3745 1886 3449 3242 3131 3404 810 4875 749 3480 5634 2461 3963 1194 4264 
25 3000 6276 4023 2421 5063 7001 6424 5975 7163 4094 5933 3273 3530 1973 4935 4781 5753 5206 4986 5542 5067 4632 4287 6275 3271 0 5560 4510 1643 3233 7424 6328 2084 6046 6793 3659 2173 3471 2829 5997 6091 3772 5967 2613 2542 2723 6486 3992 7477 6344 2841 7135 3920 3344 3914 1908 2940 2365 3401 1045 657 6080 6175 2764 4746 2530 5247 2459 2915 4807 3930 7752 6480 5586 6219 6351 985 5816 374 6960 4988 2433 1413 5347 5443 6440 2195 1444 471 4275 1667 5607 3692 4218 2607 6287 4002 5728 2332 3523 5553 
26 3000 5296 5715 4862 1290 2294 3219 3022 2267 4121 3056 2287 4119 3763 660 2436 2278 5617 5660 405 3673 1995 2766 3485 5188 5560 0 5247 4831 2602 2379 3366 4913 603 2281 3068 4571 3368 4698 5835 2710 1805 745 3370 3812 4042 2702 2190 3571 1417 5857 2077 1887 3039 5293 3658 2936 3220 4158 5204 5147 1868 4795 2813 2266 4031 2763 5767 3543 1056 1857 2779 1751 5557 2279 4712 4782 3410 5523 3440 1254 5298 5938 1889 4360 2237 3535 4846 6029 1960 3898 3131 5977 1785 5406 4497 3230 5991 3513 4036 1563 
27 3000 1955 851 2089 3993 4995 3508 7603 5266 1138 7601 4147 1382 3316 5026 6437 6990 701 532 5540 1881 5988 6272 3136 1273 4510 5247 0 2880 3244 5579 3287 2425 5309 4719 5942 2392 6007 1700 1491 3556 4491 5051 5075 5472 2106 3989 5505 4563 4907 2070 5422 3622 2544 648 4116 3091 4243 1443 3467 3874 4227 2098 3803 6288 5657 6992 2367 2358 5349 3660 5708 4781 1089 4036 2354 4723 2722 4819 3980 4008 2146 3483 6472 1602 4317 4648 3087 4713 3319 4121 2763 1389 5364 2018 2416 6368 1234 4856 1455 4017 
28 3000 4636 2477 797 4018 5823 4994 6082 6024 2478 6056 2721 1917 1160 4300 4825 5672 3580 3372 4930 3513 4520 4454 4794 1680 1643 4831 2880 0 2238 6312 4868 476 5205 5587 3925 541 3861 1187 4361 4728 3246 5059 2850 3072 1172 5155 3889 6087 5295 1535 6048 2974 2041 2308 1787 1902 2160 1785 633 995 4891 4553 2155 4733 3188 5367 1229 1516 4345 2998 6596 5362 3948 4951 4740 1923 4321 1939 5538 3964 952 1135 5189 3829 5201 2343 206 1915 3155 1654 4148 2251 3962 1145 4689 4344 4108 2559 1920 4413 
29 3000 4172 3443 2290 1841 3767 3385 4390 3931 2171 4383 909 1881 1272 2117 3197 3824 3820 3754 2737 2503 2762 3035 3344 2767 3233 2602 3244 2238 0 4196 3348 2314 2967 3564 2763 1974 2884 2196 4341 2973 1272 2831 2110 2602 1506 3324 2261 4350 3129 3310 3912 737 702 3053 1578 336 1374 1859 2669 2703 2850 3840 749 3053 2833 3755 3184 1024 2273 760 4519 3249 3958 3017 3911 2715 2952 3308 3888 1773 2723 3362 3308 3141 3222 1860 2273 3676 1047 1760 2678 3578 2138 2848 3765 3175 4314 2003 1802 2319 
30 3000 4756 6294 6060 2361 586 2257 5126 314 4660 5175 4309 4938 5468 2980 4783 4408 5666 5815 2703 3699 4366 5144 2670 6045 7424 2379 5579 6312 4196 0 2498 6229 1782 862 5435 5902 5729 5754 5539 2039 3951 1668 5601 6080 5253 1645 4553 1792 1101 6897 309 3508 4274 5890 5630 4507 5256 5032 6826 6897 1445 4223 4709 4620 6311 5036 6934 4812 3433 3500 400 951 5415 1545 4022 6803 2939 7470 2058 2438 6468 7444 4141 4161 1263 5658 6394 7872 3176 5854 2828 6711 4147 6513 3810 5609 5853 5687 4871 1899 
31 3000 2261 4089 4363 2271 1930 242 6360 2209 2624 6387 3968 3079 4419 3588 5549 5623 3242 3424 3768 1489 5050 5683 172 4057 6328 3366 3287 4868 3348 2498 0 4623 3062 1676 5695 4356 5914 3968 3043 658 3910 2773 5366 5877 3697 871 4901 1298 2272 4972 2440 2994 3002 3729 4917 3529 4712 3204 5479 5700 1565 1726 4080 5370 6116 5993 5114 3416 4092 3015 2524 1988 2945 1173 1539 6008 588 6492 711 2359 4695 5909 5184 1734 1370 5194 5013 6708 2441 5079 722 4575 4559 4681 1321 6021 3375 5316 3041 1814 
32 3000 4227 2001 337 3998 5716 4766 6378 5932 2127 6355 2926 1582 1442 4425 5122 5928 3122 2908 5049 3214 4786 4783 4536 1206 2084 4913 2425 476 2314 6229 4623 0 5241 5469 4283 342 4242 761 3912 4542 3437 5072 3231 3489 978 4980 4171 5873 5250 1139 5978 3029 1973 1839 2162 1987 2491 1450 1043 1451 4791 4176 2380 5018 3619 5673 902 1428 4522 3057 6492 5286 3502 4811 4376 2397 4059 2397 5310 3954 518 1285 5433 3467 5072 2730 680 2311 3126 2059 3911 1789 4205 704 4340 4709 3647 2948 1602 4343 
33 3000 5135 5851 5156 1334 1747 2886 3478 1690 4213 3519 2788 4291 4188 1244 3008 2738 5611 5683 927 3608 2583 3361 3200 5392 6046 603 5309 5205 2967 1782 3062 5241 0 1774 3671 4899 3971 4949 5744 2406 2341 291 3945 4397 4326 2311 2793 3089 901 6120 1484 2230 3302 5428 4162 3303 3738 4346 5621 5600 1501 4614 3283 2842 4620 3296 6064 3833 1659 2207 2183 1248 5500 1911 4500 5307 3204 6031 3029 1342 5590 6329 2405 4261 1808 4081 5239 6512 2158 4399 2951 6159 2388 5683 4281 3829 5943 4074 4210 1367 
34 3000 3937 5441 5281 1806 275 1442 5253 552 3817 5294 3823 4120 4821 2760 4706 4512 4806 4953 2668 2838 4244 4988 1846 5218 6793 2281 4719 5587 3564 862 1676 5469 1774 0 5184 5150 5458 4956 4699 1178 3546 1543 5187 5686 4490 806 4309 1317 874 6084 763 2932 3546 5040 5075 3853 4740 4220 6128 6236 713 3400 4153 4533 5924 5043 6139 4073 3263 2932 1031 530 4562 693 3214 6245 2084 6871 1363 1898 5678 6710 4162 3304 411 5175 5684 7228 2518 5286 1966 5867 3912 5714 2997 5417 5003 5233 4057 1255 
35 3000 6910 5980 4450 3508 5266 5647 2317 5291 4921 2274 1873 4559 2855 2458 1182 2185 6557 6467 2810 5199 1249 640 5746 5202 3659 3068 5942 3925 2763 5435 5695 4283 3671 5184 0 4035 313 4570 7105 5143 1787 3769 1097 1149 3930 5337 882 6347 4397 5422 5129 2754 3453 5640 2138 2856 1800 4504 3907 3596 4583 6541 2138 1207 1259 1592 5150 3589 2013 2726 5833 4688 6719 4926 6577 2676 5453 3438 6044 3411 4799 4687 1894 5873 5005 1599 3806 4089 3303 2297 5151 5969 1288 4978 6407 432 7063 1399 4488 4072 
36 3000 4103 2085 417 3659 5395 4490 6087 5607 1937 6066 2609 1376 1179 4087 4834 5621 3093 2899 4710 2980 4485 4513 4276 1269 2173 4571 2392 541 1974 5902 4356 342 4899 5150 4035 0 4012 693 3857 4247 3113 4731 3006 3301 669 4681 3878 5591 4915 1414 5648 2686 1637 1859 1946 1648 2235 1243 1175 1518 4467 4012 2072 4725 3447 5388 1222 1093 4193 2715 6170 4957 3442 4499 4198 2340 3801 2452 5035 3614 790 1570 5122 3288 4757 2515 729 2456 2787 1873 3639 1957 3895 954 4149 4464 3626 2734 1381 4012 
37 3000 7052 6001 4429 3757 5547 5875 2534 5579 5016 2486 2023 4627 2837 2749 1461 2461 6638 6536 3118 5356 1561 906 5959 5210 3471 3368 6007 3861 2884 5729 5914 4242 3971 5458 313 4012 0 4578 7212 5377 2006 4061 1011 930 3960 5586 1178 6603 4683 5378 5422 2945 3558 5675 2080 2943 1796 4565 3794 3458 4845 6699 2214 1502 999 1824 5090 3649 2316 2919 6126 4968 6819 5180 6746 2485 5651 3229 6285 3659 4760 4562 2194 6017 5268 1517 3729 3887 3500 2211 5351 5961 1583 4943 6582 530 7152 1303 4559 4326 
38 3000 3466 1434 432 3646 5215 4128 6509 5449 1397 6495 2978 888 1754 4288 5273 5991 2401 2205 4890 2517 4885 5002 3868 632 2829 4698 1700 1187 2196 5754 3968 761 4949 4956 4570 693 4578 0 3174 3954 3439 4749 3589 3924 693 4402 4312 5243 4838 1172 5524 2829 1659 1171 2555 1917 2782 765 1797 2183 4309 3420 2497 5149 4085 5833 1183 1176 4470 2863 5987 4831 2760 4278 3625 3033 3390 3125 4668 3618 732 1990 5480 2719 4550 3117 1391 3071 2791 2514 3272 1414 4274 759 3598 5002 2933 3334 930 3911 
39 3000 876 2175 3575 4546 4963 3286 8510 5244 2204 8518 5243 2670 4680 5771 7430 7839 822 1084 6185 2162 6949 7350 2871 2760 5997 5835 1491 4361 4341 5539 3043 3912 5744 4699 7105 3857 7212 3174 0 3546 5490 5459 6342 6777 3486 3896 6551 4130 5136 3495 5458 4527 3654 2121 5457 4271 5516 2769 4955 5356 4402 1349 5002 7267 6978 7966 3822 3626 6176 4564 5562 4920 417 4095 1596 6165 2633 6300 3610 4591 3633 4961 7334 1483 4346 5956 4566 6204 4093 5494 2827 2695 6342 3497 1776 7517 455 6153 2720 4377 
40 3000 2824 4301 4316 1662 1452 521 5712 1730 2714 5741 3489 3083 4137 2957 4932 4973 3627 3776 3113 1675 4436 5092 794 4144 6091 2710 3556 4728 2973 2039 658 4542 2406 1178 5143 4247 5377 3954 3546 0 3372 2116 4897 5409 3577 451 4324 1387 1641 5036 1921 2515 2749 3911 4550 3199 4298 3195 5314 5488 917 2287 3671 4753 5650 5362 5131 3225 3466 2530 2152 1384 3391 553 2135 5681 914 6222 927 1755 4686 5817 4541 2128 801 4772 4853 6496 1981 4732 792 4749 3968 4699 1913 5450 3834 4875 3029 1168 
41 3000 5205 4715 3476 1777 3673 3869 3120 3752 3386 3115 530 3147 2102 1164 1951 2556 5035 4990 1772 3475 1497 1878 3959 4028 3772 1805 4491 3246 1272 3951 3910 3437 2341 3546 1787 3113 2006 3439 5490 3372 0 2328 1651 2142 2745 3596 1069 4624 2856 4507 3643 992 1952 4325 1864 1522 1416 3130 3519 3403 2890 4805 1099 1798 2379 2502 4335 2285 1100 960 4330 3095 5128 3199 4823 2977 3670 3720 4284 1680 3896 4290 2042 4170 3312 1739 3219 4243 1526 2105 3367 4838 872 4041 4645 2135 5509 1742 3065 2353 
42 3000 4844 5610 4973 1107 1548 2600 3721 1530 3965 3760 2740 4065 4075 1312 3182 2978 5338 5415 1125 3329 2736 3501 2909 5173 5967 745 5051 5059 2831 1668 2773 5072 291 1543 3769 4731 4061 4749 5459 2116 2328 0 3963 4431 4141 2034 2886 2846 673 5921 1360 2095 3116 5187 4103 3164 3695 4126 5498 5498 1216 4323 3205 3011 4658 3502 5879 3653 1776 2075 2064 1012 5220 1628 4208 5262 2913 5970 2759 1131 5404 6189 2619 3976 1540 4063 5103 6429 1961 4337 2661 5931 2480 5490 3989 3955 5663 4071 3985 1081 
43 3000 6256 5020 3423 3394 5322 5364 3381 5404 4138 3344 1407 3708 1838 2710 2169 3142 5726 5607 3230 4612 2039 1693 5385 4220 2613 3370 5075 2850 2110 5601 5366 3231 3945 5187 1097 3006 1011 3589 6342 4897 1651 3963 0 512 2995 5172 1421 6211 4507 4366 5292 2382 2724 4708 1068 2087 832 3634 2810 2503 4515 5946 1371 2134 753 2651 4079 2729 2420 2367 5981 4746 5940 4796 6021 1651 5026 2433 5823 3298 3749 3590 2753 5236 4933 508 2721 3061 2928 1205 4739 4960 1722 3933 5875 1501 6249 302 3646 3968 
44 3000 6723 5359 3715 3899 5815 5876 3457 5890 4576 3411 1919 4122 2175 3155 2323 3324 6136 6004 3641 5098 2298 1790 5894 4548 2542 3812 5472 3072 2602 6080 5877 3489 4397 5686 1149 3301 930 3924 6777 5409 2142 4431 512 0 3371 5683 1741 6721 4991 4606 5771 2895 3192 5069 1370 2554 1268 4039 2927 2564 5019 6426 1856 2327 241 2738 4294 3151 2822 2879 6463 5237 6370 5304 6509 1557 5532 2299 6336 3803 4005 3676 2993 5710 5438 824 2919 2957 3440 1431 5246 5257 2094 4194 6367 1461 6665 623 4064 4474 
45 3000 3615 2050 832 3050 4738 3826 5822 4955 1391 5809 2288 839 1210 3609 4591 5298 2786 2638 4217 2353 4196 4337 3622 1296 2723 4042 2106 1172 1506 5253 3697 978 4326 4490 3930 669 3960 693 3486 3577 2745 4141 2995 3371 0 4011 3631 4924 4285 1817 5005 2160 1025 1716 2010 1223 2169 723 1792 2070 3813 3466 1825 4464 3552 5152 1738 499 3779 2193 5513 4312 3070 3834 3632 2699 3149 2958 4370 3013 1264 2239 4786 2728 4094 2549 1327 3054 2181 2018 2977 2099 3583 1364 3564 4362 3321 2761 814 3372 
46 3000 3131 4745 4759 1830 1066 641 5724 1347 3166 5758 3767 3533 4522 3042 5029 4981 4031 4190 3107 2113 4542 5235 1040 4595 6486 2702 3989 5155 3324 1645 871 4980 2311 806 5337 4681 5586 4402 3896 451 3596 2034 5172 5683 4011 0 4493 1040 1458 5488 1569 2806 3155 4358 4894 3571 4616 3644 5732 5892 834 2594 3997 4851 5924 5427 5580 3645 3558 2816 1721 1146 3769 428 2410 6040 1299 6605 740 1927 5133 6251 4578 2521 522 5081 5274 6899 2300 5085 1228 5197 4119 5148 2192 5620 4208 5171 3478 1270 
47 3000 6274 5661 4275 2670 4386 4836 2208 4408 4422 2189 1363 4138 2738 1575 961 1800 6073 6015 1953 4544 648 809 4964 4928 3992 2190 5505 3889 2261 4553 4901 4171 2793 4309 882 3878 1178 4312 6551 4324 1069 2886 1421 1741 3631 4493 0 5491 3515 5293 4246 2060 2962 5288 2198 2443 1754 4106 4012 3785 3722 5870 1818 847 1928 1521 5069 3216 1141 2026 4950 3809 6184 4076 5882 3056 4704 3841 5211 2575 4667 4807 1358 5239 4142 1796 3812 4451 2580 2414 4399 5727 405 4831 5701 1127 6557 1670 4059 3223 
48 3000 3276 5377 5627 2849 1416 1115 6566 1616 3918 6605 4807 4356 5524 3993 5970 5824 4454 4658 3967 2787 5494 6212 1432 5353 7477 3571 4563 6087 4350 1792 1298 5873 3089 1317 6347 5591 6603 5243 4130 1387 4624 2846 6211 6721 4924 1040 5491 0 2187 6267 1898 3846 4133 5024 5925 4584 5655 4478 6683 6869 1771 2782 5033 5793 6962 6333 6400 4597 4506 3857 1624 1840 4107 1425 2536 7063 1886 7610 587 2947 5973 7156 5460 2978 1356 6121 6219 7878 3336 6111 1970 5870 5108 5966 2356 6615 4513 6211 4313 2277 
49 3000 4454 5543 5110 1288 880 2071 4379 900 3884 4420 3207 4076 4401 1944 3852 3638 5112 5219 1797 3086 3401 4159 2425 5195 6344 1417 4907 5295 3129 1101 2272 5250 901 874 4397 4915 4683 4838 5136 1641 2856 673 4507 4991 4285 1458 3515 2187 0 6003 799 2424 3277 5125 4533 3449 4155 4155 5784 5832 736 3921 3614 3680 5225 4174 6003 3822 2430 2413 1473 346 4938 1099 3775 5705 2518 6380 2151 1357 5530 6431 3290 3672 939 4557 5364 6796 2140 4758 2309 5913 3112 5594 3554 4603 5385 4588 4002 931 
50 3000 4024 1328 1030 4818 6348 5155 7501 6588 2349 7481 4013 1964 2578 5423 6248 7031 2674 2412 6034 3484 5898 5919 4853 919 2841 5857 2070 1535 3310 6897 4972 1139 6120 6084 5422 1414 5378 1172 3495 5036 4507 5921 4366 4606 1817 5488 5293 6267 6003 0 6674 3977 2823 1427 3298 3005 3629 1864 1863 2318 5454 4121 3485 6140 4723 6802 383 2315 5571 4010 7115 5984 3127 5398 4361 3393 4384 3202 5682 4790 626 1547 6529 3508 5674 3863 1702 2905 3963 3183 4310 879 5305 466 4383 5848 3133 4081 2027 5073 
51 3000 4700 6114 5819 2072 524 2204 4867 282 4469 4915 4005 4722 5185 2672 4490 4143 5542 5680 2409 3550 4068 4843 2610 5836 7135 2077 5422 6048 3912 309 2440 5978 1484 763 5129 5648 5422 5524 5458 1921 3643 1360 5292 5771 5005 1569 4246 1898 799 6674 0 3216 4015 5706 5332 4227 4954 4812 6553 6616 1224 4164 4412 4326 6002 4755 6700 4556 3129 3207 704 693 5313 1393 3977 6504 2835 7176 2080 2146 6231 7183 3861 4049 1122 5353 6126 7585 2902 5556 2695 6518 3840 6283 3761 5306 5755 5380 4653 1637 
52 3000 4215 3954 2976 1148 3114 2983 4003 3256 2490 4007 976 2347 1987 1467 2903 3369 4118 4098 2060 2484 2422 2869 3025 3352 3920 1887 3622 2974 737 3508 2994 3029 2230 2932 2754 2686 2945 2829 4527 2515 992 2095 2382 2895 2160 2806 2060 3846 2424 3977 3216 0 1184 3543 2143 1072 1820 2360 3402 3417 2225 3812 1221 2739 3135 3438 3880 1661 1729 38 3846 2572 4177 2452 3832 3314 2705 3963 3442 1070 3411 4099 2853 3181 2623 2276 3010 4372 556 2357 2406 4157 1816 3523 3657 3120 4572 2365 2262 1677 
53 3000 3532 2788 1857 2028 3782 3084 5071 3984 1471 5067 1611 1197 1418 2651 3892 4483 3118 3053 3240 1931 3448 3737 2965 2168 3344 3039 2544 2041 702 4274 3002 1973 3302 3546 3453 1637 3558 1659 3654 2749 1952 3116 2724 3192 1025 3155 2962 4133 3277 2823 4015 1184 0 2386 2000 638 1926 1191 2587 2738 2850 3240 1358 3745 3412 4449 2763 544 2885 1220 4555 3325 3265 2921 3338 3020 2527 3492 3617 1988 2289 3171 3965 2518 3165 2401 2138 3747 1157 2124 2290 2973 2823 2381 3213 3869 3615 2574 1115 2378 
54 3000 2598 423 1511 4094 5314 3936 7443 5576 1241 7435 3925 1196 2894 4996 6239 6869 1306 1073 5550 2256 5815 6023 3592 645 3914 5293 648 2308 3053 5890 3729 1839 5428 5040 5640 1859 5675 1171 2121 3911 4325 5187 4708 5069 1716 4358 5288 5024 5125 1427 5706 3543 2386 0 3700 2844 3884 1196 2869 3290 4487 2706 3515 6100 5239 6799 1719 2073 5266 3581 6054 5039 1730 4348 2953 4198 3146 4235 4437 4093 1514 2841 6351 2136 4631 4253 2515 4094 3333 3675 3135 846 5191 1376 2992 6072 1816 4467 1280 4206 
55 3000 5470 3990 2363 3285 5256 4961 4341 5389 3273 4311 1374 2788 806 3028 3091 3998 4789 4647 3634 3930 2846 2683 4904 3181 1908 3658 4116 1787 1578 5630 4917 2162 4162 5075 2138 1946 2080 2555 5457 4550 1864 4103 1068 1370 2010 4894 2198 5925 4533 3298 5332 2143 2000 3700 0 1397 464 2696 1818 1596 4366 5220 923 3018 1542 3617 3014 1841 2906 2145 5980 4707 5045 4570 5332 1173 4492 1869 5467 3201 2681 2612 3548 4486 4758 569 1669 2379 2597 241 4232 3903 2361 2865 5212 2557 5321 788 2736 3820 
56 3000 4170 3219 1979 2160 4064 3585 4613 4236 2072 4603 1082 1710 967 2438 3397 4076 3701 3613 3061 2558 2984 3188 3510 2509 2940 2936 3091 1902 336 4507 3529 1987 3303 3853 2856 1648 2943 1917 4271 3199 1522 3164 2087 2554 1223 3571 2443 4584 3449 3005 4227 1072 638 2844 1397 0 1289 1667 2339 2391 3140 3875 730 3262 2775 3958 2865 774 2566 1096 4822 3557 3877 3284 3968 2485 3095 3036 4102 2096 2409 3026 3563 3155 3500 1766 1938 3375 1337 1549 2837 3317 2366 2541 3837 3279 4210 1936 1636 2619 
57 3000 5455 4205 2649 2936 4907 4735 3926 5026 3313 3898 955 2876 1055 2581 2670 3554 4894 4775 3180 3843 2399 2295 4713 3414 2365 3220 4243 2160 1374 5256 4712 2491 3738 4740 1800 2235 1796 2782 5516 4298 1416 3695 832 1268 2169 4616 1754 5655 4155 3629 4954 1820 1926 3884 464 1289 0 2801 2259 2058 4039 5165 631 2587 1486 3207 3371 1897 2444 1815 5615 4348 5112 4271 5254 1568 4326 2304 5223 2847 3004 3053 3096 4444 4442 486 2067 2836 2319 702 4051 4171 1899 3181 5119 2230 5418 647 2814 3489 
58 3000 2898 1597 1163 3018 4483 3363 6249 4723 694 6242 2742 133 1912 3822 5052 5673 2096 1973 4392 1767 4622 4855 3106 1047 3401 4158 1443 1785 1859 5032 3204 1450 4346 4220 4504 1243 4565 765 2769 3195 3130 4126 3634 4039 723 3644 4106 4478 4155 1864 4812 2360 1191 1196 2696 1667 2801 0 2418 2744 3590 2774 2366 4911 4231 5612 1935 916 4075 2397 5251 4124 2355 3536 2956 3422 2629 3656 3903 3004 1496 2725 5155 2045 3811 3215 1968 3700 2203 2725 2507 1819 3998 1503 2905 4932 2626 3420 166 3224 
59 3000 5259 2986 1381 4497 6356 5598 6155 6546 3111 6123 2989 2551 1441 4633 4909 5813 4161 3941 5261 4142 4658 4484 5410 2226 1045 5204 3467 633 2669 6826 5479 1043 5621 6128 3907 1175 3794 1797 4955 5314 3519 5498 2810 2927 1792 5732 4012 6683 5784 1863 6553 3402 2587 2869 1818 2339 2259 2418 0 455 5424 5185 2423 4837 2999 5428 1493 2088 4614 3422 7125 5874 4546 5509 5373 1551 4939 1375 6141 4435 1398 794 5354 4463 5751 2310 466 1282 3651 1621 4758 2682 4146 1578 5323 4305 4682 2508 2554 4927 
60 3000 5621 3426 1785 4545 6453 5804 5880 6627 3437 5844 2881 2873 1431 4548 4647 5580 4572 4359 5170 4418 4433 4195 5642 2652 657 5147 3874 995 2703 6897 5700 1451 5600 6236 3596 1518 3458 2183 5356 5488 3403 5498 2503 2564 2070 5892 3785 6869 5832 2318 6616 3417 2738 3290 1596 2391 2058 2744 455 0 5525 5518 2334 4588 2614 5150 1947 2284 4479 3432 7213 5948 4943 5642 5695 1116 5179 945 6343 4476 1844 1113 5140 4787 5872 2023 792 1009 3727 1371 4979 3135 3957 2027 5632 3979 5098 2203 2866 5010 
61 3000 3719 4899 4617 1120 932 1384 4890 1142 3248 4924 3135 3499 4108 2228 4212 4147 4398 4516 2273 2378 3730 4441 1710 4611 6080 1868 4227 4891 2850 1445 1565 4791 1501 713 4583 4467 4845 4309 4402 917 2890 1216 4515 5019 3813 834 3722 1771 736 5454 1224 2225 2850 4487 4366 3140 4039 3590 5424 5525 0 3186 3446 4035 5259 4599 5489 3382 2743 2226 1705 553 4211 413 3046 5535 1782 6157 1573 1216 5023 6019 3745 2942 423 4482 4983 6516 1804 4575 1577 5296 3337 5068 2824 4844 4657 4547 3430 551 
62 3000 537 2946 3853 3541 3656 1965 7647 3936 2081 7664 4676 2645 4530 4847 6669 6939 1763 2007 5174 1343 6172 6680 1554 3236 6175 4795 2098 4553 3840 4223 1726 4176 4614 3400 6541 4012 6699 3420 1349 2287 4805 4323 5946 6426 3466 2594 5870 2782 3921 4121 4164 3812 3240 2706 5220 3875 5165 2774 5185 5518 3186 0 4574 6496 6650 7174 4371 3416 5304 3845 4226 3671 1355 2840 269 6126 1411 6424 2262 3605 4054 5392 6456 742 3072 5641 4740 6468 3297 5315 1668 3487 5600 3972 426 6924 1736 5811 2655 3260 
63 3000 4887 3871 2461 2362 4333 4104 4023 4467 2802 4006 569 2421 1003 2217 2778 3549 4424 4329 2842 3242 2413 2512 4082 3119 2764 2813 3803 2155 749 4709 4080 2380 3283 4153 2138 2072 2214 2497 5002 3671 1099 3205 1371 1856 1825 3997 1818 5033 3614 3485 4412 1221 1358 3515 923 730 631 2366 2423 2334 3446 4574 0 2660 2085 3338 3282 1451 2199 1222 5057 3784 4607 3661 4653 2096 3698 2770 4595 2278 2863 3190 3053 3864 3842 1115 2120 3229 1697 1144 3421 3912 1824 3021 4511 2566 4937 1254 2350 2899 
64 3000 6929 6481 5120 3098 4559 5273 1362 4529 5184 1345 2180 4935 3585 1808 179 1008 6831 6788 1917 5198 324 624 5454 5761 4746 2266 6288 4733 3053 4620 5370 5018 2842 4533 1207 4725 1502 5149 7267 4753 1798 3011 2134 2327 4464 4851 847 5793 3680 6140 4326 2739 3745 6100 3018 3262 2587 4911 4837 4588 4035 6496 2660 0 2460 704 5916 4036 1293 2702 5021 4008 6913 4424 6483 3783 5249 4563 5588 3011 5514 5631 693 5904 4438 2572 4651 5195 3207 3224 4945 6562 928 5678 6289 1127 7301 2416 4855 3597 
65 3000 6940 5518 3858 4138 6052 6116 3530 6124 4781 3481 2160 4317 2347 3376 2442 3445 6327 6189 3850 5324 2458 1894 6133 4705 2530 4031 5657 3188 2833 6311 6116 3619 4620 5924 1259 3447 999 4085 6978 5650 2379 4658 753 241 3552 5924 1928 6962 5225 4723 6002 3135 3412 5239 1542 2775 1486 4231 2999 2614 5259 6650 2085 2460 0 2823 4401 3351 3029 3120 6696 5473 6570 5545 6735 1556 5768 2261 6577 4042 4131 3727 3139 5930 5678 1022 3026 2924 3680 1574 5483 5398 2295 4321 6596 1516 6857 838 4261 4714 
66 3000 7615 7177 5789 3727 5041 5883 730 4981 5889 694 2875 5637 4233 2405 561 787 7536 7493 2377 5885 1016 960 6085 6449 5247 2763 6992 5367 3755 5036 5993 5673 3296 5043 1592 5388 1824 5833 7966 5362 2502 3502 2651 2738 5152 5427 1521 6333 4174 6802 4755 3438 4449 6799 3617 3958 3207 5612 5428 5150 4599 7174 3338 704 2823 0 6566 4732 1902 3401 5432 4513 7614 4999 7152 4267 5903 5031 6167 3644 6175 6219 894 6593 4988 3128 5274 5681 3895 3807 5600 7248 1632 6343 6955 1319 8004 2948 5557 4196 
67 3000 4309 1677 907 4785 6398 5285 7274 6630 2497 7251 3827 2050 2334 5302 6018 6830 3000 2744 5921 3638 5687 5666 5004 1134 2459 5767 2367 1229 3184 6934 5114 902 6064 6139 5150 1222 5090 1183 3822 5131 4335 5879 4079 4294 1738 5580 5069 6400 6003 383 6700 3880 2763 1719 3014 2865 3371 1935 1493 1947 5489 4371 3282 5916 4401 6566 0 2232 5416 3911 7170 6007 3443 5461 4603 3035 4530 2822 5820 4750 474 1172 6335 3728 5733 3572 1375 2522 3919 2882 4432 1257 5107 433 4610 5571 3476 3788 2101 5079 
68 3000 3636 2445 1324 2570 4313 3521 5387 4520 1433 5377 1857 980 1113 3114 4171 4841 2997 2887 3720 2189 3758 3951 3360 1744 2915 3543 2358 1516 1024 4812 3416 1428 3833 4073 3589 1093 3649 1176 3626 3225 2285 3653 2729 3151 499 3645 3216 4597 3822 2315 4556 1661 544 2073 1841 774 1897 916 2088 2284 3382 3416 1451 4036 3351 4732 2232 0 3297 1694 5087 3866 3219 3435 3551 2718 2901 3100 4062 2529 1759 2636 4326 2675 3685 2329 1628 3292 1699 1908 2694 2554 3138 1863 3454 4017 3520 2528 916 2919 
69 3000 5763 5672 4543 1825 3309 3987 2346 3307 4214 2361 1630 4070 3202 515 1471 1662 5825 5818 820 4048 987 1728 4183 5034 4807 1056 5349 4345 2273 3433 4092 4522 1659 3263 2013 4193 2316 4470 6176 3466 1100 1776 2420 2822 3779 3558 1141 4506 2430 5571 3129 1729 2885 5266 2906 2566 2444 4075 4614 4479 2743 5304 2199 1293 3029 1902 5416 3297 0 1691 3832 2745 5849 3130 5268 3949 4006 4719 4295 1742 4969 5388 1159 4758 3149 2668 4319 5277 2085 3146 3705 5844 742 5106 5067 2178 6260 2606 3986 2306 
70 3000 4250 3992 3007 1142 3111 3001 3965 3250 2529 3969 959 2385 2004 1430 2867 3331 4156 4136 2026 2518 2385 2836 3048 3388 3930 1857 3660 2998 760 3500 3015 3057 2207 2932 2726 2715 2919 2863 4564 2530 960 2075 2367 2879 2193 2816 2026 3857 2413 4010 3207 38 1220 3581 2145 1096 1815 2397 3422 3432 2226 3845 1222 2702 3120 3401 3911 1694 1691 0 3841 2566 4215 2459 3863 3317 2731 3970 3457 1062 3443 4122 2814 3216 2627 2268 3032 4384 581 2361 2431 4193 1780 3555 3687 3090 4610 2354 2300 1677 
71 3000 4752 6449 6309 2698 775 2282 5510 590 4839 5560 4673 5151 5788 3376 5183 4797 5746 5911 3103 3828 4767 5545 2695 6246 7752 2779 5708 6596 4519 400 2524 6492 2183 1031 5833 6170 6126 5987 5562 2152 4330 2064 5981 6463 5513 1721 4950 1624 1473 7115 704 3846 4555 6054 5980 4822 5615 5251 7125 7213 1705 4226 5057 5021 6696 5432 7170 5087 3832 3841 0 1274 5467 1719 4009 7153 3017 7809 1992 2780 6708 7724 4538 4234 1440 6026 6686 8195 3485 6200 2944 6886 4544 6745 3805 6009 5899 6060 5088 2203 
72 3000 4208 5451 5126 1423 580 1775 4726 683 3799 4766 3411 4036 4520 2248 4181 3984 4942 5065 2137 2926 3723 4473 2148 5151 6480 1751 4781 5362 3249 951 1988 5286 1248 530 4688 4957 4968 4831 4920 1384 3095 1012 4746 5237 4312 1146 3809 1840 346 5984 693 2572 3325 5039 4707 3557 4348 4124 5874 5948 553 3671 3784 4008 5473 4513 6007 3866 2745 2566 1274 0 4743 831 3512 5880 2287 6535 1817 1506 5538 6495 3631 3473 624 4766 5442 6926 2224 4926 2106 5844 3409 5591 3291 4909 5189 4810 3966 948 
73 3000 1004 1823 3165 4266 4832 3186 8173 5112 1804 8179 4864 2257 4266 5459 7074 7512 473 746 5896 1893 6598 6979 2775 2362 5586 5557 1089 3948 3958 5415 2945 3502 5500 4562 6719 3442 6819 2760 417 3391 5128 5220 5940 6370 3070 3769 6184 4107 4938 3127 5313 4177 3265 1730 5045 3877 5112 2355 4546 4943 4211 1355 4607 6913 6570 7614 3443 3219 5849 4215 5467 4743 0 3930 1622 5747 2478 5886 3561 4305 3235 4570 7003 1269 4192 5549 4152 5799 3764 5080 2636 2357 5986 3105 1765 7134 446 5747 2309 4140 
74 3000 3377 4749 4612 1424 966 979 5301 1231 3124 5334 3398 3433 4247 2615 4602 4558 4149 4286 2685 2159 4115 4812 1326 4527 6219 2279 4036 4951 3017 1545 1173 4811 1911 693 4926 4499 5180 4278 4095 553 3199 1628 4796 5304 3834 428 4076 1425 1099 5398 1393 2452 2921 4348 4570 3284 4271 3536 5509 5642 413 2840 3661 4424 5545 4999 5461 3435 3130 2459 1719 831 3930 0 2684 5728 1461 6319 1168 1521 5003 6065 4151 2662 282 4728 5057 6643 1975 4769 1302 5174 3699 5033 2462 5203 4374 4808 3371 854 
75 3000 744 3205 4057 3480 3464 1772 7605 3742 2262 7624 4723 2824 4662 4800 6657 6888 2032 2276 5098 1411 6158 6691 1371 3468 6351 4712 2354 4740 3911 4022 1539 4376 4500 3214 6577 4198 6746 3625 1596 2135 4823 4208 6021 6509 3632 2410 5882 2536 3775 4361 3977 3832 3338 2953 5332 3968 5254 2956 5373 5695 3046 269 4653 6483 6735 7152 4603 3551 5268 3863 4009 3512 1622 2684 0 6268 1302 6591 2030 3549 4274 5606 6413 910 2903 5734 4924 6655 3302 5436 1583 3744 5598 4198 221 6952 1995 5899 2828 3161 
76 3000 6310 4396 2700 4458 6428 6069 4993 6563 4080 4950 2522 3538 1614 4136 3810 4792 5423 5237 4720 4901 3687 3307 5980 3589 985 4782 4723 1923 2715 6803 6008 2397 5307 6245 2676 2340 2485 3033 6165 5681 2977 5262 1651 1557 2699 6040 3056 7063 5705 3393 6504 3314 3020 4198 1173 2485 1568 3422 1551 1116 5535 6126 2096 3783 1556 4267 3035 2718 3949 3317 7153 5880 5747 5728 6268 0 5548 784 6587 4374 2863 2209 4402 5384 5922 1284 1725 1415 3752 959 5305 4167 3314 3054 6171 3016 5958 1386 3507 4990 
77 3000 1939 3511 3791 2196 2355 790 6328 2635 2037 6350 3656 2502 3942 3524 5426 5605 2731 2894 3798 901 4925 5504 477 3469 5816 3410 2722 4321 2952 2939 588 4059 3204 2084 5453 3801 5651 3390 2633 914 3670 2913 5026 5532 3149 1299 4704 1886 2518 4384 2835 2705 2527 3146 4492 3095 4326 2629 4939 5179 1782 1411 3698 5249 5768 5903 4530 2901 4006 2731 3017 2287 2478 1461 1302 5548 0 5996 1299 2270 4115 5344 5139 1221 1716 4812 4473 6183 2151 4639 305 3992 4391 4097 1087 5804 2920 4949 2467 1858 
78 3000 6547 4362 2731 5111 7068 6576 5754 7218 4344 5709 3243 3783 2085 4885 4586 5571 5517 5305 5478 5278 4471 4074 6448 3596 374 5523 4819 1939 3308 7470 6492 2397 6031 6871 3438 2452 3229 3125 6300 6222 3720 5970 2433 2299 2958 6605 3841 7610 6380 3202 7176 3963 3492 4235 1869 3036 2304 3656 1375 945 6157 6424 2770 4563 2261 5031 2822 3100 4719 3970 7809 6535 5886 6319 6591 784 5996 0 7107 5032 2773 1788 5186 5687 6530 2062 1734 664 4356 1633 5776 4046 4095 2951 6517 3759 6043 2170 3769 5621 
79 3000 2775 4791 5057 2540 1558 544 6462 1813 3333 6496 4416 3780 5023 3780 5767 5718 3891 4089 3844 2200 5278 5963 845 4767 6960 3440 3980 5538 3888 2058 711 5310 3029 1363 6044 5035 6285 4668 3610 927 4284 2759 5823 6336 4370 740 5211 587 2151 5682 2080 3442 3617 4437 5467 4102 5223 3903 6141 6343 1573 2262 4595 5588 6577 6167 5820 4062 4295 3457 1992 1817 3561 1168 2030 6587 1299 7107 0 2636 5397 6595 5318 2402 1221 5698 5676 7352 2908 5643 1399 5283 4843 5387 1835 6339 3976 5802 3739 1997 
