FILE: 1611EuclS.txt
100 100 0 
1 3000 0 2655 4752 3168 3897 1732 1757 3662 2804 3645 5064 1076 4177 710 3787 3548 2605 3073 5613 3546 5274 6157 2812 6092 2031 3544 2725 3848 2745 3794 763 1829 1613 681 4593 2224 2539 3026 4264 3552 4095 3989 4261 2705 3358 4142 5335 2890 5076 4692 3934 4694 2598 2843 5572 1943 3800 1038 1773 1174 2010 3399 1546 2388 2473 2881 4757 1419 1489 559 3033 1442 5483 2730 2286 4452 2606 1938 4600 4364 2003 4884 1800 3005 2873 1476 2461 2121 1533 2677 2886 3548 1800 3919 5251 2812 1536 4120 3768 2597 
2 3000 2655 0 2723 1879 1469 4205 3957 4192 4694 3933 3311 3245 2141 2965 1422 1769 5196 4323 2984 1614 2802 3533 5073 3438 3622 4065 369 2891 5112 1265 2932 4291 3490 2015 3863 2866 2969 4230 1708 2186 4314 4024 2127 714 3621 3953 2681 3113 2476 2245 2260 2441 5225 1696 2957 3411 2147 3565 2888 3073 1928 3179 1444 1684 4406 4094 3199 2005 2414 2746 1765 1868 2854 1980 486 1850 1455 3253 2017 4381 844 3331 1652 387 274 4090 3587 3912 4166 2118 2718 3749 3399 1990 2878 4334 3708 3817 3839 2478 
3 3000 4752 2723 0 1673 3224 6478 5289 3887 5527 3505 733 4792 4118 5297 3317 4108 6818 4663 2180 3898 3759 3548 6219 3091 4556 6786 3012 1759 6385 2947 5295 6574 6010 4303 2332 3474 3304 4564 2980 1381 3636 3284 3993 3358 3341 3003 2656 5834 3093 3515 906 4011 6941 1967 2053 4347 1019 5317 3868 4509 4643 2687 4060 2438 5360 4491 939 4627 5043 4545 1780 4491 2119 4666 2741 1698 2158 4153 1592 7038 2864 1005 4345 2702 2761 6205 6274 6482 5996 4819 5425 6454 4446 835 940 4926 6136 2812 6526 5197 
4 3000 3168 1879 1673 0 3077 4899 3621 2661 3937 2324 1896 3120 3905 3775 3095 3630 5144 3187 3294 3457 4137 4409 4581 4090 2920 5723 2248 1012 4732 2797 3786 4997 4566 2817 1984 1854 1745 3086 3080 395 2623 2293 3846 2589 2061 2152 3435 4792 3586 3691 785 4051 5268 326 3198 2706 658 3654 2208 2836 3527 1471 2817 786 3741 2988 1605 3340 3739 2902 143 3217 3186 3784 1608 2273 600 2511 2312 6171 1537 1736 3184 2099 2073 4586 5010 5065 4334 3895 4464 5475 2792 923 2412 3380 4632 1995 5599 4187 
5 3000 3897 1469 3224 3077 0 5219 5368 5597 6151 5311 3939 4638 896 4023 152 1019 6499 5789 2362 812 1380 2344 6490 2432 5085 4092 1225 4029 6507 289 3968 5291 4298 3217 4974 4328 4412 5695 474 3275 5661 5348 792 1194 5010 5228 1748 3215 1263 801 3156 990 6494 2993 2400 4876 3087 4887 4356 4495 2446 4506 2409 3095 5858 5561 3983 2833 3158 4100 3000 2719 2249 2011 1955 1644 2811 4721 1817 4066 2310 4098 2362 1096 1195 5220 4032 4611 5431 2193 2736 3664 4858 2775 2918 5804 4611 5072 3658 2636 
6 3000 1732 4205 6478 4899 5219 0 2416 4997 3430 5073 6795 2190 5261 1240 5086 4607 2051 4140 7189 4675 6538 7556 2973 7568 3152 3238 4181 5541 2741 5183 1275 98 1121 2223 6221 3750 4072 4129 5645 5282 5501 5466 5387 4055 4827 5671 6821 3044 6467 5968 5666 5845 1864 4574 7162 3174 5532 1647 3241 2463 2868 4994 2836 4117 3152 4009 6483 2389 2119 2072 4765 2500 7059 3547 3913 6052 4337 3258 6212 4212 3675 6608 2864 4508 4378 539 2105 1265 1300 3415 3302 3474 3000 5644 6940 3752 706 5680 3720 3117 
7 3000 1757 3957 5289 3621 5368 2416 0 2714 1087 2878 5366 742 5793 2238 5283 5195 1565 1744 6674 5161 6740 7467 1122 7305 889 5174 4143 3872 1164 5208 2323 2495 3012 2340 4292 1882 2149 1747 5662 3918 3259 3307 5852 4225 2702 3576 6560 4614 6430 6167 4385 6256 1742 3355 6606 1027 4269 858 1425 886 3760 3077 3211 2908 770 1644 4972 3173 3233 1323 3529 3185 6550 4470 3492 5520 3247 1199 5631 6054 3137 5075 3523 4342 4218 1882 4027 3433 1177 4427 4640 5241 881 4531 6007 1338 2728 3637 5471 4354 
8 3000 3662 4192 3887 2661 5597 4997 2714 0 2212 385 3606 2815 6334 4362 5583 5917 4133 1116 5884 5788 6767 7064 3068 6723 1860 7118 4534 2128 3344 5339 4423 5088 5263 3825 1960 1523 1285 1057 5681 2680 561 748 6313 4801 600 1088 6090 6327 6241 6286 3097 6588 4364 2637 5775 1823 3050 3353 1893 2570 5145 1226 4391 2510 2247 1105 3172 4694 4964 3117 2684 4626 5787 5676 3748 4928 2788 1757 4952 7825 3457 3220 4804 4522 4450 4497 6103 5759 3870 5720 6161 7029 1997 3443 4806 1555 5108 1239 7217 5851 
9 3000 2804 4694 5527 3937 6151 3430 1087 2212 0 2496 5458 1733 6666 3323 6083 6100 2013 1095 7174 6042 7495 8107 858 7885 1079 6262 4933 3906 1147 5959 3407 3500 4096 3326 4077 2083 2223 1159 6394 4154 2770 2928 6706 5068 2440 3250 7163 5685 7117 6938 4630 7085 2270 3735 7090 1298 4534 1944 1838 1738 4773 2989 4166 3353 330 1148 5035 4197 4292 2310 3879 4194 7056 5464 4210 6058 3708 1478 6143 7135 3849 5117 4510 5079 4965 2890 5115 4507 2135 5436 5689 6322 1294 4858 6343 669 3801 3362 6549 5396 
10 3000 3645 3933 3505 2324 5311 5073 2878 385 2496 0 3222 2883 6070 4354 5304 5678 4354 1414 5517 5541 6450 6713 3342 6363 1996 7033 4283 1746 3605 5047 4409 5167 5257 3740 1607 1435 1147 1340 5374 2317 451 437 6041 4566 323 754 5741 6213 5910 5982 2725 6301 4574 2328 5407 1917 2683 3445 1877 2616 5004 864 4241 2250 2492 1354 2788 4583 4877 3118 2359 4506 5422 5500 3505 4579 2501 1815 4598 7704 3234 2837 4657 4249 4184 4590 6052 5762 4005 5556 6020 6918 2092 3078 4426 1828 5132 882 7098 5713 
11 3000 5064 3311 733 1896 3939 6795 5366 3606 5458 3222 0 4952 4835 5662 4025 4795 6924 4506 2824 4587 4488 4220 6208 3739 4566 7369 3627 1553 6403 3658 5670 6893 6430 4689 1827 3492 3267 4411 3709 1517 3267 2929 4715 3981 3119 2613 3359 6418 3820 4248 1147 4742 7072 2221 2693 4372 1283 5508 3945 4656 5195 2492 4561 2679 5331 4360 434 5116 5528 4786 2031 4985 2779 5283 3250 2431 2471 4184 2322 7675 3308 401 4879 3341 3385 6476 6784 6919 6186 5427 6029 7060 4494 1322 1527 4822 6516 2427 7146 5786 
12 3000 1076 3245 4792 3120 4638 2190 742 2815 1733 2883 4952 0 5051 1667 4550 4453 2048 2062 6033 4419 6014 6770 1860 6630 1017 4594 3416 3537 1870 4485 1744 2284 2525 1609 4104 1608 1922 2029 4944 3456 3311 3279 5111 3487 2641 3496 5879 3966 5722 5439 3904 5518 2151 2827 5972 995 3779 587 1090 302 3045 2866 2473 2360 1402 1893 4585 2465 2565 586 3012 2467 5907 3746 2791 4870 2675 1067 4991 5435 2442 4698 2795 3628 3502 1714 3478 2995 1243 3710 3956 4619 825 3999 5448 1757 2316 3519 4841 3663 
13 3000 4177 2141 4118 3905 896 5261 5793 6334 6666 6070 4835 5051 0 4151 828 654 6766 6419 3038 633 1409 2616 6910 2869 5628 3574 1809 4881 6890 1182 4082 5321 4236 3506 5838 4981 5104 6330 1204 4132 6442 6142 183 1603 5760 6044 2324 2803 1696 977 4040 611 6726 3787 3103 5431 3965 5208 4937 4953 2393 5295 2630 3824 6356 6189 4878 2908 3142 4480 3816 2823 2943 1756 2598 2503 3575 5294 2666 3377 2924 4994 2440 1826 1886 5353 3756 4460 5679 1921 2329 3111 5389 3665 3765 6385 4598 5896 3055 2330 
14 3000 710 2965 5297 3775 4023 1240 2238 4362 3323 4354 5662 1667 4151 0 3897 3500 2685 3721 5949 3541 5368 6348 3175 6342 2672 2941 2949 4514 3045 3970 87 1327 903 1000 5286 2935 3249 3681 4435 4166 4802 4699 4261 2843 4067 4850 5592 2400 5258 4792 4520 4713 2605 3448 5922 2609 4384 1398 2479 1830 1800 4102 1618 3013 2999 3540 5378 1243 1107 1245 3635 1330 5819 2527 2680 4812 3191 2623 4973 3817 2458 5507 1712 3271 3140 1204 1811 1411 1614 2430 2497 3006 2455 4463 5719 3423 859 4826 3239 2241 
15 3000 3787 1422 3317 3095 152 5086 5283 5583 6083 5304 4025 4550 828 3897 0 877 6391 5745 2511 667 1486 2484 6405 2581 5021 3942 1150 4061 6416 371 3840 5158 4156 3106 5013 4288 4383 5652 627 3310 5662 5353 751 1082 5000 5242 1900 3063 1408 904 3211 1018 6383 2996 2548 4815 3137 4785 4299 4413 2301 4509 2286 3075 5786 5517 4055 2698 3017 4005 3012 2586 2398 1858 1904 1766 2802 4663 1942 3926 2254 4172 2225 1063 1150 5095 3881 4465 5320 2041 2584 3515 4791 2837 3041 5749 4473 5090 3512 2484 
16 3000 3548 1769 4108 3630 1019 4607 5195 5917 6100 5678 4795 4453 654 3500 877 0 6126 5918 3373 215 2002 3164 6307 3351 5082 3094 1404 4634 6275 1225 3430 4668 3588 2884 5604 4508 4658 5832 1472 3904 6071 5789 786 1115 5361 5722 2723 2252 2156 1490 3886 1246 6081 3465 3417 4893 3794 4583 4417 4373 1739 4945 2004 3431 5785 5689 4779 2256 2488 3875 3524 2174 3264 1125 2173 2631 3223 4766 2810 3049 2463 4903 1791 1539 1556 4700 3154 3827 5039 1299 1771 2654 4839 3543 3903 5855 3946 5587 2641 1726 
17 3000 2605 5196 6818 5144 6499 2051 1565 4133 2013 4354 6924 2048 6766 2685 6391 6126 0 3049 8064 6139 7877 8727 1231 8624 2428 5277 5309 5437 923 6384 2767 2075 3083 3286 5833 3447 3712 3088 6853 5459 4694 4791 6857 5309 4216 5082 7868 4978 7656 7295 5920 7295 273 4862 8006 2587 5799 1631 2978 2314 4477 4632 4141 4400 1892 3027 6534 3899 3790 2457 5043 3962 7936 5207 4773 6897 4722 2764 7025 6242 4440 6638 4342 5565 5434 1626 4125 3314 1087 5115 5151 5479 2446 6038 7495 2599 2681 5159 5725 4914 
18 3000 3073 4323 4663 3187 5789 4140 1744 1116 1095 1414 4506 2062 6419 3721 5745 5918 3049 0 6481 5824 7068 7537 1952 7258 1048 6617 4619 2959 2232 5562 3795 4224 4588 3417 3014 1465 1455 101 5959 3330 1674 1840 6430 4823 1404 2168 6570 5919 6615 6540 3795 6764 3291 3052 6385 1139 3717 2508 1513 1900 4846 2013 4144 2761 1157 229 4075 4321 4513 2516 3162 4283 6372 5470 3841 5424 3102 1197 5484 7413 3500 4144 4536 4693 4596 3614 5526 5054 2921 5479 5833 6599 1273 4077 5532 450 4366 2292 6809 5527 
19 3000 5613 2984 2180 3294 2362 7189 6674 5884 7174 5517 2824 6033 3038 5949 2511 3373 8064 6481 0 3173 2038 1409 7732 915 6114 6453 3035 3816 7834 2224 5915 7274 6420 4994 4505 5103 5033 6380 1901 3206 5718 5364 2862 3243 5298 5116 764 5565 1419 2111 2797 2638 8125 3448 131 5893 2834 6445 5360 5802 4662 4657 4385 3823 6944 6279 3116 4914 5297 5616 3322 4781 130 4345 3328 1167 3469 5704 1043 6395 3636 3168 4487 2691 2818 7068 6319 6800 7084 4526 5090 6025 5943 2441 1300 6656 6671 4927 6014 4967 
20 3000 3546 1614 3898 3457 812 4675 5161 5788 6042 5541 4587 4419 633 3541 667 215 6139 5824 3173 0 1885 3016 6278 3180 5012 3285 1257 4457 6256 1011 3475 4740 3681 2873 5425 4400 4539 5737 1274 3722 5927 5639 721 1001 5226 5564 2535 2426 1986 1347 3691 1173 6104 3303 3213 4818 3601 4576 4332 4324 1817 4793 2000 3291 5731 5594 4578 2302 2563 3847 3354 2210 3061 1260 2040 2416 3069 4685 2595 3262 2345 4700 1829 1358 1386 4745 3298 3942 5054 1439 1945 2852 4771 3343 3688 5776 4027 5425 2845 1876 
21 3000 5274 2802 3759 4137 1380 6538 6740 6767 7495 6450 4488 6014 1409 5368 1486 2002 7877 7068 2038 1885 0 1228 7861 1576 6421 4970 2597 4982 7883 1537 5308 6606 5564 4593 5860 5603 5651 6971 1108 4242 6760 6427 1237 2568 6169 6258 1278 4211 675 581 3997 814 7869 4129 2143 6208 3966 6267 5679 5862 3698 5608 3767 4320 7209 6843 4654 4150 4439 5479 4092 4045 1987 3128 3285 2078 4001 6045 2167 4692 3645 4745 3674 2415 2532 6571 5153 5825 6806 3301 3737 4501 6201 3590 3122 7116 5903 6086 4427 3724 
22 3000 6157 3533 3548 4409 2344 7556 7467 7064 8107 6713 4220 6770 2616 6348 2484 3164 8727 7537 1409 3016 1228 0 8570 543 7028 6189 3432 5079 8629 2378 6296 7631 6641 5488 5841 6098 6084 7436 1912 4403 6959 6610 2437 3504 6466 6388 974 5406 1089 1674 4050 2039 8748 4491 1541 6808 4061 7097 6268 6580 4782 5850 4729 4787 7846 7322 4488 5175 5502 6280 4403 5058 1441 4277 3979 2136 4438 6629 2120 5919 4331 4549 4706 3161 3293 7533 6314 6941 7684 4455 4927 5722 6829 3660 2705 7652 6955 6203 5654 4889 
23 3000 2812 5073 6219 4581 6490 2973 1122 3068 858 3342 6208 1860 6910 3175 6405 6307 1231 1952 7732 6278 7861 8570 0 8392 1663 6038 5265 4666 310 6327 3263 3027 3820 3435 4905 2745 2942 2012 6780 4838 3627 3777 6972 5347 3264 4093 7652 5576 7542 7289 5314 7378 1503 4345 7658 1875 5208 1799 2386 1999 4822 3777 4313 3923 881 1988 5793 4229 4241 2431 4506 4254 7610 5543 4603 6589 4273 2070 6691 6962 4245 5883 4606 5459 5336 2454 4872 4163 1700 5488 5652 6162 1797 5504 6992 1516 3469 4198 6401 5378 
24 3000 6092 3438 3091 4090 2432 7568 7305 6723 7885 6363 3739 6630 2869 6342 2581 3351 8624 7258 915 3180 1576 543 8392 0 6812 6429 3394 4689 8470 2401 6296 7647 6705 5439 5409 5843 5803 7157 1964 4045 6585 6233 2686 3520 6130 5996 757 5603 1195 1893 3662 2342 8661 4205 1045 6591 3687 6993 6052 6421 4870 5500 4731 4539 7638 7048 4029 5213 5564 6167 4100 5090 973 4429 3851 1835 4185 6407 1778 6232 4190 4082 4756 3089 3221 7506 6461 7037 7604 4611 5122 5973 6625 3288 2213 7401 6997 5809 5925 5052 
25 3000 2031 3622 4556 2920 5085 3152 889 1860 1079 1996 4566 1017 5628 2672 5021 5082 2428 1048 6114 5012 6421 7028 1663 6812 0 5576 3872 3041 1838 4887 2746 3240 3542 2424 3408 1083 1304 1011 5318 3174 2391 2421 5661 4025 1812 2686 6087 4898 6038 5867 3650 6029 2622 2694 6034 221 3544 1505 760 857 3872 2205 3206 2291 830 876 4159 3324 3490 1478 2850 3299 5995 4528 3136 4989 2645 411 5079 6386 2777 4255 3579 4007 3895 2642 4478 4013 2013 4520 4838 5571 249 3844 5332 802 3331 2747 5785 4535 
26 3000 3544 4065 6786 5723 4092 3238 5174 7118 6262 7033 7369 4594 3574 2941 3942 3094 5277 6617 6453 3285 4970 6189 6038 6429 5576 0 3779 6679 5860 4243 2858 3231 2222 3295 7599 5605 5885 6567 4559 6097 7483 7310 3755 3444 6719 7383 5817 952 5237 4540 6278 4156 5101 5438 6488 5483 6154 4323 5240 4719 2196 6574 2921 5148 5938 6422 7223 2469 2156 4101 5582 2566 6339 2156 4147 5590 5144 5461 5775 981 4188 7357 2538 4108 4033 3661 1166 1975 4357 1987 1385 481 5344 6046 6814 6349 2602 7311 647 1588 
27 3000 2725 369 3012 2248 1225 4181 4143 4534 4933 4283 3627 3416 1809 2949 1150 1404 5309 4619 3035 1257 2597 3432 5265 3394 3872 3779 0 3260 5285 1076 2906 4262 3386 2056 4231 3174 3295 4528 1544 2551 4671 4385 1811 357 3969 4319 2643 2828 2351 2024 2604 2158 5320 2065 3023 3667 2496 3686 3156 3269 1703 3540 1353 2033 4636 4390 3537 1880 2271 2886 2134 1747 2905 1657 789 1955 1819 3518 2134 4049 1119 3667 1472 356 256 4113 3381 3778 4255 1806 2413 3442 3641 2314 3079 4607 3639 4185 3519 2190 
28 3000 3848 2891 1759 1012 4029 5541 3872 2128 3906 1746 1553 3537 4881 4514 4061 4634 5437 2959 3816 4457 4982 5079 4666 4689 3041 6679 3260 0 4871 3743 4539 5639 5361 3624 971 1989 1736 2863 3977 754 1903 1549 4811 3602 1593 1309 4119 5761 4382 4584 1029 4983 5602 1250 3700 2858 1026 4115 2476 3235 4493 948 3759 1554 3786 2808 1129 4253 4635 3474 1135 4138 3729 4787 2610 2978 1541 2675 2964 7164 2498 1216 4144 3098 3079 5161 5904 5870 4780 4892 5452 6452 2992 1422 2683 3268 5371 1125 6585 5168 
29 3000 2745 5112 6385 4732 6507 2741 1164 3344 1147 3605 6403 1870 6890 3045 6416 6275 923 2232 7834 6256 7883 8629 310 8470 1838 5860 5285 4871 0 6355 3133 2789 3638 3392 5151 2919 3137 2286 6814 5005 3905 4041 6959 5347 3511 4352 7725 5437 7588 7308 5478 7375 1196 4482 7764 2039 5368 1710 2525 2050 4742 4001 4273 4047 1117 2251 5994 4149 4131 2415 4650 4184 7711 5470 4652 6682 4392 2232 6791 6797 4298 6087 4545 5496 5371 2236 4694 3957 1503 5405 5538 6004 1940 5651 7135 1788 3272 4450 6245 5272 
30 3000 3794 1265 2947 2797 289 5183 5208 5339 5959 5047 3658 4485 1182 3970 371 1225 6384 5562 2224 1011 1537 2378 6327 2401 4887 4243 1076 3743 6355 0 3919 5260 4304 3119 4686 4098 4170 5467 470 2989 5391 5075 1082 1128 4749 4949 1678 3343 1289 981 2866 1256 6392 2724 2249 4676 2797 4762 4150 4328 2479 4235 2351 2846 5672 5335 3695 2815 3163 3961 2724 2693 2105 2120 1750 1405 2551 4515 1584 4271 2110 3811 2355 880 995 5155 4108 4642 5327 2302 2870 3830 4665 2485 2679 5592 4598 4792 3839 2742 
31 3000 763 2932 5295 3786 3968 1275 2323 4423 3407 4409 5670 1744 4082 87 3840 3430 2767 3795 5915 3475 5308 6296 3263 6296 2746 2858 2906 4539 3133 3919 0 1359 851 992 5321 2986 3299 3753 4384 4179 4858 4751 4194 2792 4121 4897 5548 2313 5206 4733 4525 4647 2684 3459 5889 2679 4389 1485 2536 1900 1724 4143 1568 3029 3082 3612 5390 1174 1023 1308 3646 1265 5784 2449 2659 4781 3198 2689 4944 3731 2447 5520 1645 3232 3102 1270 1733 1363 1698 2349 2410 2920 2527 4460 5703 3501 846 4870 3153 2156 
32 3000 1829 4291 6574 4997 5291 98 2495 5088 3500 5167 6893 2284 5321 1327 5158 4668 2075 4224 7274 4740 6606 7631 3027 7647 3240 3231 4262 5639 2789 5260 1359 0 1152 2314 6319 3847 4168 4214 5720 5380 5594 5561 5449 4132 4922 5767 6901 3067 6542 6037 5764 5908 1879 4672 7248 3265 5629 1736 3337 2558 2928 5092 2915 4215 3226 4096 6581 2459 2179 2170 4863 2572 7144 3601 4003 6139 4434 3351 6300 4208 3768 6707 2934 4591 4461 614 2110 1255 1366 3466 3336 3479 3091 5740 7033 3833 743 5777 3726 3159 
33 3000 1613 3490 6010 4566 4298 1121 3012 5263 4096 5257 6430 2525 4236 903 4156 3588 3083 4588 6420 3681 5564 6641 3820 6705 3542 2222 3386 5361 3638 4304 851 1152 0 1750 6161 3837 4151 4553 4748 4962 5706 5602 4375 3195 4971 5749 5976 1926 5561 5008 5282 4835 2930 4242 6409 3493 5146 2154 3382 2715 1866 4992 2047 3831 3783 4415 6171 1506 1141 2145 4424 1638 6291 2490 3300 5328 3970 3517 5501 3169 3145 6303 1949 3735 3612 1456 1056 513 2135 2344 2184 2397 3334 5182 6342 4266 416 5721 2642 2015 
34 3000 681 2015 4303 2817 3217 2223 2340 3825 3326 3740 4689 1609 3506 1000 3106 2884 3286 3417 4994 2873 4593 5488 3435 5439 2424 3295 2056 3624 3392 3119 992 2314 1750 0 4458 2310 2593 3354 3590 3212 4191 4031 3585 2024 3429 4130 4683 2517 4405 4011 3543 4015 3277 2493 4960 2285 3407 1702 1964 1600 1452 3338 880 2083 2998 3205 4423 903 1139 1022 2675 876 4863 2138 1691 3843 2223 2224 3999 4017 1458 4554 1186 2350 2217 2075 2338 2253 2213 2111 2417 3212 2176 3469 4721 3226 1833 4077 3409 2112 
35 3000 4593 3863 2332 1984 4974 6221 4292 1960 4077 1607 1827 4104 5838 5286 5013 5604 5833 3014 4505 5425 5860 5841 4905 5409 3408 7599 4231 971 5151 4686 5321 6319 6161 4458 0 2495 2184 2934 4893 1706 1514 1217 5761 4573 1641 875 4907 6693 5236 5494 1863 5913 6030 2206 4380 3268 1904 4691 3013 3805 5426 1237 4679 2450 4034 2928 1431 5150 5517 4155 2103 5041 4436 5747 3573 3809 2490 3112 3765 8113 3439 1427 5074 4066 4050 5797 6777 6675 5323 5848 6399 7390 3427 2270 3264 3408 6130 724 7529 6110 
36 3000 2224 2866 3474 1854 4328 3750 1882 1523 2083 1435 3492 1608 4981 2935 4288 4508 3447 1465 5103 4400 5603 6098 2745 5843 1083 5605 3174 1989 2919 4098 2986 3847 3837 2310 2495 0 321 1369 4494 2092 1887 1764 4984 3399 1135 1930 5138 4804 5158 5076 2569 5307 3614 1656 5016 881 2465 2195 517 1310 3624 1258 2875 1311 1890 1239 3092 3171 3449 1719 1796 3103 4988 4175 2389 4008 1660 691 4082 6301 2058 3193 3287 3232 3138 3307 4617 4346 2834 4211 4639 5507 1004 2777 4264 1558 3736 1930 5694 4330 
37 3000 2539 2969 3304 1745 4412 4072 2149 1285 2223 1147 3267 1922 5104 3249 4383 4658 3712 1455 5033 4539 5651 6084 2942 5803 1304 5885 3295 1736 3137 4170 3299 4168 4151 2593 2184 321 0 1354 4547 1932 1597 1453 5096 3544 835 1609 5116 5068 5176 5139 2408 5399 3889 1597 4939 1125 2315 2509 834 1626 3868 947 3110 1330 2068 1247 2856 3436 3729 2040 1710 3361 4922 4390 2505 3969 1658 949 4030 6561 2195 2951 3525 3320 3235 3626 4914 4660 3139 4436 4884 5773 1269 2654 4130 1638 4056 1608 5954 4576 
38 3000 3026 4230 4564 3086 5695 4129 1747 1057 1159 1340 4411 2029 6330 3681 5652 5832 3088 101 6380 5737 6971 7436 2012 7157 1011 6567 4528 2863 2286 5467 3753 4214 4553 3354 2934 1369 1354 0 5863 3229 1618 1769 6340 4735 1315 2094 6469 5860 6516 6445 3695 6671 3326 2951 6284 1084 3616 2491 1434 1854 4777 1918 4070 2662 1196 149 3980 4257 4456 2467 3060 4217 6271 5395 3749 5323 3003 1130 5382 7355 3409 4050 4464 4599 4503 3606 5482 5024 2924 5407 5768 6543 1227 3976 5432 497 4339 2213 6751 5461 
39 3000 4264 1708 2980 3080 474 5645 5662 5681 6394 5374 3709 4944 1204 4435 627 1472 6853 5959 1901 1274 1108 1912 6780 1964 5318 4559 1544 3977 6814 470 4384 5720 4748 3590 4893 4494 4547 5863 0 3225 5699 5373 1049 1592 5085 5224 1273 3688 822 611 3039 1038 6861 3046 1948 5104 2989 5229 4573 4780 2906 4542 2817 3216 6111 5734 3800 3269 3607 4425 3023 3150 1793 2486 2186 1315 2903 4939 1470 4501 2547 3906 2803 1321 1443 5623 4505 5072 5796 2668 3209 4126 5100 2641 2564 6008 5052 5058 4112 3111 
40 3000 3552 2186 1381 395 3275 5282 3918 2680 4154 2317 1517 3456 4132 4166 3310 3904 5459 3330 3206 3722 4242 4403 4838 4045 3174 6097 2551 754 5005 2989 4179 5380 4962 3212 1706 2092 1932 3229 3225 0 2558 2212 4059 2901 2092 2018 3433 5162 3655 3833 477 4229 5594 719 3099 2967 386 4002 2494 3165 3901 1454 3201 1164 3980 3146 1211 3730 4130 3269 538 3605 3107 4128 1963 2277 995 2772 2284 6523 1920 1342 3561 2365 2356 4958 5400 5460 4681 4246 4823 5840 3068 764 2204 3566 5024 1844 5957 4551 
41 3000 4095 4314 3636 2623 5661 5501 3259 561 2770 451 3267 3311 6442 4802 5662 6071 4694 1674 5718 5927 6760 6959 3627 6585 2391 7483 4671 1903 3905 5391 4858 5594 5706 4191 1514 1887 1597 1618 5699 2558 0 353 6406 4963 764 655 5991 6659 6199 6309 2923 6648 4923 2668 5602 2332 2900 3865 2324 3051 5444 1157 4681 2640 2809 1666 2841 5030 5327 3564 2675 4952 5629 5929 3900 4835 2867 2243 4839 8148 3644 2870 5096 4616 4558 5011 6504 6209 4405 5988 6460 7365 2507 3300 4572 2116 5575 840 7543 6153 
42 3000 3989 4024 3284 2293 5348 5466 3307 748 2928 437 2929 3279 6142 4699 5353 5789 4791 1840 5364 5639 6427 6610 3777 6233 2421 7310 4385 1549 4041 5075 4751 5561 5602 4031 1217 1764 1453 1769 5373 2212 353 0 6100 4687 640 342 5643 6466 5859 5983 2571 6332 5009 2357 5249 2331 2550 3850 2241 3003 5235 846 4469 2367 2930 1790 2500 4846 5159 3477 2353 4760 5277 5692 3625 4489 2570 2217 4490 7946 3385 2534 4884 4315 4262 4992 6361 6110 4423 5759 6248 7173 2504 2950 4219 2261 5496 508 7343 5943 
43 3000 4261 2127 3993 3846 792 5387 5852 6313 6706 6041 4715 5111 183 4261 751 786 6857 6430 2862 721 1237 2437 6972 2686 5661 3755 1811 4811 6959 1082 4194 5449 4375 3585 5761 4984 5096 6340 1049 4059 6406 6100 0 1638 5734 5992 2142 2976 1512 793 3948 460 6824 3742 2928 5461 3878 5287 4959 5003 2521 5254 2717 3802 6400 6201 4771 3021 3270 4545 3762 2931 2768 1906 2595 2359 3541 5318 2518 3560 2930 4884 2549 1792 1863 5465 3919 4611 5773 2075 2500 3293 5424 3567 3614 6409 4731 5841 3238 2491 
44 3000 2705 714 3358 2589 1194 4055 4225 4801 5068 4566 3981 3487 1603 2843 1082 1115 5309 4823 3243 1001 2568 3504 5347 3520 4025 3444 357 3602 5347 1128 2792 4132 3195 2024 4573 3399 3544 4735 1592 2901 4963 4687 1638 0 4248 4634 2783 2496 2414 1986 2961 2031 5301 2392 3243 3828 2853 3704 3334 3368 1428 3846 1224 2323 4762 4593 3894 1694 2060 2933 2472 1569 3115 1307 1062 2216 2135 3690 2399 3693 1348 4024 1248 664 597 4033 3104 3558 4238 1462 2070 3097 3787 2670 3386 4782 3476 4506 3168 1860 
45 3000 3358 3621 3341 2061 5010 4827 2702 600 2440 323 3119 2641 5760 4067 5000 5361 4216 1404 5298 5226 6169 6466 3264 6130 1812 6719 3969 1593 3511 4749 4121 4922 4971 3429 1641 1135 835 1315 5085 2092 764 640 5734 4248 0 874 5492 5895 5640 5692 2523 6001 4424 2039 5191 1706 2468 3215 1602 2364 4682 653 3919 1937 2394 1294 2686 4266 4564 2840 2084 4187 5199 5177 3188 4330 2199 1582 4357 7384 2913 2748 4335 3942 3874 4355 5749 5478 3798 5232 5698 6600 1877 2857 4246 1773 4858 944 6778 5391 
46 3000 4142 3953 3003 2152 5228 5671 3576 1088 3250 754 2613 3496 6044 4850 5242 5722 5082 2168 5116 5564 6258 6388 4093 5996 2686 7383 4319 1309 4352 4949 4897 5767 5749 4130 875 1930 1609 2094 5224 2018 655 342 5992 4634 874 0 5427 6519 5674 5834 2338 6203 5294 2261 4998 2578 2331 4076 2431 3211 5272 815 4507 2338 3237 2105 2189 4913 5245 3649 2229 4821 5032 5692 3580 4282 2500 2448 4272 7986 3367 2215 4919 4222 4179 5211 6468 6260 4669 5769 6278 7225 2748 2730 3943 2581 5664 190 7387 5976 
47 3000 5335 2681 2656 3435 1748 6821 6560 6090 7163 5741 3359 5879 2324 5592 1900 2723 7868 6570 764 2535 1278 974 7652 757 6087 5817 2643 4119 7725 1678 5548 6901 5976 4683 4907 5138 5116 6469 1273 3433 5991 5643 2142 2783 5492 5427 0 4958 658 1369 3091 1886 7905 3521 864 5866 3096 6237 5327 5675 4158 4877 3986 3829 6909 6357 3589 4478 4837 5412 3430 4352 709 3759 3096 1162 3478 5685 1154 5699 3438 3662 4026 2333 2466 6752 5775 6321 6847 3942 4478 5375 5894 2697 1902 6695 6259 5244 5346 4384 
48 3000 2890 3113 5834 4792 3215 3044 4614 6327 5685 6213 6418 3966 2803 2400 3063 2252 4978 5919 5565 2426 4211 5406 5576 5603 4898 952 2828 5761 5437 3343 2313 3067 1926 2517 6693 4804 5068 5860 3688 5162 6659 6466 2976 2496 5895 6519 4958 0 4408 3736 5332 3407 4843 4514 5592 4780 5209 3794 4481 4045 1268 5705 2019 4246 5355 5712 6277 1633 1408 3426 4653 1707 5447 1228 3205 4663 4222 4735 4848 1500 3264 6411 1619 3161 3083 3359 1055 1910 3965 1051 481 706 4656 5096 5875 5692 2343 6437 892 637 
49 3000 5076 2476 3093 3586 1263 6467 6430 6241 7117 5910 3820 5722 1696 5258 1408 2156 7656 6615 1419 1986 675 1089 7542 1195 6038 5237 2351 4382 7588 1289 5206 6542 5561 4405 5236 5158 5176 6516 822 3655 6199 5859 1512 2414 5640 5674 658 4408 0 723 3378 1229 7671 3614 1511 5820 3358 6029 5283 5544 3709 5056 3639 3854 6845 6394 3998 4088 4420 5218 3556 3970 1351 3239 2938 1431 3517 5648 1504 5073 3296 4085 3621 2096 2225 6444 5275 5873 6607 3421 3927 4785 5829 2972 2448 6697 5870 5498 4743 3860 
50 3000 4692 2245 3515 3691 801 5968 6167 6286 6938 5982 4248 5439 977 4792 904 1490 7295 6540 2111 1347 581 1674 7289 1893 5867 4540 2024 4584 7308 981 4733 6037 5008 4011 5494 5076 5139 6445 611 3833 6309 5983 793 1986 5692 5834 1369 3736 723 0 3635 535 7287 3654 2190 5656 3589 5687 5131 5292 3142 5153 3188 3811 6648 6314 4367 3579 3877 4901 3633 3472 2029 2605 2731 1820 3504 5497 1948 4351 3089 4468 3103 1861 1972 5993 4641 5286 6224 2783 3256 4081 5644 3233 3001 6574 5341 5669 4031 3215 
51 3000 3934 2260 906 785 3156 5666 4385 3097 4630 2725 1147 3904 4040 4520 3211 3886 5920 3795 2797 3691 3997 4050 5314 3662 3650 6278 2604 1029 5478 2866 4525 5764 5282 3543 1863 2569 2408 3695 3039 477 2923 2571 3948 2961 2523 2338 3091 5332 3378 3635 0 4068 6048 1099 2684 3441 135 4439 2963 3617 4089 1872 3430 1569 4457 3615 945 3980 4390 3686 907 3850 2706 4238 2134 1960 1331 3247 1937 6640 2167 1079 3763 2363 2381 5365 5651 5771 5119 4370 4964 5991 3540 407 1737 4039 5372 2153 6092 4706 
52 3000 4694 2441 4011 4051 990 5845 6256 6588 7085 6301 4742 5518 611 4713 1018 1246 7295 6764 2638 1173 814 2039 7378 2342 6029 4156 2158 4983 7375 1256 4647 5908 4835 4015 5913 5307 5399 6671 1038 4229 6648 6332 460 2031 6001 6203 1886 3407 1229 535 4068 0 7267 3980 2721 5825 4012 5714 5313 5398 2981 5492 3154 4085 6784 6535 4839 3475 3729 4959 3980 3383 2559 2363 2922 2326 3801 5676 2464 3893 3270 4945 3002 2078 2169 5918 4367 5068 6212 2530 2937 3686 5797 3673 3530 6764 5191 6044 3614 2941 
53 3000 2598 5225 6941 5268 6494 1864 1742 4364 2270 4574 7072 2151 6726 2605 6383 6081 273 3291 8125 6104 7869 8748 1503 8661 2622 5101 5320 5602 1196 6392 2684 1879 2930 3277 6030 3614 3889 3326 6861 5594 4923 5009 6824 5301 4424 5294 7905 4843 7671 7287 6048 7267 0 4978 8071 2769 5926 1680 3131 2432 4406 4819 4114 4512 2133 3259 6689 3837 3701 2509 5162 3909 7997 5133 4816 6958 4825 2939 7090 6073 4492 6796 4291 5588 5456 1484 3959 3130 1064 5032 5038 5322 2620 6150 7596 2841 2521 5365 5568 4811 
54 3000 2843 1696 1967 326 2993 4574 3355 2637 3735 2328 2221 2827 3787 3448 2996 3465 4862 3052 3448 3303 4129 4491 4345 4205 2694 5438 2065 1250 4482 2724 3459 4672 4242 2493 2206 1656 1597 2951 3046 719 2668 2357 3742 2392 2039 2261 3521 4514 3614 3654 1099 3980 4978 0 3359 2475 967 3350 1960 2548 3247 1513 2523 471 3522 2843 1931 3036 3430 2587 191 2915 3334 3541 1367 2372 293 2282 2434 5913 1250 2061 2900 1962 1917 4266 4702 4742 4029 3643 4201 5203 2548 1176 2653 3208 4305 2122 5334 3918 
55 3000 5572 2957 2053 3198 2400 7162 6606 5775 7090 5407 2693 5972 3103 5922 2548 3417 8006 6385 131 3213 2143 1541 7658 1045 6034 6488 3023 3700 7764 2249 5889 7248 6409 4960 4380 5016 4939 6284 1948 3099 5602 5249 2928 3243 5191 4998 864 5592 1511 2190 2684 2721 8071 3359 0 5813 2725 6391 5281 5737 4667 4549 4369 3742 6864 6185 2987 4903 5290 5563 3229 4770 161 4369 3285 1119 3389 5623 981 6448 3586 3038 4483 2675 2800 7032 6330 6796 7034 4550 5119 6064 5866 2334 1169 6566 6653 4809 6058 4989 
56 3000 1943 3411 4347 2706 4876 3174 1027 1823 1298 1917 4372 995 5431 2609 4815 4893 2587 1139 5893 4818 6208 6808 1875 6591 221 5483 3667 2858 2039 4676 2679 3265 3493 2285 3268 881 1125 1084 5104 2967 2332 2331 5461 3828 1706 2578 5866 4780 5820 5656 3441 5825 2769 2475 5813 0 3334 1533 539 779 3724 2049 3042 2070 1051 939 3970 3188 3374 1383 2633 3155 5774 4367 2925 4767 2424 194 4858 6274 2567 4069 3423 3795 3684 2678 4402 3975 2092 4366 4702 5460 174 3629 5117 965 3306 2626 5670 4397 
57 3000 3800 2147 1019 658 3087 5532 4269 3050 4534 2683 1283 3779 3965 4384 3137 3794 5799 3717 2834 3601 3966 4061 5208 3687 3544 6154 2496 1026 5368 2797 4389 5629 5146 3407 1904 2465 2315 3616 2989 386 2900 2550 3878 2853 2468 2331 3096 5209 3358 3589 135 4012 5926 967 2725 3334 0 4312 2849 3493 3963 1823 3300 1438 4355 3532 1069 3848 4257 3555 776 3719 2739 4123 2008 1952 1195 3139 1942 6525 2034 1203 3636 2265 2277 5232 5519 5636 4992 4253 4844 5871 3429 400 1817 3950 5236 2149 5974 4585 
58 3000 1038 3565 5317 3654 4887 1647 858 3353 1944 3445 5508 587 5208 1398 4785 4583 1631 2508 6445 4576 6267 7097 1799 6993 1505 4323 3686 4115 1710 4762 1485 1736 2154 1702 4691 2195 2509 2491 5229 4002 3865 3850 5287 3704 3215 4076 6237 3794 6029 5687 4439 5714 1680 3350 6391 1533 4312 0 1678 887 3032 3453 2579 2878 1628 2367 5150 2439 2442 829 3538 2473 6317 3759 3143 5278 3174 1633 5410 5214 2814 5265 2837 3936 3805 1145 3171 2582 680 3696 3854 4404 1358 4509 5934 2144 1880 4102 4638 3579 
59 3000 1773 2888 3868 2208 4356 3241 1425 1893 1838 1877 3945 1090 4937 2479 4299 4417 2978 1513 5360 4332 5679 6268 2386 6052 760 5240 3156 2476 2525 4150 2536 3337 3382 1964 3013 517 834 1434 4573 2494 2324 2241 4959 3334 1602 2431 5327 4481 5283 5131 2963 5313 3131 1960 5281 539 2849 1678 0 792 3357 1775 2638 1539 1587 1286 3558 2857 3094 1241 2125 2806 5240 3962 2401 4230 1892 366 4322 5981 2046 3665 3037 3270 3162 2792 4210 3885 2320 3977 4358 5175 588 3126 4611 1450 3256 2440 5374 4049 
60 3000 1174 3073 4509 2836 4495 2463 886 2570 1738 2616 4656 302 4953 1830 4413 4373 2314 1900 5802 4324 5862 6580 1999 6421 857 4719 3269 3235 2050 4328 1900 2558 2715 1600 3805 1310 1626 1854 4780 3165 3051 3003 5003 3368 2364 3211 5675 4045 5544 5292 3617 5398 2432 2548 5737 779 3493 887 792 0 3052 2568 2427 2085 1416 1712 4287 2490 2636 620 2731 2475 5677 3731 2606 4643 2409 813 4759 5530 2250 4399 2778 3459 3336 2001 3627 3200 1545 3710 3999 4714 627 3723 5182 1646 2539 3228 4930 3699 
61 3000 2010 1928 4643 3527 2446 2868 3760 5145 4773 5004 5195 3045 2393 1800 2301 1739 4477 4846 4662 1817 3698 4782 4822 4870 3872 2196 1703 4493 4742 2479 1724 2928 1866 1452 5426 3624 3868 4777 2906 3901 5444 5235 2521 1428 4682 5272 4158 1268 3709 3142 4089 2981 4406 3247 4667 3724 3963 3032 3357 3052 0 4457 765 2981 4444 4628 5033 592 749 2463 3388 578 4536 732 1955 3642 2954 3648 3824 2714 1996 5167 353 2057 1956 2983 1679 2166 3394 667 1016 1964 3623 3876 4781 4674 2210 5184 2115 709 
62 3000 3399 3179 2687 1471 4506 4994 3077 1226 2989 864 2492 2866 5295 4102 4509 4945 4632 2013 4657 4793 5608 5850 3777 5500 2205 6574 3540 948 4001 4235 4143 5092 4992 3338 1237 1258 947 1918 4542 1454 1157 846 5254 3846 653 815 4877 5705 5056 5153 1872 5492 4819 1513 4549 2049 1823 3453 1775 2568 4457 0 3692 1533 2896 1871 2062 4105 4443 2937 1519 4010 4561 4881 2786 3716 1724 1885 3733 7171 2560 2135 4104 3469 3415 4562 5677 5505 4086 4956 5463 6411 2203 2217 3593 2339 4933 739 6572 5161 
63 3000 1546 1444 4060 2817 2409 2836 3211 4391 4166 4241 4561 2473 2630 1618 2286 2004 4141 4144 4385 2000 3767 4729 4313 4731 3206 2921 1353 3759 4273 2351 1568 2915 2047 880 4679 2875 3110 4070 2817 3201 4681 4469 2717 1224 3919 4507 3986 2019 3639 3188 3430 3154 4114 2523 4369 3042 3300 2579 2638 2427 765 3692 0 2229 3842 3921 4365 569 985 1888 2675 432 4255 1326 1319 3281 2229 2949 3453 3479 1280 4499 415 1694 1569 2810 2223 2470 3058 1340 1779 2722 2957 3258 4312 4004 2286 4421 2879 1474 
64 3000 2388 1684 2438 786 3095 4117 2908 2510 3353 2250 2679 2360 3824 3013 3075 3431 4400 2761 3823 3291 4320 4787 3923 4539 2291 5148 2033 1554 4047 2846 3029 4215 3831 2083 2450 1311 1330 2662 3216 1164 2640 2367 3802 2323 1937 2338 3829 4246 3854 3811 1569 4085 4512 471 3742 2070 1438 2878 1539 2085 2981 1533 2229 0 3121 2541 2369 2704 3081 2117 662 2592 3704 3357 1260 2706 355 1880 2790 5683 1029 2497 2628 2012 1939 3799 4350 4336 3558 3440 3969 4945 2127 1638 3101 2866 3872 2229 5092 3674 
65 3000 2473 4406 5360 3741 5858 3152 770 2247 330 2492 5331 1402 6356 2999 5786 5785 1892 1157 6944 5731 7209 7846 881 7638 830 5938 4636 3786 1117 5672 3082 3226 3783 2998 4034 1890 2068 1196 6111 3980 2809 2930 6400 4762 2394 3237 6909 5355 6845 6648 4457 6784 2133 3522 6864 1051 4355 1628 1587 1416 4444 2896 3842 3121 0 1144 4915 3867 3962 1980 3674 3865 6825 5137 3924 5817 3475 1241 5908 6808 3564 5003 4183 4793 4677 2613 4795 4201 1870 5108 5358 5994 1016 4665 6153 707 3496 3333 6221 5065 
66 3000 2881 4094 4491 2988 5561 4009 1644 1105 1148 1354 4360 1893 6189 3540 5517 5689 3027 229 6279 5594 6843 7322 1988 7048 876 6422 4390 2808 2251 5335 3612 4096 4415 3205 2928 1239 1247 149 5734 3146 1666 1790 6201 4593 1294 2105 6357 5712 6394 6314 3615 6535 3259 2843 6185 939 3532 2367 1286 1712 4628 1871 3921 2541 1144 0 3932 4108 4308 2322 2957 4067 6169 5247 3612 5214 2884 980 5276 7207 3270 4006 4315 4465 4367 3490 5339 4889 2819 5257 5619 6395 1085 3886 5350 480 4207 2214 6603 5311 
67 3000 4757 3199 939 1605 3983 6483 4972 3172 5035 2788 434 4585 4878 5378 4055 4779 6534 4075 3116 4578 4654 4488 5793 4029 4159 7223 3537 1129 5994 3695 5390 6581 6171 4423 1431 3092 2856 3980 3800 1211 2841 2500 4771 3894 2686 2189 3589 6277 3998 4367 945 4839 6689 1931 2987 3970 1069 5150 3558 4287 5033 2062 4365 2369 4915 3932 0 4909 5315 4450 1747 4781 3058 5179 3077 2576 2201 3783 2494 7580 3092 134 4705 3279 3307 6144 6581 6668 5825 5313 5908 6936 4096 1237 1845 4395 6236 2001 7035 5651 
68 3000 1419 2005 4627 3340 2833 2389 3173 4694 4197 4583 5116 2465 2908 1243 2698 2256 3899 4321 4914 2302 4150 5175 4229 5213 3324 2469 1880 4253 4149 2815 1174 2459 1506 903 5150 3171 3436 4257 3269 3730 5030 4846 3021 1694 4266 4913 4478 1633 4088 3579 3980 3475 3837 3036 4903 3188 3848 2439 2857 2490 592 4105 569 2704 3867 4108 4909 0 416 1889 3197 137 4784 1322 1885 3828 2744 3127 4003 3131 1816 5043 476 2231 2110 2444 1672 1908 2813 1258 1514 2336 3077 3821 4879 4126 1783 4842 2523 1210 
69 3000 1489 2414 5043 3739 3158 2119 3233 4964 4292 4877 5528 2565 3142 1107 3017 2488 3790 4513 5297 2563 4439 5502 4241 5564 3490 2156 2271 4635 4131 3163 1023 2179 1141 1139 5517 3449 3729 4456 3607 4130 5327 5159 3270 2060 4564 5245 4837 1408 4420 3877 4390 3729 3701 3430 5290 3374 4257 2442 3094 2636 749 4443 985 3081 3962 4308 5315 416 0 2017 3595 552 5168 1444 2301 4226 3140 3334 4402 2899 2224 5449 812 2626 2508 2254 1271 1507 2721 1332 1412 2087 3248 4235 5291 4283 1464 5182 2296 1141 
70 3000 559 2746 4545 2902 4100 2072 1323 3117 2310 3118 4786 586 4480 1245 4005 3875 2457 2516 5616 3847 5479 6280 2431 6167 1478 4101 2886 3474 2415 3961 1308 2170 2145 1022 4155 1719 2040 2467 4425 3269 3564 3477 4545 2933 2840 3649 5412 3426 5218 4901 3686 4959 2509 2587 5563 1383 3555 829 1241 620 2463 2937 1888 2117 1980 2322 4450 1889 2017 0 2779 1884 5488 3160 2316 4449 2388 1381 4582 4909 1984 4571 2208 3121 2992 1695 3020 2645 1480 3127 3390 4093 1243 3725 5128 2266 2018 3641 4309 3093 
71 3000 3033 1765 1780 143 3000 4765 3529 2684 3879 2359 2031 3012 3816 3635 3012 3524 5043 3162 3322 3354 4092 4403 4506 4100 2850 5582 2134 1135 4650 2724 3646 4863 4424 2675 2103 1796 1710 3060 3023 538 2675 2353 3762 2472 2084 2229 3430 4653 3556 3633 907 3980 5162 191 3229 2633 776 3538 2125 2731 3388 1519 2675 662 3674 2957 1747 3197 3595 2779 0 3074 3211 3653 1476 2273 456 2439 2323 6037 1395 1878 3044 2001 1968 4458 4866 4922 4218 3762 4329 5337 2712 1001 2486 3337 4492 2079 5463 4050 
72 3000 1442 1868 4491 3217 2719 2500 3185 4626 4194 4506 4985 2467 2823 1330 2586 2174 3962 4283 4781 2210 4045 5058 4254 5090 3299 2566 1747 4138 4184 2693 1265 2572 1638 876 5041 3103 3361 4217 3150 3605 4952 4760 2931 1569 4187 4821 4352 1707 3970 3472 3850 3383 3909 2915 4770 3155 3719 2473 2806 2475 578 4010 432 2592 3865 4067 4781 137 552 1884 3074 0 4652 1288 1750 3693 2623 3086 3867 3199 1689 4915 382 2097 1975 2535 1800 2045 2874 1243 1552 2413 3051 3687 4742 4101 1907 4746 2592 1244 
73 3000 5483 2854 2119 3186 2249 7059 6550 5787 7056 5422 2779 5907 2943 5819 2398 3264 7936 6372 130 3061 1987 1441 7610 973 5995 6339 2905 3729 7711 2105 5784 7144 6291 4863 4436 4988 4922 6271 1793 3107 5629 5277 2768 3115 5199 5032 709 5447 1351 2029 2706 2559 7997 3334 161 5774 2739 6317 5240 5677 4536 4561 4255 3704 6825 6169 3058 4784 5168 5488 3211 4652 0 4226 3198 1039 3350 5585 919 6291 3506 3114 4359 2561 2688 6937 6195 6672 6955 4407 4973 5913 5823 2344 1266 6542 6541 4844 5905 4847 
74 3000 2730 1980 4666 3784 2011 3547 4470 5676 5464 5500 5283 3746 1756 2527 1858 1125 5207 5470 4345 1260 3128 4277 5543 4429 4528 2156 1657 4787 5470 2120 2449 3601 2490 2138 5747 4175 4390 5395 2486 4128 5929 5692 1906 1307 5177 5692 3759 1228 3239 2605 4238 2363 5133 3541 4369 4367 4123 3759 3962 3731 732 4881 1326 3357 5137 5247 5179 1322 1444 3160 3653 1288 4226 0 2177 3437 3258 4275 3622 2402 2329 5311 953 1968 1905 3698 2037 2704 4126 182 771 1790 4278 3966 4658 5327 2866 5586 1862 625 
75 3000 2286 486 2741 1608 1955 3913 3492 3748 4210 3505 3250 2791 2598 2680 1904 2173 4773 3841 3328 2040 3285 3979 4603 3851 3136 4147 789 2610 4652 1750 2659 4003 3300 1691 3573 2389 2505 3749 2186 1963 3900 3625 2595 1062 3188 3580 3096 3205 2938 2731 2134 2922 4816 1367 3285 2925 2008 3143 2401 2606 1955 2786 1319 1260 3924 3612 3077 1885 2301 2316 1476 1750 3198 2177 0 2166 1092 2767 2315 4563 360 3212 1630 870 760 3750 3539 3756 3764 2287 2860 3878 2915 1941 3049 3848 3472 3457 3994 2589 
76 3000 4452 1850 1698 2273 1644 6052 5520 4928 6058 4579 2431 4870 2503 4812 1766 2631 6897 5424 1167 2416 2078 2136 6589 1835 4989 5590 1955 2978 6682 1405 4781 6139 5328 3843 3809 4008 3969 5323 1315 2277 4835 4489 2359 2216 4330 4282 1162 4663 1431 1820 1960 2326 6958 2372 1119 4767 1952 5278 4230 4643 3642 3716 3281 2706 5817 5214 2576 3828 4226 4449 2273 3693 1039 3437 2166 0 2352 4581 185 5671 2469 2669 3428 1600 1718 5913 5320 5732 5917 3612 4206 5197 4808 1557 1274 5566 5557 4102 5222 4038 
77 3000 2606 1455 2158 600 2811 4337 3247 2788 3708 2501 2471 2675 3575 3191 2802 3223 4722 3102 3469 3069 4001 4438 4273 4185 2645 5144 1819 1541 4392 2551 3198 4434 3970 2223 2490 1660 1658 3003 2903 995 2867 2570 3541 2135 2199 2500 3478 4222 3517 3504 1331 3801 4825 293 3389 2424 1195 3174 1892 2409 2954 1724 2229 355 3475 2884 2201 2744 3140 2388 456 2623 3350 3258 1092 2352 0 2235 2435 5624 957 2333 2607 1749 1692 4048 4412 4467 3851 3357 3912 4911 2478 1337 2773 3218 4045 2370 5044 3627 
78 3000 1938 3253 4153 2511 4721 3258 1199 1757 1478 1815 4184 1067 5294 2623 4663 4766 2764 1197 5704 4685 6045 6629 2070 6407 411 5461 3518 2675 2232 4515 2689 3351 3517 2224 3112 691 949 1130 4939 2772 2243 2217 5318 3690 1582 2448 5685 4735 5648 5497 3247 5676 2939 2282 5623 194 3139 1633 366 813 3648 1885 2949 1880 1241 980 3783 3127 3334 1381 2439 3086 5585 4275 2767 4581 2235 0 4670 6232 2411 3883 3338 3635 3527 2776 4398 4008 2223 4282 4638 5421 319 3434 4923 1091 3351 2486 5627 4331 
79 3000 4600 2017 1592 2312 1817 6212 5631 4952 6143 4598 2322 4991 2666 4973 1942 2810 7025 5484 1043 2595 2167 2120 6691 1778 5079 5775 2134 2964 6791 1584 4944 6300 5501 3999 3765 4082 4030 5382 1470 2284 4839 4490 2518 2399 4357 4272 1154 4848 1504 1948 1937 2464 7090 2434 981 4858 1942 5410 4322 4759 3824 3733 3453 2790 5908 5276 2494 4003 4402 4582 2323 3867 919 3622 2315 185 2435 4670 0 5853 2608 2581 3607 1778 1893 6065 5502 5909 6054 3797 4391 5382 4904 1542 1101 5639 5725 4089 5406 4224 
