FILE: 1811EuclS.txt
100 100 0 
1 3000 0 2878 2754 1008 1815 5023 2889 3427 1409 3274 5106 5327 1955 2522 3316 4598 1108 3991 1133 860 2353 1860 4669 5949 3304 3108 4085 3102 5030 5651 2446 1591 4457 5646 4230 4120 4499 2456 1870 4038 3512 3224 2157 132 739 5513 6109 2675 2918 4965 3700 5167 3223 2912 4266 2708 3837 5679 1036 981 1819 3705 3278 1461 2823 2141 3287 4011 2282 5489 5298 1155 1418 4662 3009 3337 6042 3633 6094 1376 2932 4381 2371 3801 2297 2878 3719 5530 4015 4070 2914 5191 5534 1970 4887 1115 1010 3310 6147 3188 
2 3000 2878 0 5274 2164 2296 5653 1971 2496 2237 420 6778 5650 4160 5400 4222 5488 3193 3366 1819 3405 633 4728 3626 7232 4246 1371 6439 2187 5542 4399 823 4241 6515 5187 2386 1801 2735 1054 2954 3529 4513 422 2053 2746 2662 4557 7695 5405 5724 6612 4693 6936 822 4643 3882 5441 5046 6818 1849 3859 3140 1572 5841 3277 579 4965 1924 4134 4481 6968 6904 1747 4272 4825 3428 6098 7572 3587 7687 2301 1598 2594 618 3898 4100 5614 3990 6769 4272 3765 1718 5899 5349 2111 3460 2224 2663 4962 4794 5053 
3 3000 2754 5274 0 3117 4547 3971 4289 4518 3080 5694 2882 4507 1175 1843 2766 3403 3509 4564 3814 3023 4652 2079 5335 3988 2720 4886 1354 4364 4101 6234 5069 2921 1933 5508 5653 5906 5788 5131 2605 4490 2716 5512 4908 2861 2635 5866 3832 693 2809 2794 2798 2834 5301 1582 4509 708 2594 3914 3548 2075 2376 5480 568 2049 5394 1182 6034 3890 944 3402 3111 3783 1647 4223 3218 1143 3824 3873 3812 4114 4572 5720 4669 3813 1567 771 3603 3689 3758 4326 5659 4005 5163 3434 5806 3869 2610 1777 6719 1410 
4 3000 1008 2164 3117 0 2080 4436 1881 2434 474 2583 4958 4652 2041 3376 2750 4090 1945 3052 974 1836 1556 2783 3696 5637 2752 2127 4329 2099 4404 4672 1999 2599 4510 4785 3225 3159 3491 2108 1212 3119 2998 2437 2262 913 503 4567 5937 3248 3885 4801 3193 5070 2330 2724 3379 3284 3430 5301 563 1870 1284 2735 3683 1207 2290 2849 3142 3228 2376 5255 5121 861 2204 3918 2243 3943 5842 2787 5925 1696 1930 3374 1574 3000 2116 3457 2961 5190 3270 3190 2770 4636 4729 991 3887 1393 528 3097 5164 3092 
5 3000 1815 2296 4547 2080 0 6516 3488 4109 2526 2532 6882 6717 3758 3905 4828 6165 1262 4888 1126 1698 2156 3171 5399 7658 4828 3287 5890 3744 6481 6312 1501 2385 6270 6712 4473 4041 4809 1327 3290 4996 5070 2719 428 1731 2265 6329 7881 4377 3905 6736 5265 6959 3017 4656 5300 4407 5477 7348 1545 2559 3338 3727 5048 3127 1887 3767 1644 5257 4090 7235 7066 1267 3042 5961 4298 4988 7803 4775 7867 440 3306 4670 2168 5021 4032 4568 5008 7222 5318 5127 1322 6716 6721 2903 5417 730 2486 5049 6767 4968 
6 3000 5023 5653 3971 4436 6516 0 3709 3332 3996 5975 2305 605 3484 5720 1709 573 6130 2607 5399 5795 5128 5678 3011 1917 1719 4433 3774 3538 227 3422 6030 6194 3052 2035 4272 4976 4145 6232 3233 2417 1520 5595 6668 5026 4341 2879 2706 4657 6661 2184 1345 2577 5104 2483 2113 4676 1389 1423 4978 5123 3222 4714 4202 3571 6116 4961 7334 1565 3355 2040 2237 5269 4981 1031 2277 5026 2528 2100 2712 6127 4114 4182 5134 1781 2911 4739 1663 1526 1396 2108 6999 262 1532 3727 3617 5821 4083 2201 3756 2561 
7 3000 2889 1971 4289 1881 3488 3709 0 621 1517 2268 5089 3679 3118 5078 2439 3599 3767 1449 2451 3713 1541 4573 1913 5385 2473 755 5186 256 3586 2852 2501 4479 5046 3300 1411 1642 1633 2735 1684 1591 2729 1885 3463 2794 2247 2840 5935 4654 5702 4921 2888 5284 1407 3186 1934 4689 3286 4944 2119 3670 1913 1238 4837 2304 2487 4434 3797 2168 3360 5194 5182 2302 3912 2853 1590 5330 5795 1621 5930 3241 411 1528 1541 1936 2802 4849 2049 4923 2316 1803 3512 3961 3407 966 2016 2994 2049 3414 3329 3612 
8 3000 3427 2496 4518 2434 4109 3332 621 0 2024 2744 4947 3223 3376 5485 2309 3308 4352 869 3065 4270 2131 5029 1295 5110 2352 1150 5282 365 3184 2249 3090 5010 5039 2707 1172 1696 1270 3330 1979 1035 2582 2339 4082 3343 2746 2219 5728 4952 6166 4780 2712 5162 1817 3247 1390 4986 3135 4647 2720 4144 2196 1387 5042 2645 3041 4803 4372 1767 3574 4985 5013 2915 4340 2399 1481 5607 5577 1246 5725 3858 904 1207 2129 1560 2970 5138 1726 4656 1944 1293 4101 3592 2853 1459 1463 3606 2520 3411 2735 3662 
9 3000 1409 2237 3080 474 2526 3996 1517 2024 0 2654 4656 4192 1934 3593 2330 3673 2407 2595 1403 2262 1604 3060 3260 5270 2336 1899 4203 1710 3955 4241 2241 2986 4296 4312 2909 2945 3149 2389 817 2655 2590 2439 2676 1334 730 4114 5617 3310 4186 4495 2785 4786 2229 2450 2908 3346 3051 4915 982 2154 947 2514 3648 1045 2473 2995 3464 2756 2248 4918 4806 1273 2418 3450 1777 4004 5513 2312 5606 2157 1645 3041 1619 2527 1876 3515 2493 4817 2802 2718 3103 4203 4255 565 3486 1857 548 2800 4738 2846 
10 3000 3274 420 5694 2583 2532 5975 2268 2744 2654 0 7167 5942 4579 5795 4589 5834 3519 3607 2190 3762 1050 5114 3791 7593 4615 1594 6857 2463 5855 4500 1032 4593 6925 5394 2455 1772 2801 1217 3360 3779 4882 413 2235 3141 3080 4705 8075 5821 6090 7001 5059 7330 947 5048 4134 5857 5421 7171 2252 4256 3549 1641 6262 3696 654 5374 1860 4437 4900 7345 7289 2130 4676 5115 3780 6513 7949 3890 8068 2595 1872 2663 1035 4205 4512 6030 4312 7130 4584 4032 1733 6225 5589 2505 3561 2553 3084 5362 4867 5462 
11 3000 5106 6778 2882 4958 6882 2305 5089 4947 4656 7167 0 2892 3159 4698 2655 1894 6097 4471 5894 5650 6164 4951 5067 1182 2618 5841 1974 5012 2529 5648 6897 5734 1099 4338 6067 6637 6033 7042 3856 4304 2370 6854 7158 5168 4637 5126 1003 3518 5655 168 2234 272 6455 2238 4099 3520 1813 1322 5513 4758 3709 6287 2793 3779 7107 4064 8099 3394 2854 563 232 5805 4422 3188 3507 3584 956 3770 988 6446 5489 6032 6175 3506 2859 3500 3288 1068 3189 4010 7728 2145 3838 4667 5669 6153 4457 1861 6022 1918 
12 3000 5327 5650 4507 4652 6717 605 3679 3223 4192 5942 2892 0 3928 6217 2038 1155 6435 2415 5590 6131 5168 6128 2677 2373 2061 4363 4373 3479 415 2951 6101 6586 3658 1481 4041 4787 3871 6315 3482 2226 1917 5547 6834 5317 4618 2396 3209 5186 7144 2777 1772 3164 5036 2975 1885 5207 1913 1885 5171 5518 3508 4570 4768 3904 6147 5451 7411 1522 3833 2586 2809 5453 5416 827 2419 5585 3028 2065 3218 6347 4069 3926 5172 1763 3338 5279 1721 2036 1414 1936 7092 752 964 3853 3267 6045 4351 2730 3243 3100 
13 3000 1955 4160 1175 2041 3758 3484 3118 3376 1934 4579 3159 3928 0 2356 1950 2966 2943 3511 2861 2511 3530 2200 4284 4067 1914 3711 2288 3203 3558 5221 4036 2746 2523 4687 4495 4731 4644 4129 1433 3462 2013 4373 4066 2027 1605 4904 4163 1585 3239 3023 2158 3213 4139 1058 3535 1618 2133 3852 2534 1688 1205 4304 1735 889 4331 1591 5108 2998 340 3569 3358 2801 1497 3466 2180 2230 4103 2870 4147 3318 3397 4570 3546 2873 597 1764 2691 3675 2907 3341 4731 3591 4416 2260 4715 3036 1515 1440 5717 1250 
14 3000 2522 5400 1843 3376 3905 5720 5078 5485 3593 5795 4698 6217 2356 0 4298 5165 2654 5781 3625 2209 4862 733 6544 5825 4260 5480 2909 5233 5826 7508 4928 1629 3677 7043 6488 6523 6702 4900 3528 5756 4330 5740 4327 2654 2898 7228 5611 1179 966 4620 4452 4621 5699 3242 5864 1177 4331 5756 3554 1541 3332 6095 1946 2853 5321 769 5544 5352 2388 5231 4929 3668 1176 5813 4492 1371 5621 5191 5590 3547 5239 6604 4880 5220 2948 1221 5045 5532 5263 5666 5201 5783 6764 4114 6912 3414 3045 3528 8010 3190 
15 3000 3316 4222 2766 2750 4828 1709 2439 2309 2330 4589 2655 2038 1950 4298 0 1342 4424 1985 3722 4101 3639 4132 2708 3012 49 3193 3141 2357 1716 3526 4475 4550 2764 2760 3459 3988 3471 4656 1538 1860 293 4250 5004 3317 2632 3119 3501 3384 5189 2487 472 2860 3823 1200 1794 3411 847 2616 3303 3483 1513 3632 3171 1872 4619 3529 5754 1129 1930 2763 2742 3599 3407 1516 852 3907 3367 1243 3495 4430 2843 3450 3648 1089 1353 3518 861 2550 992 1632 5403 1892 2466 2155 3257 4124 2375 1195 3994 1528 
16 3000 4598 5488 3403 4090 6165 573 3599 3308 3673 5834 1894 1155 2966 5165 1342 0 5698 2688 5063 5341 4929 5148 3212 1802 1338 4346 3219 3460 741 3754 5795 5698 2527 2485 4343 4994 4260 5983 2877 2508 1096 5471 6346 4612 3944 3232 2472 4091 6112 1753 903 2159 5006 1941 2257 4109 840 1345 4645 4629 2833 4694 3629 3137 5916 4411 7083 1594 2815 1749 1873 4941 4462 1293 2060 4453 2307 2065 2473 5762 4010 4278 4937 1760 2410 4169 1582 1350 1393 2200 6737 625 2012 3473 3820 5455 3696 1639 4130 1993 
17 3000 1108 3193 3509 1945 1262 6130 3767 4352 2407 3519 6097 6435 2943 2654 4424 5698 0 4997 1436 492 2832 1921 5632 6997 4411 3816 4864 4003 6138 6601 2522 1133 5353 6709 5000 4742 5302 2423 2967 5062 4617 3598 1689 1121 1825 6511 7099 3233 2661 5964 4803 6133 3753 3958 5313 3260 4925 6749 1661 1437 2926 4363 3961 2562 2933 2591 2906 5099 3242 6512 6299 1560 1900 5761 4098 3800 7045 4699 7083 966 3719 5173 2848 4883 3359 3411 4812 6589 5112 5120 2579 6295 6619 2934 5783 969 2097 4354 7088 4193 
18 3000 3991 3366 4564 3052 4888 2607 1449 869 2595 3607 4471 2415 3511 5781 1985 2688 4997 0 3804 4850 2987 5415 773 4469 2034 2013 5117 1201 2433 1727 3947 5530 4738 1851 1666 2378 1572 4183 2281 190 2204 3199 4894 3926 3265 1522 5158 5089 6548 4310 2282 4709 2672 3113 536 5121 2712 3987 3427 4579 2456 2156 5041 2944 3909 5052 5236 1094 3635 4426 4503 3654 4694 1611 1346 5697 4995 741 5158 4603 1772 1590 2986 965 3002 5256 1190 4031 1298 499 4958 2869 1984 2065 1274 4333 3009 3176 2230 3488 
19 3000 1133 1819 3814 974 1126 5399 2451 3065 1403 2190 5894 5590 2861 3625 3722 5063 1436 3804 0 1588 1399 2931 4361 6606 3725 2399 5106 2702 5359 5303 1313 2426 5378 5609 3593 3305 3907 1329 2186 3901 3972 2204 1287 1004 1267 5276 6882 3796 3904 5741 4168 5993 2319 3656 4195 3830 4403 6275 421 2100 2256 2930 4358 2116 1697 3275 2247 4131 3201 6212 6065 149 2550 4834 3172 4466 6793 3654 6869 799 2338 3774 1416 3895 3036 4002 3881 6161 4191 4018 1870 5604 5602 1783 4441 544 1439 4039 5775 4002 
20 3000 860 3405 3023 1836 1698 5795 3713 4270 2262 3762 5650 6131 2511 2209 4101 5341 492 4850 1588 0 2971 1477 5522 6578 4085 3860 4376 3936 5817 6502 2809 839 4881 6500 5017 4835 5301 2744 2710 4898 4275 3792 2118 928 1596 6372 6650 2741 2333 5521 4456 5677 3882 3547 5125 2769 4549 6347 1696 948 2637 4437 3469 2229 3216 2103 3334 4853 2797 6078 5856 1681 1407 5491 3854 3316 6601 4488 6634 1340 3720 5178 2988 4648 2964 2921 4557 6179 4848 4928 2992 5948 6376 2818 5723 1243 1864 3940 6997 3759 
21 3000 2353 633 4652 1556 2156 5128 1541 2131 1604 1050 6164 5168 3530 4862 3639 4929 2832 2987 1399 2971 0 4213 3362 6651 3660 1145 5807 1785 5032 4219 960 3809 5884 4836 2318 1923 2657 1198 2327 3133 3927 884 2026 2223 2059 4303 7091 4805 5250 5999 4112 6317 920 4014 3475 4841 4451 6248 1318 3323 2509 1578 5220 2646 988 4389 2258 3646 3849 6369 6295 1291 3713 4351 2872 5499 6972 3105 7083 2041 1241 2517 18 3406 3467 5014 3475 6189 3768 3338 1971 5368 4947 1500 3299 1889 2042 4339 4653 4423 
22 3000 1860 4728 2079 2783 3171 5678 4573 5029 3060 5114 4951 6128 2200 733 4132 5148 1921 5415 2931 1477 4213 0 6160 6022 4099 4910 3328 4749 5757 7139 4222 947 4007 6815 5969 5942 6206 4184 3134 5412 4212 5082 3594 1990 2338 6903 5910 1550 1137 4853 4358 4912 5076 3209 5558 1566 4308 5895 2896 914 2966 5519 2354 2476 4619 906 4811 5113 2335 5454 5177 2984 733 5640 4189 1969 5898 4885 5890 2816 4693 6100 4232 4955 2792 1676 4803 5687 5049 5357 4468 5773 6583 3607 6481 2691 2524 3547 7642 3254 
23 3000 4669 3626 5335 3696 5399 3011 1913 1295 3260 3791 5067 2677 4284 6544 2708 3212 5632 773 4361 5522 3362 6160 0 4925 2758 2262 5849 1659 2806 984 4305 6232 5426 1658 1473 2271 1230 4550 3029 853 2900 3379 5355 4594 3959 940 5673 5862 7296 4912 2953 5318 2847 3865 970 5895 3373 4432 4013 5309 3213 2187 5806 3698 4198 5820 5546 1686 4407 4960 5075 4211 5445 1980 2118 6469 5503 1479 5676 5154 2124 1314 3357 1633 3774 6030 1867 4512 1888 1088 5304 3266 1982 2706 609 4902 3713 3903 1486 4229 
24 3000 5949 7232 3988 5637 7658 1917 5385 5110 5270 7593 1182 2373 4067 5825 3012 1802 6997 4469 6606 6578 6651 6022 4925 0 2991 6136 3156 5255 2133 5317 7472 6752 2281 3846 6132 6795 6032 7643 4453 4284 2724 7242 7891 5992 5392 4765 875 4649 6788 1218 2539 1365 6791 3040 4005 4654 2220 495 6200 5733 4353 6495 3954 4533 7629 5158 8732 3382 3800 618 958 6499 5442 2945 3815 4756 694 3867 889 7233 5796 6058 6660 3560 3652 4647 3384 463 3186 3973 8372 1672 3326 5162 5533 6930 5177 2643 5616 2829 
25 3000 3304 4246 2720 2752 4828 1719 2473 2352 2336 4615 2618 2061 1914 4260 49 1338 4411 2034 3725 4085 3660 4099 2758 2991 0 3227 3091 2395 1733 3575 4490 4525 2717 2802 3503 4028 3517 4670 1539 1910 267 4278 5008 3307 2625 3167 3471 3341 5153 2450 455 2820 3854 1152 1843 3367 813 2600 3306 3458 1506 3670 3123 1856 4638 3491 5766 1177 1889 2734 2708 3603 3376 1553 889 3861 3338 1293 3465 4429 2877 3495 3669 1138 1317 3473 910 2529 1038 1681 5415 1897 2504 2173 3307 4122 2370 1145 4043 1478 
26 3000 3108 1371 4886 2127 3287 4433 755 1150 1899 1594 5841 4363 3711 5480 3193 4346 3816 2013 2399 3860 1145 4910 2262 6136 3227 0 5862 895 4299 3081 2054 4675 5767 3818 1196 1046 1523 2301 2300 2185 3484 1188 3172 2994 2583 3198 6690 5187 6012 5673 3644 6032 673 3892 2540 5223 4040 5692 2170 3996 2525 615 5446 2848 1937 4894 3284 2875 3981 5949 5935 2263 4303 3536 2345 5876 6551 2333 6685 3128 351 1386 1136 2652 3463 5389 2783 5676 3036 2441 3044 4688 3996 1453 2156 2933 2445 4141 3509 4318 
27 3000 4085 6439 1354 4329 5890 3774 5186 5282 4203 6857 1974 4373 2288 2909 3141 3219 4864 5117 5106 4376 5807 3328 5849 3156 3091 5862 0 5207 3960 6643 6319 4225 874 5631 6452 6829 6526 6402 3574 5000 2968 6632 6242 4185 3877 6197 2765 1781 3824 1955 2960 1821 6357 2035 4924 1769 2599 3238 4807 3428 3357 6420 976 3161 6619 2425 7345 4224 1959 2537 2200 5061 2989 4340 3835 1654 2805 4378 2743 5455 5524 6482 5822 4224 2400 1691 3992 2985 4048 4770 6968 3718 5200 4452 6391 5200 3803 1946 7092 1633 
28 3000 3102 2187 4364 2099 3744 3538 256 365 1710 2463 5012 3479 3203 5233 2357 3460 4003 1201 2702 3936 1785 4749 1659 5255 2395 895 5207 0 3405 2605 2745 4690 5024 3051 1291 1646 1470 2982 1777 1351 2642 2068 3719 3012 2439 2585 5833 4760 5883 4844 2791 5215 1567 3187 1699 4795 3200 4805 2363 3854 2002 1275 4903 2423 2716 4571 4036 1982 3426 5090 5094 2553 4075 2651 1505 5428 5689 1438 5829 3494 591 1380 1784 1756 2846 4952 1889 4796 2141 1578 3756 3793 3171 1148 1787 3244 2227 3389 3086 3609 
29 3000 5030 5542 4101 4404 6481 227 3586 3184 3955 5855 2529 415 3558 5826 1716 741 6138 2433 5359 5817 5032 5757 2806 2133 1733 4299 3960 3405 0 3198 5945 6243 3254 1809 4093 4809 3955 6152 3212 2242 1561 5469 6619 5027 4335 2653 2930 4783 6759 2405 1400 2800 4972 2583 1927 4803 1507 1637 4937 5173 3217 4559 4355 3588 6017 5062 7252 1423 3447 2268 2464 5226 5052 834 2208 5173 2752 1966 2936 6099 3987 3996 5037 1650 2974 4872 1556 1750 1270 1935 6923 461 1310 3658 3411 5794 4072 2325 3529 2692 
30 3000 5651 4399 6234 4672 6312 3422 2852 2249 4241 4500 5648 2951 5221 7508 3526 3754 6601 1727 5303 6502 4219 7139 984 5317 3575 3081 6643 2605 3198 0 5133 7216 6141 1557 2049 2809 1712 5380 4005 1759 3675 4098 6238 5574 4943 556 6128 6788 8273 5504 3690 5911 3585 4717 1733 6819 4084 4823 4969 6292 4183 2859 6681 4671 4978 6775 6320 2418 5322 5456 5620 5154 6420 2460 3041 7375 5950 2362 6135 6089 3007 1844 4211 2439 4689 6948 2664 4948 2597 1909 6109 3651 2047 3684 940 5846 4698 4706 503 5052 
31 3000 2446 823 5069 1999 1501 6030 2501 3090 2241 1032 6897 6101 4036 4928 4475 5795 2522 3947 1313 2809 960 4222 4305 7472 4490 2054 6319 2745 5945 5133 0 3623 6505 5796 3163 2619 3511 247 3045 4092 4755 1238 1231 2316 2442 5245 7854 5096 5141 6736 4946 7028 1617 4687 4434 5131 5254 7090 1520 3412 3189 2364 5624 3202 411 4587 1310 4580 4373 7148 7046 1304 3864 5289 3756 5772 7746 4044 7844 1576 2194 3369 961 4338 4096 5303 4393 7013 4692 4294 1011 6263 5905 2322 4202 1571 2527 5042 5550 5073 
32 3000 1591 4241 2921 2599 2385 6194 4479 5010 2986 4593 5734 6586 2746 1629 4550 5698 1133 5530 2426 839 3809 947 6232 6752 4525 4675 4225 4690 6243 7216 3623 0 4851 7095 5815 5663 6089 3542 3301 5559 4683 4630 2814 1691 2273 7049 6716 2468 1529 5623 4849 5722 4718 3803 5758 2487 4873 6577 2523 1071 3185 5259 3261 2723 4033 1806 4026 5413 2965 6210 5954 2519 1313 6010 4432 2916 6689 5100 6698 2096 4517 5970 3827 5225 3288 2609 5108 6387 5383 5557 3707 6320 6926 3551 6472 2052 2521 4176 7716 3931 
33 3000 4457 6515 1933 4510 6270 3052 5046 5039 4296 6925 1099 3658 2523 3677 2764 2527 5353 4738 5378 4881 5884 4007 5426 2281 2717 5767 874 5024 3254 6141 6505 4851 0 5001 6205 6670 6233 6618 3566 4598 2534 6657 6588 4539 4113 5660 1935 2507 4620 1085 2473 959 6322 1885 4468 2503 2061 2377 5034 3949 3375 6282 1739 3303 6766 3102 7623 3750 2185 1662 1325 5311 3559 3744 3558 2500 1956 3999 1914 5830 5418 6207 5898 3795 2420 2460 3562 2122 3557 4338 7246 2960 4539 4439 6000 5554 3984 1635 6564 1464 
34 3000 5646 5187 5508 4785 6712 2035 3300 2707 4312 5394 4338 1481 4687 7043 2760 2485 6709 1851 5609 6500 4836 6815 1658 3846 2802 3818 5631 3051 1809 1557 5796 7095 5001 0 3131 3930 2871 6034 3800 1722 2792 4982 6737 5601 4906 1011 4690 6142 7908 4211 2731 4609 4448 3925 1414 6168 3039 3363 5215 6071 3911 3829 5865 4383 5743 6277 7078 1701 4690 4063 4272 5461 6082 1300 2662 6639 4508 2012 4699 6406 3609 2966 4834 1871 4097 6269 2011 3517 1780 1596 6807 2226 520 3833 2128 6125 4636 3795 1779 4169 
35 3000 4230 2386 5653 3225 4473 4272 1411 1172 2909 2455 6067 4041 4495 6488 3459 4343 5000 1666 3593 5017 2318 5969 1473 6132 3503 1196 6452 1291 4093 2049 3163 5815 6205 3131 0 800 349 3408 3068 1855 3722 2058 4334 4124 3633 2307 6802 6050 7092 5902 3837 6292 1563 4419 2168 6086 4266 5653 3343 5061 3293 818 6188 3707 2963 5845 4293 2750 4713 6065 6119 3455 5319 3263 2647 6720 6644 2302 6801 4325 1298 208 2307 2588 4122 6243 2790 5691 2949 2166 4104 4534 3440 2373 1116 4128 3450 4580 2414 4834 
36 3000 4120 1801 5906 3159 4041 4976 1642 1696 2945 1772 6637 4787 4731 6523 3988 4994 4742 2378 3305 4835 1923 5942 2271 6795 4028 1046 6829 1646 4809 2809 2619 5663 6670 3930 800 0 1103 2855 3304 2569 4267 1413 3840 4001 3624 3101 7424 6226 7034 6470 4404 6847 1023 4823 2903 6263 4823 6326 3140 5029 3532 431 6461 3881 2352 5940 3633 3423 4988 6682 6708 3184 5347 3990 3142 6914 7272 2929 7421 3962 1335 983 1908 3235 4443 6427 3415 6345 3613 2873 3487 5238 4227 2486 1896 3811 3492 5035 3132 5248 
37 3000 4499 2735 5788 3491 4809 4145 1633 1270 3149 2801 6033 3871 4644 6702 3471 4260 5302 1572 3907 5301 2657 6206 1230 6032 3517 1523 6526 1470 3955 1712 3511 6089 6233 2871 349 1103 0 3756 3233 1752 3719 2406 4677 4398 3878 2003 6730 6215 7335 5871 3820 6267 1913 4491 2031 6250 4251 5546 3642 5303 3455 1167 6312 3889 3313 6041 4641 2667 4844 5998 6072 3766 5541 3121 2693 6874 6568 2266 6731 4650 1584 141 2646 2529 4238 6403 2745 5599 2871 2061 4454 4406 3213 2598 792 4446 3682 4624 2066 4897 
38 3000 2456 1054 5131 2108 1327 6232 2735 3330 2389 1217 7042 6315 4129 4900 4656 5983 2423 4183 1329 2744 1198 4184 4550 7643 4670 2301 6402 2982 6152 5380 247 3542 6618 6034 3408 2855 3756 0 3201 4326 4934 1461 1019 2330 2525 5490 8006 5126 5067 6882 5125 7165 1859 4820 4666 5160 5424 7269 1595 3403 3334 2607 5680 3315 564 4596 1102 4796 4468 7307 7195 1348 3866 5507 3955 5794 7902 4264 7996 1460 2436 3615 1200 4554 4221 5331 4603 7186 4904 4523 780 6462 6136 2512 4449 1501 2633 5183 5797 5198 
39 3000 1870 2954 2605 1212 3290 3233 1684 1979 817 3360 3856 3482 1433 3528 1538 2877 2967 2281 2186 2710 2327 3134 3029 4453 1539 2300 3574 1777 3212 4005 3045 3301 3566 3800 3068 3304 3233 3201 0 2283 1786 3091 3471 1845 1141 3778 4808 2983 4268 3693 1981 3997 2785 1688 2459 3019 2235 4101 1769 2308 228 2881 3157 674 3252 2828 4281 2143 1684 4105 4000 2066 2416 2794 1144 3652 4701 1799 4798 2894 1974 3152 2340 1938 1177 3175 1849 4001 2146 2258 3920 3427 3666 881 3385 2588 871 2014 4508 2102 
40 3000 4038 3529 4490 3119 4996 2417 1591 1035 2655 3779 4304 2226 3462 5756 1860 2508 5062 190 3901 4898 3133 5412 853 4284 1910 2185 5000 1351 2242 1759 4092 5559 4598 1722 1855 2569 1752 4326 2283 0 2065 3373 5015 3978 3306 1494 4979 5031 6540 4144 2133 4546 2848 3011 355 5063 2560 3801 3516 4590 2446 2344 4955 2936 4066 5019 5387 917 3569 4249 4332 3752 4686 1420 1283 5628 4815 625 4979 4700 1931 1774 3132 807 2936 5194 1038 3847 1122 310 5104 2679 1821 2142 1401 4425 3045 3055 2257 3376 
41 3000 3512 4513 2716 2998 5070 1520 2729 2582 2590 4882 2370 1917 2013 4330 293 1096 4617 2204 3972 4275 3927 4212 2900 2724 267 3484 2968 2642 1561 3675 4755 4683 2534 2792 3722 4267 3719 4934 1786 2065 0 4543 5257 3522 2849 3239 3209 3362 5242 2203 195 2580 4116 1134 1958 3387 557 2335 3555 3612 1737 3916 3081 2054 4905 3561 6029 1256 1943 2470 2453 3852 3499 1507 1140 3846 3074 1466 3203 4666 3135 3704 3937 1267 1421 3481 1033 2262 1086 1813 5676 1678 2453 2439 3466 4359 2600 1035 4129 1396 
42 3000 3224 422 5512 2437 2719 5595 1885 2339 2439 413 6854 5547 4373 5740 4250 5471 3598 3199 2204 3792 884 5082 3379 7242 4278 1188 6632 2068 5469 4098 1238 4630 6657 4982 2058 1413 2406 1461 3091 3373 4543 0 2470 3093 2940 4294 7746 5684 6099 6687 4716 7025 534 4773 3728 5721 5088 6813 2187 4199 3292 1240 6081 3483 939 5274 2237 4048 4684 7012 6968 2118 4596 4720 3426 6380 7616 3503 7740 2719 1481 2267 866 3819 4260 5893 3934 6779 4201 3630 2074 5847 5179 2218 3158 2631 2909 5072 4473 5192 
43 3000 2157 2053 4908 2262 428 6668 3463 4082 2676 2235 7158 6834 4066 4327 5004 6346 1689 4894 1287 2118 2026 3594 5355 7891 5008 3172 6242 3719 6619 6238 1231 2814 6588 6737 4334 3840 4677 1019 3471 5015 5257 2470 0 2059 2520 6293 8151 4767 4333 7007 5453 7246 2824 4922 5333 4798 5690 7562 1702 2955 3544 3558 5420 3382 1581 4168 1218 5347 4403 7489 7334 1405 3438 6058 4418 5390 8066 4846 8138 805 3236 4536 2035 5108 4299 4962 5115 7448 5424 5170 894 6878 6778 2985 5325 1041 2716 5309 6678 5252 
44 3000 132 2746 2861 913 1731 5026 2794 3343 1334 3141 5168 5317 2027 2654 3317 4612 1121 3926 1004 928 2223 1990 4594 5992 3307 2994 4185 3012 5027 5574 2316 1691 4539 5601 4124 4001 4398 2330 1845 3978 3522 3093 2059 0 704 5447 6169 2797 3041 5024 3711 5235 3097 2961 4214 2831 3863 5713 905 1114 1810 3588 3389 1480 2692 2270 3175 3979 2358 5541 5357 1023 1549 4639 2978 3463 6099 3589 6155 1291 2826 4278 2241 3766 2341 3002 3691 5569 3990 4019 2801 5199 5501 1889 4799 1019 976 3357 6068 3250 
45 3000 739 2662 2635 503 2265 4341 2247 2746 730 3080 4637 4618 1605 2898 2632 3944 1825 3265 1267 1596 2059 2338 3959 5392 2625 2583 3877 2439 4335 4943 2442 2273 4113 4906 3633 3624 3878 2525 1141 3306 2849 2940 2520 704 0 4787 5630 2745 3459 4486 3041 4730 2825 2401 3529 2781 3222 5088 930 1427 1119 3197 3197 863 2759 2350 3509 3276 1945 4973 4813 1197 1722 3935 2274 3440 5547 2894 5617 1841 2355 3768 2077 3064 1778 2954 2987 4958 3286 3331 3133 4521 4798 1291 4209 1537 272 2790 5443 2737 
46 3000 5513 4557 5866 4567 6329 2879 2840 2219 4114 4705 5126 2396 4904 7228 3119 3232 6511 1522 5276 6372 4303 6903 940 4765 3167 3198 6197 2585 2653 556 5245 7049 5660 1011 2307 3101 2003 5490 3778 1494 3239 4294 6293 5447 4787 0 5582 6447 8028 4985 3236 5391 3766 4319 1368 6477 3614 4273 4916 6085 3937 3078 6289 4426 5131 6481 6479 1991 4976 4917 5090 5126 6175 1941 2735 7010 5403 2037 5589 6073 3064 2118 4298 2053 4349 6598 2264 4402 2153 1563 6242 3104 1491 3576 1215 5814 4530 4275 904 4632 
47 3000 6109 7695 3832 5937 7881 2706 5935 5728 5617 8075 1003 3209 4163 5611 3501 2472 7099 5158 6882 6650 7091 5910 5673 875 3471 6690 2765 5833 2930 6128 7854 6716 1935 4690 6802 7424 6730 8006 4808 4979 3209 7746 8151 6169 5630 5582 0 4437 6555 1145 3046 998 7325 3228 4727 4435 2658 1331 6495 5753 4673 7097 3674 4769 8048 5014 9073 4063 3856 742 816 6789 5406 3709 4345 4418 183 4505 23 7446 6342 6745 7102 4214 3852 4396 4016 1180 3860 4672 8705 2479 4171 5591 6282 7151 5443 2843 6449 2920 
48 3000 2675 5405 693 3248 4377 4657 4654 4952 3310 5821 3518 5186 1585 1179 3384 4091 3233 5089 3796 2741 4805 1550 5862 4649 3341 5187 1781 4760 4783 6788 5096 2468 2507 6142 6050 6226 6215 5126 2983 5031 3362 5684 4767 2797 2745 6447 4437 0 2139 3442 3457 3444 5534 2232 5081 36 3275 4594 3596 1819 2760 5795 805 2352 5452 663 5944 4494 1471 4053 3750 3792 1339 4869 3748 696 4444 4427 4416 3962 4895 6136 4822 4398 2100 209 4198 4365 4375 4891 5576 4696 5815 3741 6301 3752 2789 2458 7280 2097 
49 3000 2918 5724 2809 3885 3905 6661 5702 6166 4186 6090 5655 7144 3239 966 5189 6112 2661 6548 3904 2333 5250 1137 7296 6788 5153 6012 3824 5883 6759 8273 5141 1529 4620 7908 7092 7034 7335 5067 4268 6540 5242 6099 4333 3041 3459 8028 6555 2139 0 5581 5374 5570 6137 4178 6678 2135 5275 6723 3935 2032 4094 6616 2881 3605 5549 1701 5537 6208 3312 6192 5886 3980 1853 6705 5305 2206 6571 6003 6534 3625 5809 7227 5268 6059 3836 2159 5898 6498 6133 6477 5227 6732 7654 4738 7619 3571 3656 4479 8776 4148 
50 3000 4965 6612 2794 4801 6736 2184 4921 4780 4495 7001 168 2777 3023 4620 2487 1753 5964 4310 5741 5521 5999 4853 4912 1218 2450 5673 1955 4844 2405 5504 6736 5623 1085 4211 5902 6470 5871 6882 3693 4144 2203 6687 7007 5024 4486 4985 1145 3442 5581 0 2068 407 6288 2085 3943 3446 1646 1294 5357 4636 3548 6119 2735 3626 6944 3973 7941 3236 2723 610 335 5650 4310 3045 3339 3538 1080 3607 1131 6300 5321 5869 6010 3345 2708 3433 3126 1039 3031 3852 7572 2036 3716 4501 5513 6006 4303 1704 5883 1777 
51 3000 3700 4693 2798 3193 5265 1345 2888 2712 2785 5059 2234 1772 2158 4452 472 903 4803 2282 4168 4456 4112 4358 2953 2539 455 3644 2960 2791 1400 3690 4946 4849 2473 2731 3837 4404 3820 5125 1981 2133 195 4716 5453 3711 3041 3236 3046 3457 5374 2068 0 2455 4281 1225 1995 3480 431 2144 3750 3778 1931 4061 3134 2240 5091 3685 6221 1279 2065 2305 2304 4048 3651 1433 1298 3916 2908 1555 3041 4860 3296 3811 4121 1326 1573 3568 1094 2077 1092 1865 5869 1493 2365 2627 3531 4553 2793 1064 4133 1437 
52 3000 5167 6936 2834 5070 6959 2577 5284 5162 4786 7330 272 3164 3213 4621 2860 2159 6133 4709 5993 5677 6317 4912 5318 1365 2820 6032 1821 5215 2800 5911 7028 5722 959 4609 6292 6847 6267 7165 3997 4546 2580 7025 7246 5235 4730 5391 998 3444 5570 407 2455 0 6638 2346 4348 3443 2028 1563 5620 4770 3840 6490 2692 3878 7249 4016 8212 3639 2895 762 422 5909 4413 3452 3709 3459 1000 4001 978 6520 5680 6262 6329 3744 2958 3410 3523 1312 3435 4255 7840 2417 4110 4825 5917 6231 4561 1986 6289 1994 
53 3000 3223 822 5301 2330 3017 5104 1407 1817 2229 947 6455 5036 4139 5699 3823 5006 3753 2672 2319 3882 920 5076 2847 6791 3854 673 6357 1567 4972 3585 1617 4718 6322 4448 1563 1023 1913 1859 2785 2848 4116 534 2824 3097 2825 3766 7325 5534 6137 6288 4281 6638 0 4437 3203 5571 4668 6351 2204 4172 2999 750 5868 3253 1400 5175 2735 3548 4433 6586 6559 2207 4532 4209 2984 6230 7189 3006 7319 2946 996 1772 904 3324 3962 5741 3451 6329 3708 3111 2540 5359 4649 1904 2645 2807 2746 4712 3974 4862 
54 3000 2912 4643 1582 2724 4656 2483 3186 3247 2450 5048 2238 2975 1058 3242 1200 1941 3958 3113 3656 3547 4014 3209 3865 3040 1152 3892 2035 3187 2583 4717 4687 3803 1885 3925 4419 4823 4491 4820 1688 3011 1134 4773 4922 2961 2401 4319 3228 2232 4178 2085 1225 2346 4437 0 2983 2256 1100 2800 3276 2746 1509 4424 1970 1540 4922 2480 5866 2330 874 2581 2412 3567 2535 2641 1804 2716 3147 2385 3215 4223 3545 4446 4028 2278 624 2347 2057 2633 2186 2811 5494 2565 3584 2554 4383 3926 2219 397 5190 426 
55 3000 4266 3882 4509 3379 5300 2113 1934 1390 2908 4134 4099 1885 3535 5864 1794 2257 5313 536 4195 5125 3475 5558 970 4005 1843 2540 4924 1699 1927 1733 4434 5758 4468 1414 2168 2903 2031 4666 2459 355 1958 3728 5333 4214 3529 1368 4727 5081 6678 3943 1995 4348 3203 2983 0 5111 2409 3517 3801 4763 2600 2691 4948 3087 4416 5114 5732 719 3610 4006 4110 4047 4828 1095 1373 5653 4560 674 4729 4992 2283 2069 3475 705 2982 5235 933 3579 918 201 5444 2374 1472 2419 1570 4711 3262 2980 2210 3321 
56 3000 2708 5441 708 3284 4407 4676 4689 4986 3346 5857 3520 5207 1618 1177 3411 4109 3260 5121 3830 2769 4841 1566 5895 4654 3367 5223 1769 4795 4803 6819 5131 2487 2503 6168 6086 6263 6250 5160 3019 5063 3387 5721 4798 2831 2781 6477 4435 36 2135 3446 3480 3443 5571 2256 5111 0 3295 4603 3632 1849 2795 5831 793 2387 5487 685 5976 4522 1501 4056 3752 3827 1368 4894 3780 659 4443 4458 4414 3993 4931 6171 4859 4427 2130 173 4227 4373 4403 4922 5608 4713 5839 3777 6334 3784 2825 2478 7311 2115 
57 3000 3837 5046 2594 3430 5477 1389 3286 3135 3051 5421 1813 1913 2133 4331 847 840 4925 2712 4403 4549 4451 4308 3373 2220 813 4040 2599 3200 1507 4084 5254 4873 2061 3039 4266 4823 4251 5424 2235 2560 557 5088 5690 3863 3222 3614 2658 3275 5275 1646 431 2028 4668 1100 2409 3295 0 1872 3993 3806 2146 4474 2869 2383 5421 3574 6512 1690 1975 1924 1895 4291 3626 1743 1697 3677 2529 1986 2652 5061 3690 4242 4461 1752 1592 3365 1522 1765 1496 2287 6153 1464 2631 2954 3955 4755 2991 817 4515 1187 
58 3000 5679 6818 3914 5301 7348 1423 4944 4647 4915 7171 1322 1885 3852 5756 2616 1345 6749 3987 6275 6347 6248 5895 4432 495 2600 5692 3238 4805 1637 4823 7090 6577 2377 3363 5653 6326 5546 7269 4101 3801 2335 6813 7562 5713 5088 4273 1331 4594 6723 1294 2144 1563 6351 2800 3517 4603 1872 0 5863 5536 4018 6034 3950 4239 7232 5058 8364 2906 3612 823 1143 6162 5279 2451 3391 4773 1148 3401 1341 6929 5356 5575 6257 3091 3390 4614 2923 255 2713 3490 8010 1176 2842 4771 5039 6624 4861 2411 5128 2650 
59 3000 1036 1849 3548 563 1545 4978 2119 2720 982 2252 5513 5171 2534 3554 3303 4645 1661 3427 421 1696 1318 2896 4013 6200 3306 2170 4807 2363 4937 4969 1520 2523 5034 5215 3343 3140 3642 1595 1769 3516 3555 2187 1702 905 930 4916 6495 3596 3935 5357 3750 5620 2204 3276 3801 3632 3993 5863 0 2013 1848 2741 4105 1744 1857 3124 2595 3717 2874 5817 5679 298 2424 4418 2752 4281 6402 3247 6483 1194 2058 3514 1336 3482 2662 3805 3464 5754 3774 3621 2220 5183 5195 1382 4130 909 1059 3653 5448 3635 
60 3000 981 3859 2075 1870 2559 5123 3670 4144 2154 4256 4758 5518 1688 1541 3483 4629 1437 4579 2100 948 3323 914 5309 5733 3458 3996 3428 3854 5173 6292 3412 1071 3949 6071 5061 5029 5303 3403 2308 4590 3612 4199 2955 1114 1427 6085 5753 1819 2032 4636 3778 4770 4172 2746 4763 1849 3806 5536 2013 0 2166 4605 2525 1687 3797 1214 4146 4377 1932 5209 4971 2133 483 4956 3413 2435 5713 4096 5736 2151 3781 5195 3341 4199 2218 2009 4069 5353 4337 4562 3785 5249 5881 2708 5603 1961 1627 3127 6795 2904 
61 3000 1819 3140 2376 1284 3338 3222 1913 2196 947 3549 3709 3508 1205 3332 1513 2833 2926 2456 2256 2637 2509 2966 3213 4353 1506 2525 3357 2002 3217 4183 3189 3185 3375 3911 3293 3532 3455 3334 228 2446 1737 3292 3544 1810 1119 3937 4673 2760 4094 3548 1931 3840 2999 1509 2600 2795 2146 4018 1848 2166 0 3108 2928 489 3414 2622 4401 2230 1457 3981 3861 2146 2240 2854 1249 3426 4572 1930 4662 2929 2201 3375 2522 2040 967 2950 1928 3906 2213 2398 4035 3404 3750 1095 3587 2623 863 1853 4686 1914 
62 3000 3705 1572 5480 2735 3727 4714 1238 1387 2514 1641 6287 4570 4304 6095 3632 4694 4363 2156 2930 4437 1578 5519 2187 6495 3670 615 6420 1275 4559 2859 2364 5259 6282 3829 818 431 1167 2607 2881 2344 3916 1240 3558 3588 3197 3078 7097 5795 6616 6119 4061 6490 750 4424 2691 5831 4474 6034 2741 4605 3108 0 6036 3451 2148 5509 3474 3150 4565 6355 6366 2803 4918 3756 2781 6483 6950 2633 7094 3617 907 1027 1564 2947 4028 5996 3112 6040 3331 2635 3289 4975 4081 2056 1920 3448 3061 4648 3233 4850 
63 3000 3278 5841 568 3683 5048 4202 4837 5042 3648 6262 2793 4768 1735 1946 3171 3629 3961 5041 4358 3469 5220 2354 5806 3954 3123 5446 976 4903 4355 6681 5624 3261 1739 5865 6188 6461 6312 5680 3157 4955 3081 6081 5420 3389 3197 6289 3674 805 2881 2735 3134 2692 5868 1970 4948 793 2869 3950 4105 2525 2928 6036 0 2615 5955 1456 6565 4300 1477 3344 3025 4333 2064 4568 3699 833 3693 4332 3653 4621 5128 6248 5237 4245 2074 725 4026 3709 4153 4772 6191 4202 5489 3995 6296 4386 3178 2074 7158 1698 
64 3000 1461 3277 2049 1207 3127 3571 2304 2645 1045 3696 3779 3904 889 2853 1872 3137 2562 2944 2116 2229 2646 2476 3698 4533 1856 2848 3161 2423 3588 4671 3202 2723 3303 4383 3707 3881 3889 3315 674 2936 2054 3483 3382 1480 863 4426 4769 2352 3605 3626 2240 3878 3253 1540 3087 2387 2383 4239 1744 1687 489 3451 2615 0 3475 2157 4339 2692 1203 4109 3952 2031 1751 3290 1727 3034 4684 2415 4756 2700 2547 3803 2661 2512 920 2550 2386 4102 2660 2885 3965 3733 4203 1395 4059 2398 685 1927 5174 1891 
65 3000 2823 579 5394 2290 1887 6116 2487 3041 2473 654 7107 6147 4331 5321 4619 5916 2933 3909 1697 3216 988 4619 4198 7629 4638 1937 6619 2716 6017 4978 411 4033 6766 5743 2963 2352 3313 564 3252 4066 4905 939 1581 2692 2759 5131 8048 5452 5549 6944 5091 7249 1400 4922 4416 5487 5421 7232 1857 3797 3414 2148 5955 3475 0 4960 1348 4625 4664 7332 7246 1670 4241 5325 3860 6134 7934 4081 8039 1985 2137 3172 982 4386 4348 5660 4461 7168 4752 4290 1142 6357 5887 2467 4039 1981 2816 5264 5374 5319 
66 3000 2141 4965 1182 2849 3767 4961 4434 4803 2995 5374 4064 5451 1591 769 3529 4411 2591 5052 3275 2103 4389 906 5820 5158 3491 4894 2425 4571 5062 6775 4587 1806 3102 6277 5845 5940 6041 4596 2828 5019 3561 5274 4168 2270 2350 6481 5014 663 1701 3973 3685 4016 5175 2480 5114 685 3574 5058 3124 1214 2622 5509 1456 2157 4960 0 5361 4589 1620 4579 4292 3289 734 5044 3746 1221 5007 4444 4994 3364 4629 5950 4407 4462 2180 823 4283 4841 4497 4917 4999 5031 5995 3483 6209 3174 2450 2778 7276 2452 
67 3000 3287 1924 6034 3142 1644 7334 3797 4372 3464 1860 8099 7411 5108 5544 5754 7083 2906 5236 2247 3334 2258 4811 5546 8732 5766 3284 7345 4036 7252 6320 1310 4026 7623 7078 4293 3633 4641 1102 4281 5387 6029 2237 1218 3175 3509 6479 9073 5944 5537 7941 6221 8212 2735 5866 5732 5976 6512 8364 2595 4146 4401 3474 6565 4339 1348 5361 0 5890 5448 8382 8259 2312 4628 6599 5057 6581 8974 5355 9062 2004 3468 4501 2257 5649 5255 6142 5702 8276 6002 5597 377 7564 7205 3613 5381 2191 3653 6238 6707 6230 
68 3000 4011 4134 3890 3228 5257 1565 2168 1767 2756 4437 3394 1522 2998 5352 1129 1594 5099 1094 4131 4853 3646 5113 1686 3382 1177 2875 4224 1982 1423 2418 4580 5413 3750 1701 2750 3423 2667 4796 2143 917 1256 4048 5347 3979 3276 1991 4063 4494 6208 3236 1279 3639 3548 2330 719 4522 1690 2906 3717 4377 2230 3150 4300 2692 4625 4589 5890 0 3027 3332 3416 3989 4380 712 1001 5033 3901 546 4063 4908 2566 2684 3650 241 2416 4635 310 2940 205 616 5574 1825 1523 2362 2279 4611 3004 2289 2874 2641 
69 3000 2282 4481 944 2376 4090 3355 3360 3574 2248 4900 2854 3833 340 2388 1930 2815 3242 3635 3201 2797 3849 2335 4407 3800 1889 3981 1959 3426 3447 5322 4373 2965 2185 4690 4713 4988 4844 4468 1684 3569 1943 4684 4403 2358 1945 4976 3856 1471 3312 2723 2065 2895 4433 874 3610 1501 1975 3612 2874 1932 1457 4565 1477 1203 4664 1620 5448 3027 0 3283 3058 3141 1674 3436 2289 2062 3804 2960 3840 3650 3658 4777 3865 2926 633 1626 2728 3423 2915 3421 5071 3440 4387 2539 4867 3370 1848 1218 5812 971 
70 3000 5489 6968 3402 5255 7235 2040 5194 4985 4918 7345 563 2586 3569 5231 2763 1749 6512 4426 6212 6078 6369 5454 4960 618 2734 5949 2537 5090 2268 5456 7148 6210 1662 4063 6065 6682 5998 7307 4105 4249 2470 7012 7489 5541 4973 4917 742 4053 6192 610 2305 762 6586 2581 4006 4056 1924 823 5817 5209 3981 6355 3344 4109 7332 4579 8382 3332 3283 0 344 6113 4897 3012 3604 4142 604 3766 739 6803 5602 6011 6379 3477 3204 4043 3276 588 3127 3944 8016 1836 3549 4869 5568 6504 4774 2186 5797 2319 
71 3000 5298 6904 3111 5121 7066 2237 5182 5013 4806 7289 232 2809 3358 4929 2742 1873 6299 4503 6065 5856 6295 5177 5075 958 2708 5935 2200 5094 2464 5620 7046 5954 1325 4272 6119 6708 6072 7195 4000 4332 2453 6968 7334 5357 4813 5090 816 3750 5886 335 2304 422 6559 2412 4110 3752 1895 1143 5679 4971 3861 6366 3025 3952 7246 4292 8259 3416 3058 344 0 5973 4641 3162 3593 3815 745 3817 804 6631 5585 6076 6306 3542 3036 3732 3330 894 3211 4032 7890 2057 3765 4795 5680 6336 4627 2026 5981 2111 
72 3000 1155 1747 3783 861 1267 5269 2302 2915 1273 2130 5805 5453 2801 3668 3599 4941 1560 3654 149 1681 1291 2984 4211 6499 3603 2263 5061 2553 5226 5154 1304 2519 5311 5461 3455 3184 3766 1348 2066 3752 3852 2118 1405 1023 1197 5126 6789 3792 3980 5650 4048 5909 2207 3567 4047 3827 4291 6162 298 2133 2146 2803 4333 2031 1670 3289 2312 3989 3141 6113 5973 0 2571 4694 3034 4469 6697 3510 6777 949 2194 3634 1308 3753 2950 3999 3742 6052 4052 3870 1936 5476 5456 1638 4295 692 1348 3946 5627 3921 
73 3000 1418 4272 1647 2204 3042 4981 3912 4340 2418 4676 4422 5416 1497 1176 3407 4462 1900 4694 2550 1407 3713 733 5445 5442 3376 4303 2989 4075 5052 6420 3864 1313 3559 6082 5319 5347 5541 3866 2416 4686 3499 4596 3438 1549 1722 6175 5406 1339 1853 4310 3651 4413 4532 2535 4828 1368 3626 5279 2424 483 2240 4918 2064 1751 4241 734 4628 4380 1674 4897 4641 2571 0 4912 3457 1953 5377 4153 5388 2633 4063 5440 3732 4221 2078 1527 4070 5083 4317 4626 4265 5087 5853 2946 5783 2439 1871 2893 6924 2629 
74 3000 4662 4825 4223 3918 5961 1031 2853 2399 3450 5115 3188 827 3466 5813 1516 1293 5761 1611 4834 5491 4351 5640 1980 2945 1553 3536 4340 2651 834 2460 5289 6010 3744 1300 3263 3990 3121 5507 2794 1420 1507 4720 6058 4639 3935 1941 3709 4869 6705 3045 1433 3452 4209 2641 1095 4894 1743 2451 4418 4956 2854 3756 4568 3290 5325 5044 6599 712 3436 3012 3162 4694 4912 0 1676 5348 3535 1245 3713 5606 3242 3163 4354 954 2869 4989 957 2538 650 1121 6285 1288 951 3072 2588 5307 3664 2495 2843 2870 
75 3000 3009 3428 3218 2243 4298 2277 1590 1481 1777 3780 3507 2419 2180 4492 852 2060 4098 1346 3172 3854 2872 4189 2118 3815 889 2345 3835 1505 2208 3041 3756 4432 3558 2662 2647 3142 2693 3955 1144 1283 1140 3426 4418 2978 2274 2735 4345 3748 5305 3339 1298 3709 2984 1804 1373 3780 1697 3391 2752 3413 1249 2781 3699 1727 3860 3746 5057 1001 2289 3604 3593 3034 3457 1676 0 4351 4206 699 4340 3934 1997 2657 2879 795 1656 3912 719 3352 1026 1174 4721 2507 2524 1451 2597 3634 2002 1934 3537 2204 
76 3000 3337 6098 1143 3943 4988 5026 5330 5607 4004 6513 3584 5585 2230 1371 3907 4453 3800 5697 4466 3316 5499 1969 6469 4756 3861 5876 1654 5428 5173 7375 5772 2916 2500 6639 6720 6914 6874 5794 3652 5628 3846 6380 5390 3463 3440 7010 4418 696 2206 3538 3916 3459 6230 2716 5653 659 3677 4773 4281 2435 3426 6483 833 3034 6134 1221 6581 5033 2062 4142 3815 4469 1953 5348 4351 0 4453 5013 4396 4585 5581 6799 5517 4957 2695 489 4747 4530 4899 5468 6217 5032 6280 4427 6928 4391 3485 2869 7861 2493 
77 3000 6042 7572 3824 5842 7803 2528 5795 5577 5513 7949 956 3028 4103 5621 3367 2307 7045 4995 6793 6601 6972 5898 5503 694 3338 6551 2805 5689 2752 5950 7746 6689 1956 4508 6644 7272 6568 7902 4701 4815 3074 7616 8066 6099 5547 5403 183 4444 6571 1080 2908 1000 7189 3147 4560 4443 2529 1148 6402 5713 4572 6950 3693 4684 7934 5007 8974 3901 3804 604 745 6697 5377 3535 4206 4453 0 4350 195 7370 6204 6584 6983 4056 3771 4411 3861 1002 3698 4508 8607 2299 3988 5472 6112 7073 5354 2757 6268 2855 
78 3000 3633 3587 3873 2787 4775 2100 1621 1246 2312 3890 3770 2065 2870 5191 1243 2065 4699 741 3654 4488 3105 4885 1479 3867 1293 2333 4378 1438 1966 2362 4044 5100 3999 2012 2302 2929 2266 4264 1799 625 1466 3503 4846 3589 2894 2037 4505 4427 6003 3607 1555 4001 3006 2385 674 4458 1986 3401 3247 4096 1930 2633 4332 2415 4081 4444 5355 546 2960 3766 3817 3510 4153 1245 699 5013 4350 0 4504 4442 2021 2262 3109 318 2328 4586 489 3415 703 474 5043 2356 1948 1872 2014 4152 2624 2435 2852 2752 
79 3000 6094 7687 3812 5925 7867 2712 5930 5725 5606 8068 988 3218 4147 5590 3495 2473 7083 5158 6869 6634 7083 5890 5676 889 3465 6685 2743 5829 2936 6135 7844 6698 1914 4699 6801 7421 6731 7996 4798 4979 3203 7740 8138 6155 5617 5589 23 4416 6534 1131 3041 978 7319 3215 4729 4414 2652 1341 6483 5736 4662 7094 3653 4756 8039 4994 9062 4063 3840 739 804 6777 5388 3713 4340 4396 195 4504 0 7431 6337 6745 7093 4213 3839 4375 4014 1187 3860 4673 8693 2486 4179 5582 6285 7137 5431 2830 6456 2905 
