FILE: 1911EuclS.txt
100 100 0 
1 3000 0 3183 1982 2445 726 2981 6370 2237 3909 3899 3887 1527 912 2719 5389 5221 5994 1802 3184 2286 1992 6273 3759 1188 6505 4717 5294 5346 1656 3174 3990 3312 988 6033 3025 5403 1990 2916 3249 2235 6112 3852 6277 3767 3218 2338 4399 3713 4794 5703 1998 2945 4502 463 1315 6433 3866 4553 1313 5288 3791 450 6086 5805 4751 3585 5740 1942 2154 723 6126 5133 3375 4112 4478 3421 2982 2670 3586 2206 2577 6218 3337 4137 5042 3837 5034 1278 1236 1958 4068 3076 4705 3452 2626 5385 4705 3616 2073 4360 
2 3000 3183 0 2569 4383 2478 4270 3238 2057 4356 1714 804 3709 2494 4198 2206 2485 4202 1398 1587 1317 1739 3692 770 2298 3769 1838 3085 3112 3625 1003 934 1869 3740 3380 1772 3305 3604 723 2313 3496 4154 2402 4109 2567 2287 2191 2749 4823 1616 3092 3234 3234 4269 3055 3845 3598 1506 1934 2564 2138 1821 3559 3176 3162 2529 1747 2830 2937 2294 3746 4001 2001 2443 1470 3013 4501 3400 3518 453 982 1207 3398 4798 2280 2682 1571 2062 1915 2058 1831 923 941 1921 1236 2225 3292 1864 2045 1584 4697 
3 3000 1982 2569 0 1839 1810 1733 5684 564 2183 2347 2935 3402 2166 4478 4548 5043 4075 1564 1617 2590 846 4608 3335 952 6336 4406 5508 3591 1214 1942 2981 3774 2962 4424 3523 3594 3718 2794 1367 3854 4226 4400 4442 4439 3941 3251 4895 2367 3894 4095 3562 1047 2585 2271 3267 6167 2416 4451 2638 4595 4038 2414 4655 5714 3053 1964 5397 3372 325 2696 4284 4061 4128 2754 2566 2035 1143 4176 2773 1974 1406 4706 2253 2385 5145 3914 4628 1724 1188 2671 3453 1896 3322 2083 757 3575 4428 4063 996 2617 
4 3000 2445 4383 1839 0 2815 843 7524 2398 2036 4067 4774 3920 3171 5137 6385 6827 5202 3191 3385 4140 2643 6127 5136 2271 8130 6207 7194 5060 863 3774 4818 5326 3275 6000 5050 4990 4429 4507 2903 4681 5433 5936 5745 5919 5381 4562 6465 1442 5731 5684 4438 1813 2928 2903 3629 7976 4178 6209 3658 6434 5682 2661 6342 7486 4619 3674 7212 4356 2152 2889 5583 5877 5559 4533 3850 1253 1694 5110 4610 3659 3245 6343 953 3951 6860 5610 6445 3072 2583 4044 5282 3733 5071 3887 2453 4971 6223 5632 2798 2422 
5 3000 726 2478 1810 2815 0 3185 5646 1881 3940 3353 3207 1639 375 2668 4678 4503 5598 1130 2678 1571 1524 5720 3035 862 5793 3992 4617 4846 1957 2573 3315 2649 1370 5462 2361 4931 1907 2190 2885 2052 5685 3218 5809 3161 2613 1760 3762 3911 4094 5136 1766 2853 4395 618 1591 5714 3291 3836 873 4567 3102 1081 5462 5096 4236 3076 5016 1608 1876 1285 5664 4451 2782 3504 4097 3594 2931 2406 2893 1496 2009 5615 3614 3662 4348 3129 4308 563 724 1296 3351 2468 4089 2871 2298 4913 3981 2957 1561 4386 
6 3000 2981 4270 1733 843 3185 0 7264 2212 1193 3633 4526 4504 3559 5700 6103 6754 4458 3273 3030 4286 2577 5511 5040 2468 8037 6108 7241 4439 1333 3511 4548 5480 3900 5416 5220 4338 4962 4527 2421 5178 4707 6104 5044 6124 5608 4850 6610 733 5452 5114 4913 1236 2098 3413 4252 7853 3782 6176 4058 6201 5767 3278 5828 7430 4059 3249 7077 4787 1978 3533 4884 5528 5792 4148 3192 451 1075 5574 4421 3703 3071 5793 528 3415 6877 5647 6309 3307 2772 4292 5120 3494 4638 3556 2121 4319 6135 5775 2724 1584 
7 3000 6370 3238 5684 7524 5646 7264 0 5127 7018 3753 2752 6556 5578 6611 1168 1717 5165 4627 4242 4176 4914 3647 2611 5535 1707 1808 2684 4015 6822 3763 2718 3690 6769 3363 3871 4289 6252 3476 4924 6018 4921 3659 4595 3928 4140 4688 3454 7688 1812 3355 5844 6082 6583 6169 6788 1370 3552 2203 5490 1102 3150 6706 2628 1820 3843 4090 1134 5567 5374 6854 4599 1847 4158 3194 4864 7398 6256 5815 2928 4176 4281 2960 7786 4199 2419 2891 1449 5092 5295 4654 2318 3794 2882 3713 5144 4291 1857 3543 4761 7240 
8 3000 2237 2057 564 2398 1881 2212 5127 0 2439 1821 2376 3520 2190 4503 3987 4542 3759 1277 1080 2283 469 4135 2828 1063 5825 3895 5065 3151 1767 1378 2420 3427 3172 3932 3197 3184 3752 2367 1016 3839 3876 4051 4052 4118 3651 3049 4521 2784 3333 3601 3540 1263 2643 2434 3443 5645 1870 3971 2610 4042 3633 2686 4124 5218 2583 1450 4871 3315 246 2960 3898 3497 3838 2200 2244 2457 1410 4107 2228 1600 863 4191 2740 1934 4687 3479 4102 1623 1165 2466 2918 1335 2775 1524 418 3166 3922 3702 572 2840 
9 3000 3909 4356 2183 2036 3940 1193 7018 2439 0 3265 4397 5427 4310 6576 5852 6795 3458 3696 2858 4717 2898 4728 5107 3110 8019 6129 7436 3681 2367 3433 4383 5867 4880 4694 5636 3525 5819 4781 2122 5990 3738 6490 4118 6557 6083 5429 6952 909 5230 4424 5706 1177 949 4296 5220 7794 3466 6287 4797 6023 6052 4267 5216 7475 3433 2934 7019 5535 2275 4539 3963 5194 6270 3823 2427 845 1046 6338 4385 4040 3174 5119 1363 2880 7038 5872 6269 3907 3369 4847 5086 3454 4205 3368 2151 3508 6169 6139 3011 451 
10 3000 3899 1714 2347 4067 3353 3633 3753 1821 3265 0 1299 4904 3543 5644 2589 3741 2506 2295 743 2841 1914 2374 2245 2729 4864 3086 4579 1522 3559 855 1234 3583 4724 2138 3473 1661 4960 2417 1214 4934 2491 4109 2520 4281 3990 3761 4419 3971 1983 1807 4645 2404 2882 3969 4930 4609 239 3372 3809 2786 3502 4343 2308 4402 904 392 3850 4364 2027 4594 2390 1933 4151 560 1343 3699 2573 5053 1461 2200 1345 2371 4133 583 4151 3217 3143 2880 2673 3280 2051 965 1007 534 1625 1645 3143 3755 1826 3493 
11 3000 3887 804 2935 4774 3207 4526 2752 2376 4397 1299 0 4506 3261 4996 1616 2454 3623 2085 1543 2119 2191 2928 994 2889 3627 1792 3283 2462 4093 1015 134 2505 4510 2607 2467 2686 4408 1476 2275 4296 3531 2950 3432 3156 2965 2975 3193 4991 965 2335 4037 3374 4135 3803 4631 3397 1060 2075 3361 1675 2307 4286 2372 3123 1934 1507 2623 3739 2622 4489 3339 1245 3102 852 2638 4687 3548 4302 352 1736 1539 2599 5051 1877 2853 1995 1881 2649 2697 2635 752 1042 1163 1029 2406 2676 1847 2615 2044 4680 
12 3000 1527 3709 3402 3920 1639 4504 6556 3520 5427 4904 4506 0 1369 1220 5764 5113 7224 2609 4272 2448 3154 7234 4036 2481 6287 4766 4871 6419 3174 4077 4631 2984 682 6955 2741 6524 601 3170 4524 943 7298 3337 7401 3157 2675 1901 3846 5235 5268 6638 875 4418 5976 1138 379 6294 4809 4463 1145 5563 3544 1261 6861 5577 5803 4662 5712 1060 3504 1072 7260 5699 2768 4970 5731 4947 4472 1425 4160 2800 3570 7053 4840 5263 4734 3718 5119 2027 2361 1932 4430 3967 5528 4393 3936 6507 4730 3234 3175 5879 
13 3000 912 2494 2166 3171 375 3559 5578 2190 4310 3543 3261 1369 0 2322 4660 4346 5858 1255 2903 1421 1796 5889 2972 1214 5618 3873 4383 5054 2319 2729 3377 2400 1249 5619 2113 5155 1565 2102 3176 1687 5929 2941 6032 2863 2314 1441 3488 4286 4104 5298 1397 3213 4747 593 1396 5559 3459 3676 498 4519 2887 1142 5571 4914 4439 3294 4885 1233 2208 1275 5891 4492 2476 3641 4371 3970 3295 2032 2930 1524 2204 5743 3984 3893 4139 2948 4202 663 1026 1048 3319 2620 4214 3040 2609 5138 3854 2704 1809 4756 
14 3000 2719 4198 4478 5137 2668 5700 6611 4503 6576 5644 4996 1220 2322 0 6000 5005 8077 3405 5097 2883 4086 7871 4316 3529 6026 4808 4514 7162 4375 4790 5129 2922 1891 7568 2766 7301 760 3536 5466 710 8114 3048 8164 2806 2478 2039 3459 6433 5604 7269 1000 5519 7063 2291 1551 6099 5509 4417 1900 5732 3463 2482 7363 5343 6546 5463 5633 1281 4530 2285 8034 6084 2489 5602 6627 6138 5589 799 4644 3446 4375 7596 6051 6077 4484 3724 5166 2898 3345 2386 4738 4679 6111 5112 4922 7285 4755 3081 4073 7027 
15 3000 5389 2206 4548 6385 4678 6103 1168 3987 5852 2589 1616 5764 4660 6000 0 1752 4214 3602 3076 3320 3804 2884 1727 4471 2466 1391 2826 3017 5708 2613 1568 3131 5890 2560 3241 3291 5539 2597 3756 5351 4007 3295 3739 3559 3620 3984 3268 6520 654 2462 5138 4915 5439 5238 5953 2161 2385 1875 4647 398 2674 5755 1924 2229 2755 2922 1509 4846 4233 5929 3713 740 3687 2029 3744 6230 5089 5228 1838 3182 3155 2263 6623 3055 2438 2353 1138 4115 4253 3832 1343 2652 1766 2548 3985 3290 1469 3076 3654 6081 
16 3000 5221 2485 5043 6827 4503 6754 1717 4542 6795 3741 2454 5113 4346 5005 1752 0 5813 3673 3945 2935 4201 4616 1714 4627 1308 667 1077 4598 6029 3362 2508 2137 5433 4285 2372 4862 4733 2360 4691 4464 5643 1981 5419 2245 2532 3212 1737 7304 1958 4150 4329 5704 6587 4935 5391 1212 3503 670 4147 1354 1575 5487 3675 681 4209 3959 631 4074 4777 5586 5374 2375 2518 3231 5059 6984 5873 4205 2411 3194 3691 4013 7282 4305 724 1411 654 3997 4338 3326 1718 3341 3231 3464 4697 4858 625 1929 4048 7105 
17 3000 5994 4202 4075 5202 5598 4458 5165 3759 3458 2506 3623 7224 5858 8077 4214 5813 0 4674 2980 5338 4074 1702 4617 4820 6680 5228 6794 1214 5078 3343 3512 6067 6927 1876 5972 953 7363 4916 2745 7374 326 6561 766 6751 6488 6257 6816 4367 3855 1812 7078 3434 2550 6181 7185 6370 2698 5614 6196 4563 5928 6442 2620 6397 1690 2620 5713 6809 3849 6718 661 3488 6645 2778 1516 4255 3523 7529 3883 4668 3702 2350 4785 2006 6365 5619 5161 5215 4875 5754 4319 3448 2592 3031 3371 960 5300 6215 4049 3356 
18 3000 1802 1398 1564 3191 1130 3273 4627 1277 3696 2295 2085 2609 1255 3405 3602 3673 4674 0 1694 1027 808 4633 2053 953 4982 3089 4005 3813 2365 1473 2189 2211 2477 4364 1959 3927 2690 1322 2107 2706 4722 2837 4801 2876 2389 1776 3337 3930 2996 4042 2408 2519 3913 1741 2651 4857 2203 3035 1526 3531 2504 2203 4335 4317 3196 2070 4117 2149 1420 2416 4664 3331 2575 2389 3226 3598 2652 2909 1784 479 975 4496 3779 2680 3668 2419 3370 596 675 1197 2309 1364 2967 1785 1654 3910 3094 2503 729 4108 
19 3000 3184 1587 1617 3385 2678 3030 4242 1080 2858 743 1543 4272 2903 5097 3076 3945 2980 1694 0 2429 1191 3095 2289 2004 5160 3278 4654 2169 2832 593 1542 3359 4042 2873 3197 2254 4384 2177 745 4395 3030 3940 3132 4074 3706 3331 4324 3454 2430 2541 4099 1841 2685 3286 4268 4938 799 3471 3219 3199 3396 3632 3044 4625 1568 400 4162 3832 1294 3890 2989 2505 3881 1148 1564 3157 2015 4566 1535 1723 722 3114 3547 990 4240 3158 3411 2248 1975 2798 2231 645 1704 529 933 2236 3322 3578 1121 3159 
20 3000 2286 1317 2590 4140 1571 4286 4176 2283 4717 2841 2119 2448 1421 2883 3320 2935 5338 1027 2429 0 1819 4991 1597 1869 4221 2451 3084 4333 3287 1995 2250 1195 2593 4686 934 4497 2292 723 2995 2179 5333 1817 5338 1848 1368 920 2331 4953 2822 4390 1917 3539 4884 2014 2633 4147 2678 2266 1327 3140 1560 2564 4491 3524 3726 2736 3464 1620 2443 2688 5218 3265 1554 2732 3991 4621 3675 2226 1766 722 1748 4715 4784 3340 2790 1558 2783 1103 1556 522 1983 1889 3227 2309 2630 4483 2433 1496 1715 5124 
21 3000 1992 1739 846 2643 1524 2577 4914 469 2898 1914 2191 3154 1796 4086 3804 4201 4074 808 1191 1819 0 4284 2498 815 5498 3570 4665 3355 1908 1276 2258 2975 2868 4052 2739 3423 3343 1953 1381 3410 4163 3601 4300 3659 3187 2581 4080 3192 3157 3721 3110 1720 3109 2115 3113 5336 1905 3605 2187 3815 3207 2440 4160 4870 2759 1592 4570 2875 631 2701 4153 3384 3373 2189 2576 2861 1860 3660 1985 1152 667 4264 3099 2153 4299 3072 3802 1189 802 1998 2642 1200 2783 1507 858 3405 3589 3256 155 3305 
22 3000 6273 3692 4608 6127 5720 5511 3647 4135 4728 2374 2928 7234 5889 7871 2884 4616 1702 4633 3095 4991 4284 0 3830 5098 5274 4131 5670 1072 5779 3160 2795 5408 7090 337 5391 1203 7232 4398 3273 7162 1395 5786 993 6016 5881 5883 5920 5607 2734 601 6887 4321 3942 6337 7284 4947 2431 4582 6111 3274 5126 6717 1018 5111 1555 2699 4380 6594 4310 6968 1049 2254 6008 2274 2328 5421 4458 7209 3267 4455 3712 694 5932 2224 5260 4792 3971 5227 5047 5484 3442 3269 1771 2851 3852 1219 4210 5479 4200 4745 
23 3000 3759 770 3335 5136 3035 5040 2611 2828 5107 2245 994 4036 2972 4316 1727 1714 4617 2053 2289 1597 2498 3830 0 2994 3001 1072 2369 3450 4361 1695 1107 1585 4183 3498 1611 3679 3821 877 3031 3648 4521 1971 4406 2190 2070 2280 2199 5591 1290 3256 3423 3997 4969 3561 4231 2839 2011 1183 2925 1548 1319 4095 3132 2392 2928 2375 2080 3128 3063 4248 4320 1784 2184 1844 3587 5271 4165 3566 788 1584 1977 3409 5568 2829 1952 1001 1321 2483 2728 2105 425 1658 2110 1857 2989 3669 1094 1650 2344 5435 
24 3000 1188 2298 952 2271 862 2468 5535 1063 3110 2729 2889 2481 1214 3529 4471 4627 4820 953 2004 1869 815 5098 2994 0 5935 4040 4929 4159 1425 2057 2973 3060 2109 4868 2787 4215 2769 2272 2079 2902 4930 3675 5089 3673 3148 2384 4198 3171 3841 4536 2610 1998 3534 1374 2384 5809 2716 3987 1690 4434 3413 1638 4963 5269 3568 2403 5066 2426 1022 1906 4938 4118 3330 2987 3306 2844 2085 3230 2632 1432 1445 5075 2943 2949 4606 3355 4314 839 313 1824 3220 1969 3582 2311 1468 4196 4046 3364 916 3552 
25 3000 6505 3769 6336 8130 5793 8037 1707 5825 8019 4864 3627 6287 5618 6026 2466 1308 6680 4982 5160 4221 5498 5274 3001 5935 0 1930 1537 5483 7337 4593 3655 3310 6659 4969 3573 5757 5855 3667 5900 5559 6467 2993 6180 3222 3628 4401 2574 8567 2923 4909 5462 6957 7743 6200 6588 336 4633 1960 5384 2140 2764 6753 4265 711 5191 5126 1013 5230 6063 6837 6164 3200 3568 4321 6129 8251 7129 5240 3644 4503 4966 4605 8565 5397 1558 2670 1749 5296 5647 4582 2938 4584 4192 4656 5957 5755 1908 3053 5344 8307 
26 3000 4717 1838 4406 6207 3992 6108 1808 3895 6129 3086 1792 4766 3873 4808 1391 667 5228 3089 3278 2451 3570 4131 1072 4040 1930 0 1568 4016 5424 2696 1852 1886 5019 3796 2063 4274 4446 1807 4024 4210 5076 1934 4879 2203 2348 2884 1876 6647 1406 3628 4038 5043 5922 4466 5013 1772 2847 483 3731 1022 1361 5014 3247 1346 3594 3295 1029 3763 4133 5137 4823 1879 2383 2587 4412 6329 5213 4015 1744 2612 3039 3573 6636 3655 1142 1084 358 3462 3762 2894 1052 2677 2636 2798 4038 4268 79 1763 3416 6438 
27 3000 5294 3085 5508 7194 4617 7241 2684 5065 7436 4579 3283 4871 4383 4514 2826 1077 6794 4005 4654 3084 4665 5670 2369 4929 1537 1568 0 5584 6355 4060 3363 1985 5307 5337 2270 5840 4398 2713 5392 4086 6644 1534 6443 1732 2198 3041 1055 7849 2968 5185 4019 6295 7338 4937 5195 1681 4341 1208 4074 2427 1523 5482 4745 934 5149 4739 1552 3811 5281 5528 6389 3418 2106 4114 5921 7520 6456 3737 3150 3548 4264 5081 7759 5160 431 1594 1701 4186 4621 3336 2532 4016 4202 4224 5290 5834 1495 1687 4522 7782 
28 3000 5346 3112 3591 5060 4846 4439 4015 3151 3681 1522 2462 6419 5054 7162 3017 4598 1214 3813 2169 4333 3355 1072 3450 4159 5483 4016 5584 0 4738 2373 2343 4950 6212 1015 4881 274 6482 3836 2234 6452 1072 5413 1005 5616 5392 5250 5640 4548 2640 779 6164 3251 2940 5455 6432 5178 1657 4409 5331 3356 4769 5795 1630 5184 617 1770 4507 5881 3306 6056 889 2284 5540 1646 1262 4355 3386 6556 2751 3716 2850 1462 4863 1216 5155 4451 3946 4392 4145 4790 3130 2484 1383 2050 2835 275 4089 5076 3291 3728 
29 3000 1656 3625 1214 863 1957 1333 6822 1767 2367 3559 4093 3174 2319 4375 5708 6029 5078 2365 2832 3287 1908 5779 4361 1425 7337 5424 6355 4738 0 3129 4152 4469 2568 5611 4191 4712 3645 3687 2506 3876 5268 5076 5529 5056 4517 3699 5607 2061 5058 5284 3622 1671 3110 2100 2919 7197 3630 5398 2811 5723 4838 1945 5866 6680 4230 3173 6441 3521 1538 2203 5368 5255 4695 3967 3619 1780 1628 4290 3894 2841 2554 5909 1686 3556 6030 4779 5679 2211 1734 3180 4540 3072 4536 3291 1945 4693 5436 4776 2061 2808 
30 3000 3174 1003 1942 3774 2573 3511 3763 1378 3433 855 1015 4077 2729 4790 2613 3362 3343 1473 593 1995 1276 3160 1695 2057 4593 2696 4060 2373 3129 0 1045 2822 3939 2893 2682 2516 4112 1637 1336 4080 3343 3385 3374 3533 3197 2914 3750 3986 1958 2569 3791 2371 3278 3191 4124 4381 732 2878 2967 2691 2821 3606 2913 4042 1756 766 3603 3509 1623 3843 3246 2126 3366 938 2043 3679 2544 4199 951 1344 613 3046 4036 1350 3647 2573 2844 2067 1938 2425 1655 111 1531 322 1391 2500 2737 3024 1148 3746 
31 3000 3990 934 2981 4818 3315 4548 2718 2420 4383 1234 134 4631 3377 5129 1568 2508 3512 2189 1542 2250 2258 2795 1107 2973 3655 1852 3363 2343 4152 1045 0 2633 4626 2473 2599 2571 4538 1610 2261 4428 3413 3071 3307 3280 3096 3109 3304 4996 913 2202 4168 3381 4093 3915 4751 3416 995 2157 3486 1658 2425 4392 2241 3171 1825 1471 2646 3870 2665 4599 3217 1147 3231 753 2563 4697 3556 4435 484 1853 1598 2466 5071 1803 2933 2109 1918 2760 2790 2765 831 1085 1031 1017 2427 2561 1911 2739 2113 4656 
32 3000 3312 1869 3774 5326 2649 5480 3690 3427 5867 3583 2505 2984 2400 2922 3131 2137 6067 2211 3359 1195 2975 5408 1585 3060 3310 1886 1985 4950 4469 2822 2633 0 3353 5078 287 5157 2596 1185 4018 2338 6007 626 5933 714 492 1090 1138 6141 2835 4826 2191 4690 5959 2953 3277 3310 3374 1508 2096 2832 562 3499 4714 2599 4385 3587 2750 1937 3606 3553 5835 3345 600 3306 4863 5809 4834 2129 2199 1826 2770 4994 5979 4144 1773 803 2243 2262 2746 1356 1998 2736 3663 3092 3740 5145 1833 308 2855 6260 
33 3000 988 3740 2962 3275 1370 3900 6769 3172 4880 4724 4510 682 1249 1891 5890 5433 6927 2477 4042 2593 2868 7090 4183 2109 6659 5019 5307 6212 2568 3939 4626 3353 0 6831 3086 6290 1269 3305 4189 1594 7028 3785 7168 3636 3118 2269 4316 4624 5346 6506 1458 3934 5490 756 354 6636 4660 4767 1289 5730 3895 622 6810 5948 5605 4442 6006 1553 3114 393 7021 5740 3237 4865 5415 4348 3969 2075 4178 2773 3379 6974 4208 5020 5126 4022 5361 1883 2069 2124 4547 3833 5445 4241 3575 6272 4992 3630 2921 5330 
34 3000 6033 3380 4424 6000 5462 5416 3363 3932 4694 2138 2607 6955 5619 7568 2560 4285 1876 4364 2873 4686 4052 337 3498 4868 4969 3796 5337 1015 5611 2893 2473 5078 6831 0 5066 1212 6939 4081 3115 6861 1594 5451 1234 5683 5554 5571 5583 5555 2397 331 6588 4206 3951 6081 7016 4644 2172 4245 5827 2947 4791 6475 750 4789 1385 2484 4062 6294 4118 6721 1255 1919 5678 1985 2269 5353 4351 6898 2950 4166 3461 480 5855 2059 4926 4457 3639 4959 4801 5184 3108 3000 1458 2591 3671 1224 3874 5146 3961 4742 
35 3000 3025 1772 3523 5050 2361 5220 3871 3197 5636 3473 2467 2741 2113 2766 3241 2372 5972 1959 3197 934 2739 5391 1611 2787 3573 2063 2270 4881 4191 2682 2599 287 3086 5066 0 5078 2384 1056 3831 2147 5926 887 5873 920 517 840 1416 5887 2893 4801 1977 4458 5759 2669 3023 3559 3274 1724 1819 2966 809 3216 4740 2862 4302 3448 2973 1709 3367 3276 5769 3394 684 3235 4725 5555 4599 1987 2142 1600 2577 5009 5715 4021 2047 986 2421 1982 2474 1069 2035 2590 3630 2966 3523 5065 2018 595 2625 6036 
36 3000 5403 3305 3594 4990 4931 4338 4289 3184 3525 1661 2686 6524 5155 7301 3291 4862 953 3927 2254 4497 3423 1203 3679 4215 5757 4274 5840 274 4712 2516 2571 5157 6290 1212 5078 0 6610 4027 2227 6592 849 5634 878 5831 5592 5417 5874 4406 2906 1018 6302 3176 2747 5535 6522 5452 1822 4660 5451 3628 4994 5853 1873 5453 777 1861 4779 6023 3323 6119 736 2557 5743 1853 1146 4228 3302 6713 2961 3860 2955 1679 4744 1270 5411 4681 4211 4497 4221 4941 3370 2626 1638 2194 2845 19 4346 5293 3370 3545 
37 3000 1990 3604 3718 4429 1907 4962 6252 3752 5819 4960 4408 601 1565 760 5539 4733 7363 2690 4384 2292 3343 7232 3821 2769 5855 4446 4398 6482 3645 4112 4538 2596 1269 6939 2384 6610 0 2989 4725 349 7411 2871 7479 2668 2228 1567 3355 5695 5091 6631 407 4758 6303 1548 981 5887 4839 4102 1166 5305 3158 1803 6780 5152 5865 4759 5347 693 3773 1647 7345 5550 2294 4958 5899 5396 4829 826 4056 2780 3665 6995 5328 5370 4297 3371 4803 2160 2590 1772 4233 4000 5489 4434 4170 6593 4402 2815 3337 6269 
38 3000 2916 723 2794 4507 2190 4527 3476 2367 4781 2417 1476 3170 2102 3536 2597 2360 4916 1322 2177 723 1953 4398 877 2272 3667 1807 2713 3836 3687 1637 1610 1185 3305 4081 1056 4027 2989 0 2852 2846 4874 1765 4833 1897 1573 1503 2181 5142 2105 3801 2601 3618 4806 2693 3356 3556 2218 1714 2050 2425 1271 3233 3828 2996 3250 2403 2836 2304 2574 3377 4725 2561 1736 2194 3680 4813 3772 2827 1131 847 1624 4071 5045 2968 2358 1119 2118 1655 1980 1239 1260 1551 2627 1913 2631 4014 1802 1403 1812 5155 
39 3000 3249 2313 1367 2903 2885 2421 4924 1016 2122 1214 2275 4524 3176 5466 3756 4691 2745 2107 745 2995 1381 3273 3031 2079 5900 4024 5392 2234 2506 1336 2261 4018 4189 3115 3831 2227 4725 2852 0 4785 2873 4616 3076 4731 4327 3856 5024 2768 3122 2793 4485 1189 1959 3449 4458 5672 1381 4215 3566 3908 4099 3697 3440 5370 1731 841 4898 4241 1110 3972 2919 3134 4508 1747 1228 2488 1359 5013 2280 2272 1255 3441 2919 1056 4981 3876 4151 2568 2162 3291 2975 1376 2216 1246 628 2208 4068 4255 1397 2414 
40 3000 2235 3496 3854 4681 2052 5178 6018 3839 5990 4934 4296 943 1687 710 5351 4464 7374 2706 4395 2179 3410 7162 3648 2902 5559 4210 4086 6452 3876 4080 4428 2338 1594 6861 2147 6592 349 2846 4785 0 7407 2567 7454 2353 1939 1367 3037 5911 4931 6560 299 4901 6431 1779 1322 5601 4799 3846 1228 5100 2895 2094 6666 4859 5836 4757 5084 570 3881 1961 7325 5403 1991 4893 5932 5605 4982 482 3944 2736 3672 6894 5562 5371 4001 3128 4568 2221 2694 1677 4067 3969 5404 4402 4255 6576 4162 2537 3388 6438 
41 3000 6112 4154 4226 5433 5685 4707 4921 3876 3738 2491 3531 7298 5929 8114 4007 5643 326 4722 3030 5333 4163 1395 4521 4930 6467 5076 6644 1072 5268 3343 3413 6007 7028 1594 5926 849 7411 4874 2873 7407 0 6480 440 6679 6441 6253 6712 4647 3686 1566 7114 3645 2846 6277 7276 6152 2664 5477 6248 4366 5838 6562 2343 6210 1624 2652 5513 6839 3983 6835 346 3293 6592 2701 1660 4522 3744 7542 3810 4683 3746 2060 5052 2041 6217 5523 4989 5277 4965 5767 4202 3451 2450 3024 3502 861 5149 6141 4126 3655 
42 3000 3852 2402 4400 5936 3218 6104 3659 4051 6490 4109 2950 3337 2941 3048 3295 1981 6561 2837 3940 1817 3601 5786 1971 3675 2993 1934 1534 5413 5076 3385 3071 626 3785 5451 887 5634 2871 1765 4616 2567 6480 0 6377 269 667 1536 547 6767 3114 5221 2487 5314 6565 3465 3663 3051 3890 1473 2584 2949 660 3999 5020 2299 4871 4145 2613 2277 4232 4024 6289 3629 576 3783 5415 6435 5459 2253 2678 2450 3376 5321 6601 4681 1439 995 2268 2865 3361 1922 2343 3306 4082 3638 4358 5623 1865 362 3480 6881 
43 3000 6277 4109 4442 5745 5809 5044 4595 4052 4118 2520 3432 7401 6032 8164 3739 5419 766 4801 3132 5338 4300 993 4406 5089 6180 4879 6443 1005 5529 3374 3307 5933 7168 1234 5873 878 7479 4833 3076 7454 440 6377 0 6588 6382 6255 6576 5024 3475 1276 7165 3940 3246 6413 7400 5859 2662 5300 6323 4112 5726 6727 1982 5960 1618 2738 5248 6883 4181 6994 161 3047 6527 2639 1912 4883 4051 7561 3735 4718 3831 1678 5410 2147 6021 5402 4765 5373 5098 5794 4062 3485 2300 3051 3700 896 4954 6047 4249 4058 
44 3000 3767 2567 4439 5919 3161 6124 3928 4118 6557 4281 3156 3157 2863 2806 3559 2245 6751 2876 4074 1848 3659 6016 2190 3673 3222 2203 1732 5616 5056 3533 3280 714 3636 5683 920 5831 2668 1897 4731 2353 6679 269 6588 0 549 1429 689 6799 3363 5446 2295 5379 6669 3363 3495 3294 4067 1742 2475 3216 903 3885 5267 2537 5063 4297 2876 2105 4287 3894 6496 3877 400 3978 5572 6467 5519 2017 2870 2520 3481 5563 6613 4847 1679 1239 2537 2848 3362 1878 2575 3449 4299 3798 4441 5820 2134 540 3546 6956 
45 3000 3218 2287 3941 5381 2613 5608 4140 3651 6083 3990 2965 2675 2314 2478 3620 2532 6488 2389 3706 1368 3187 5881 2070 3148 3628 2348 2198 5392 4517 3197 3096 492 3118 5554 517 5592 2228 1573 4327 1939 6441 667 6382 549 0 883 1202 6292 3327 5296 1835 4906 6242 2817 2997 3662 3790 1940 1931 3314 989 3344 5202 2924 4816 3963 3158 1614 3808 3361 6280 3837 186 3746 5239 5961 5041 1679 2648 2072 3072 5480 6091 4538 2069 1276 2702 2316 2838 1337 2486 3104 4128 3483 3994 5579 2290 603 3082 6492 
46 3000 2338 2191 3251 4562 1760 4850 4688 3049 5429 3761 2975 1901 1441 2039 3984 3212 6257 1776 3331 920 2581 5883 2280 2384 4401 2884 3041 5250 3699 2914 3109 1090 2269 5571 840 5417 1567 1503 3856 1367 6253 1536 6255 1429 883 0 2079 5554 3566 5283 1160 4264 5689 1934 2187 4397 3596 2563 1049 3740 1645 2463 5332 3690 4644 3650 3812 878 3168 2490 6136 4044 1036 3639 4895 5227 4383 1326 2626 1608 2631 5573 5314 4257 2859 1821 3241 1546 2088 583 2701 2808 4113 3229 3431 5402 2843 1361 2505 5854 
47 3000 4399 2749 4895 6465 3762 6610 3454 4521 6952 4419 3193 3846 3488 3459 3268 1737 6816 3337 4324 2331 4080 5920 2199 4198 2574 1876 1055 5640 5607 3750 3304 1138 4316 5583 1416 5874 3355 2181 5024 3037 6712 547 6576 689 1202 2079 0 7262 3196 5377 2984 5782 6982 4011 4182 2676 4191 1392 3129 2892 928 4543 5092 1912 5127 4494 2350 2792 4711 4563 6499 3701 1081 4043 5748 6930 5931 2682 2961 2928 3805 5407 7112 5000 1077 1203 2163 3398 3885 2466 2515 3680 4277 3979 4808 5865 1798 835 3952 7333 
48 3000 3713 4823 2367 1442 3911 733 7688 2784 909 3971 4991 5235 4286 6433 6520 7304 4367 3930 3454 4953 3192 5607 5591 3171 8567 6647 7849 4548 2061 3986 4996 6141 4624 5555 5887 4406 5695 5142 2768 5911 4647 6767 5024 6799 6292 5554 7262 0 5880 5273 5645 1616 1844 4147 4977 8365 4149 6750 4785 6654 6399 4002 6042 7983 4254 3608 7587 5516 2568 4252 4868 5901 6477 4514 3287 331 1442 6304 4925 4338 3615 5966 541 3657 7472 6259 6823 4008 3468 4989 5631 3986 4951 3982 2610 4390 6679 6431 3330 1127 
49 3000 4794 1616 3894 5731 4094 5452 1812 3333 5230 1983 965 5268 4104 5604 654 1958 3855 2996 2430 2822 3157 2734 1290 3841 2923 1406 2968 2640 5058 1958 913 2835 5346 2397 2893 2906 5091 2105 3122 4931 3686 3114 3475 3363 3327 3566 3196 5880 0 2221 4698 4271 4858 4670 5432 2648 1767 1847 4133 804 2460 5175 1906 2552 2280 2295 1914 4402 3579 5361 3423 514 3423 1425 3208 5587 4445 4856 1214 2598 2504 2213 5973 2486 2546 2123 1305 3530 3634 3343 866 1998 1285 1900 3333 2901 1483 2842 3009 5474 
50 3000 5703 3092 4095 5684 5136 5114 3355 3601 4424 1807 2335 6638 5298 7269 2462 4150 1812 4042 2541 4390 3721 601 3256 4536 4909 3628 5185 779 5284 2569 2202 4826 6506 331 4801 1018 6631 3801 2793 6560 1566 5221 1276 5446 5296 5283 5377 5273 2221 0 6285 3897 3712 5755 6694 4591 1845 4063 5513 2835 4562 6145 854 4684 1065 2152 3972 5992 3788 6393 1255 1775 5426 1673 1996 5063 4045 6608 2671 3855 3133 695 5560 1737 4766 4230 3497 4637 4472 4883 2879 2677 1174 2265 3343 1027 3705 4907 3630 4492 
51 3000 1998 3234 3562 4438 1766 4913 5844 3540 5706 4645 4037 875 1397 1000 5138 4329 7078 2408 4099 1917 3110 6887 3423 2610 5462 4038 4019 6164 3622 3791 4168 2191 1458 6588 1977 6302 407 2601 4485 299 7114 2487 7165 2295 1835 1160 2984 5645 4698 6285 0 4609 6136 1536 1237 5488 4513 3696 930 4900 2754 1900 6408 4757 5548 4463 4942 298 3585 1799 7035 5163 1912 4615 5634 5336 4693 672 3684 2449 3376 6631 5308 5077 3904 2964 4395 1921 2397 1405 3838 3680 5133 4114 3955 6286 3994 2416 3088 6152 
52 3000 2945 3234 1047 1813 2853 1236 6082 1263 1177 2404 3374 4418 3213 5519 4915 5704 3434 2519 1841 3539 1720 4321 3997 1998 6957 5043 6295 3251 1671 2371 3381 4690 3934 4206 4458 3176 4758 3618 1189 4901 3645 5314 3940 5379 4906 4264 5782 1616 4271 3897 4609 0 1558 3280 4256 6751 2562 5168 3686 5040 4888 3350 4596 6384 2836 2025 5974 4420 1100 3631 3778 4315 5093 2929 2038 1316 174 5223 3313 2864 2033 4570 1729 2183 5905 4719 5211 2760 2231 3681 4019 2373 3405 2370 1009 3157 5078 4965 1835 1591 
53 3000 4502 4269 2585 2928 4395 2098 6583 2643 949 2882 4135 5976 4747 7063 5439 6587 2550 3913 2685 4884 3109 3942 4969 3534 7743 5922 7338 2940 3110 3278 4093 5959 5490 3951 5759 2747 6303 4806 1959 6431 2846 6565 3246 6669 6242 5689 6982 1844 4858 3712 6136 1558 0 4839 5814 7491 3110 6148 5207 5663 6059 4900 4543 7259 2815 2628 6730 5931 2557 5180 3097 4736 6426 3434 1761 1791 1525 6731 4199 4169 3189 4402 2312 2384 6921 5836 6011 4246 3740 5108 4871 3328 3706 3127 2260 2732 5973 6205 3185 812 
54 3000 463 3055 2271 2903 618 3413 6169 2434 4296 3969 3803 1138 593 2291 5238 4935 6181 1741 3286 2014 2115 6337 3561 1374 6200 4466 4937 5455 2100 3191 3915 2953 756 6081 2669 5535 1548 2693 3449 1779 6277 3465 6413 3363 2817 1934 4011 4147 4670 5755 1536 3280 4839 0 1009 6147 3909 4264 888 5106 3456 552 6077 5494 4848 3685 5477 1482 2393 691 6266 5043 2966 4122 4671 3848 3334 2208 3481 2075 2625 6232 3785 4265 4708 3532 4795 1155 1314 1619 3900 3086 4705 3490 2842 5517 4447 3251 2165 4747 
55 3000 1315 3845 3267 3629 1591 4252 6788 3443 5220 4930 4631 379 1396 1551 5953 5391 7185 2651 4268 2633 3113 7284 4231 2384 6588 5013 5195 6432 2919 4124 4751 3277 354 7016 3023 6522 981 3356 4458 1322 7276 3663 7400 3495 2997 2187 4182 4977 5432 6694 1237 4256 5814 1009 0 6583 4852 4732 1306 5771 3831 975 6961 5877 5820 4664 5979 1390 3401 743 7256 5846 3101 5038 5678 4699 4297 1804 4291 2901 3586 7138 4563 5253 5041 3986 5362 2056 2311 2135 4612 4016 5609 4433 3852 6504 4981 3539 3152 5671 
56 3000 6433 3598 6167 7976 5714 7853 1370 5645 7794 4609 3397 6294 5559 6099 2161 1212 6370 4857 4938 4147 5336 4947 2839 5809 336 1772 1681 5178 7197 4381 3416 3310 6636 4644 3559 5452 5887 3556 5672 5601 6152 3051 5859 3294 3662 4397 2676 8365 2648 4591 5488 6751 7491 6147 6583 0 4381 1882 5352 1853 2752 6700 3935 764 4902 4885 777 5244 5886 6796 5846 2899 3619 4060 5856 8053 6924 5305 3440 4378 4782 4275 8381 5131 1615 2618 1544 5203 5528 4536 2736 4379 3904 4426 5757 5451 1763 3071 5181 8072 
57 3000 3866 1506 2416 4178 3291 3782 3552 1870 3466 239 1060 4809 3459 5509 2385 3503 2698 2203 799 2678 1905 2431 2011 2716 4633 2847 4341 1657 3630 732 995 3374 4660 2172 3274 1822 4839 2218 1381 4799 2664 3890 2662 4067 3790 3596 4191 4149 1767 1845 4513 2562 3110 3909 4852 4381 0 3133 3699 2567 3277 4305 2262 4165 1048 540 3620 4228 2092 4550 2540 1753 3948 366 1581 3869 2734 4899 1230 2063 1290 2359 4289 820 3912 2988 2907 2796 2632 3133 1812 843 905 419 1725 1807 2904 3538 1801 3707 
58 3000 4553 1934 4451 6209 3836 6176 2203 3971 6287 3372 2075 4463 3676 4417 1875 670 5614 3035 3471 2266 3605 4582 1183 3987 1960 483 1208 4409 5398 2878 2157 1508 4767 4245 1724 4660 4102 1714 4215 3846 5477 1473 5300 1742 1940 2563 1392 6750 1847 4063 3696 5168 6148 4264 4732 1882 3133 0 3480 1504 954 4817 3717 1282 3954 3539 1249 3433 4199 4917 5236 2337 1954 2909 4713 6426 5334 3618 1951 2557 3137 4040 6701 3952 779 746 795 3335 3693 2656 1325 2842 3027 3026 4159 4653 407 1340 3455 6619 
59 3000 1313 2564 2638 3658 873 4058 5490 2610 4797 3809 3361 1145 498 1900 4647 4147 6196 1526 3219 1327 2187 6111 2925 1690 5384 3731 4074 5331 2811 2967 3486 2096 1289 5827 1819 5451 1166 2050 3566 1228 6248 2584 6323 2475 1931 1049 3129 4785 4133 5513 930 3686 5207 888 1306 5352 3699 3480 0 4466 2623 1414 5717 4674 4713 3596 4717 738 2654 1457 6188 4558 2078 3841 4733 4468 3775 1541 3015 1662 2501 5913 4481 4206 3866 2735 4075 998 1467 837 3307 2856 4391 3287 3027 5435 3703 2387 2173 5241 
60 3000 5288 2138 4595 6434 4567 6201 1102 4042 6023 2786 1675 5563 4519 5732 398 1354 4563 3531 3199 3140 3815 3274 1548 4434 2140 1022 2427 3356 5723 2691 1658 2832 5730 2947 2966 3628 5305 2425 3908 5100 4366 2949 4112 3216 3314 3740 2892 6654 804 2835 4900 5040 5663 5106 5771 1853 2567 1504 4466 0 2347 5635 2321 1848 3051 3090 1150 4613 4288 5795 4079 1074 3368 2229 4005 6355 5214 4950 1829 3086 3189 2660 6726 3289 2041 2038 744 4009 4196 3638 1222 2714 2052 2672 4080 3625 1097 2751 3662 6275 
61 3000 3791 1821 4038 5682 3102 5767 3150 3633 6052 3502 2307 3544 2887 3463 2674 1575 5928 2504 3396 1560 3207 5126 1319 3413 2764 1361 1523 4769 4838 2821 2425 562 3895 4791 809 4994 3158 1271 4099 2895 5838 660 5726 903 989 1645 928 6399 2460 4562 2754 4888 6059 3456 3831 2752 3277 954 2623 2347 0 4007 4364 2053 4237 3567 2189 2499 3835 4078 5640 2974 1023 3149 4825 6068 5042 2666 2052 2064 2890 4662 6278 4081 1252 336 1713 2663 3103 1839 1683 2752 3428 3053 3903 4984 1301 404 3072 6425 
62 3000 450 3559 2414 2661 1081 3278 6706 2686 4267 4343 4286 1261 1142 2482 5755 5487 6442 2203 3632 2564 2440 6717 4095 1638 6753 5014 5482 5795 1945 3606 4392 3499 622 6475 3216 5853 1803 3233 3697 2094 6562 3999 6727 3885 3344 2463 4543 4002 5175 6145 1900 3350 4900 552 975 6700 4305 4817 1414 5635 4007 0 6514 6047 5199 4032 6028 1913 2598 282 6576 5531 3487 4544 4926 3726 3375 2559 3974 2577 3015 6652 3589 4587 5258 4085 5341 1644 1673 2172 4423 3506 5134 3890 3072 5835 4997 3795 2517 4716 
63 3000 6086 3176 4655 6342 5462 5828 2628 4124 5216 2308 2372 6861 5571 7363 1924 3675 2620 4335 3044 4491 4160 1018 3132 4963 4265 3247 4745 1630 5866 2913 2241 4714 6810 750 4740 1873 6780 3828 3440 6666 2343 5020 1982 5267 5202 5332 5092 6042 1906 854 6408 4596 4543 6077 6961 3935 2262 3717 5717 2321 4364 6514 0 4133 1788 2694 3393 6111 4335 6743 2006 1393 5309 1976 2801 5814 4753 6652 2724 4064 3520 342 6296 2413 4348 4027 3046 4927 4851 5007 2715 3010 1382 2654 3927 1882 3326 4741 4047 5311 
64 3000 5805 3162 5714 7486 5096 7430 1820 5218 7475 4402 3123 5577 4914 5343 2229 681 6397 4317 4625 3524 4870 5111 2392 5269 711 1346 934 5184 6680 4042 3171 2599 5948 4789 2862 5453 5152 2996 5370 4859 6210 2299 5960 2537 2924 3690 1912 7983 2552 4684 4757 6384 7259 5494 5877 764 4165 1282 4674 1848 2053 6047 4133 0 4828 4630 749 4522 5451 6128 5927 2918 2871 3881 5708 7663 6554 4551 3091 3839 4369 4475 7956 4958 859 1968 1266 4608 4975 3875 2395 4022 3837 4139 5377 5449 1307 2344 4718 7784 
65 3000 4751 2529 3053 4619 4236 4059 3843 2583 3433 904 1934 5803 4439 6546 2755 4209 1690 3196 1568 3726 2759 1555 2928 3568 5191 3594 5149 617 4230 1756 1825 4385 5605 1385 4302 777 5865 3250 1731 5836 1624 4871 1618 5063 4816 4644 5127 4254 2280 1065 5548 2836 2815 4848 5820 4902 1048 3954 4713 3051 4237 5199 1788 4828 0 1167 4190 5265 2755 5458 1493 2018 4969 1087 1054 4029 2987 5946 2194 3100 2235 1734 4515 674 4718 3929 3567 3777 3541 4176 2643 1867 999 1433 2297 763 3662 4527 2688 3552 
66 3000 3585 1747 1964 3674 3076 3249 4090 1450 2934 392 1507 4662 3294 5463 2922 3959 2620 2070 400 2736 1592 2699 2375 2403 5126 3295 4739 1770 3173 766 1471 3587 4442 2484 3448 1861 4759 2403 841 4757 2652 4145 2738 4297 3963 3650 4494 3608 2295 2152 4463 2025 2628 3685 4664 4885 540 3539 3596 3090 3567 4032 2694 4630 1167 0 4116 4191 1648 4291 2598 2293 4132 906 1277 3329 2196 4910 1589 2051 1095 2743 3754 614 4317 3305 3386 2635 2375 3135 2244 859 1398 518 1235 1844 3346 3785 1522 3188 
67 3000 5740 2830 5397 7212 5016 7077 1134 4871 7019 3850 2623 5712 4885 5633 1509 631 5713 4117 4162 3464 4570 4380 2080 5066 1013 1029 1552 4507 6441 3603 2646 2750 6006 4062 2973 4779 5347 2836 4898 5084 5513 2613 5248 2876 3158 3812 2350 7587 1914 3972 4942 5974 6730 5477 5979 777 3620 1249 4717 1150 2189 6028 3393 749 4190 4116 0 4681 5113 6141 5221 2224 3148 3307 5117 7276 6146 4834 2663 3640 4008 3735 7606 4383 1292 1994 769 4491 4791 3886 1959 3601 3192 3652 4980 4776 1035 2554 4415 7301 
68 3000 1942 2937 3372 4356 1608 4787 5567 3315 5535 4364 3739 1060 1233 1281 4846 4074 6809 2149 3832 1620 2875 6594 3128 2426 5230 3763 3811 5881 3521 3509 3870 1937 1553 6294 1709 6023 693 2304 4241 570 6839 2277 6883 2105 1614 878 2792 5516 4402 5992 298 4420 5931 1482 1390 5244 4228 3433 738 4613 2499 1913 6111 4522 5265 4191 4681 0 3374 1855 6755 4865 1711 4323 5375 5202 4511 803 3386 2165 3109 6334 5201 4805 3675 2695 4119 1692 2192 1110 3542 3398 4839 3832 3728 6007 3721 2177 2844 5979 
69 3000 2154 2294 325 2152 1876 1978 5374 246 2275 2027 2622 3504 2208 4530 4233 4777 3849 1420 1294 2443 631 4310 3063 1022 6063 4133 5281 3306 1538 1623 2665 3606 3114 4118 3367 3323 3773 2574 1110 3881 3983 4232 4181 4287 3808 3168 4711 2568 3579 3788 3585 1100 2557 2393 3401 5886 2092 4199 2654 4288 3835 2598 4335 5451 2755 1648 5113 3374 0 2877 4025 3738 3995 2429 2333 2239 1232 4173 2473 1784 1107 4391 2505 2093 4908 3691 4343 1689 1187 2584 3161 1581 2997 1758 481 3304 4158 3887 762 2690 
70 3000 723 3746 2696 2889 1285 3533 6854 2960 4539 4594 4489 1072 1275 2285 5929 5586 6718 2416 3890 2688 2701 6968 4248 1906 6837 5137 5528 6056 2203 3843 4599 3553 393 6721 3276 6119 1647 3377 3972 1961 6835 4024 6994 3894 3361 2490 4563 4252 5361 6393 1799 3631 5180 691 743 6796 4550 4917 1457 5795 4078 282 6743 6128 5458 4291 6141 1855 2877 0 6844 5731 3493 4778 5201 3982 3655 2438 4170 2765 3260 6889 3827 4851 5323 4178 5471 1839 1921 2260 4591 3741 5367 4132 3349 6101 5116 3842 2771 4987 
71 3000 6126 4001 4284 5583 5664 4884 4599 3898 3963 2390 3339 7260 5891 8034 3713 5374 661 4664 2989 5218 4153 1049 4320 4938 6164 4823 6389 889 5368 3246 3217 5835 7021 1255 5769 736 7345 4725 2919 7325 346 6289 161 6496 6280 6136 6499 4868 3423 1255 7035 3778 3097 6266 7256 5846 2540 5236 6188 4079 5640 6576 2006 5927 1493 2598 5221 6755 4025 6844 0 3009 6427 2533 1750 4725 3889 7439 3636 4590 3692 1716 5252 2002 5965 5319 4720 5233 4952 5669 3984 3356 2222 2923 3544 753 4898 5955 4103 3909 
72 3000 5133 2001 4061 5877 4451 5528 1847 3497 5194 1933 1245 5699 4492 6084 740 2375 3488 3331 2505 3265 3384 2254 1784 4118 3200 1879 3418 2284 5255 2126 1147 3345 5740 1919 3394 2557 5550 2561 3134 5403 3293 3629 3047 3877 3837 4044 3701 5901 514 1775 5163 4315 4736 5043 5846 2899 1753 2337 4558 1074 2974 5531 1393 2918 2018 2293 2224 4865 3738 5731 3009 0 3935 1387 3021 5622 4488 5346 1562 2969 2717 1706 6040 2353 3006 2638 1724 3891 3938 3788 1359 2188 1037 1991 3436 2555 1957 3356 3244 5401 
73 3000 3375 2443 4128 5559 2782 5792 4158 3838 6270 4151 3102 2768 2476 2489 3687 2518 6645 2575 3881 1554 3373 6008 2184 3330 3568 2383 2106 5540 4695 3366 3231 600 3237 5678 684 5743 2294 1736 4508 1991 6592 576 6527 400 186 1036 1081 6477 3423 5426 1912 5093 6426 2966 3101 3619 3948 1954 2078 3368 1023 3487 5309 2871 4969 4132 3148 1711 3995 3493 6427 3935 0 3894 5409 6146 5227 1690 2791 2257 3252 5592 6273 4703 2012 1334 2732 2497 3021 1515 2594 3275 4262 3649 4179 5731 2321 619 3268 6678 
74 3000 4112 1470 2754 4533 3504 4148 3194 2200 3823 560 852 4970 3641 5602 2029 3231 2778 2389 1148 2732 2189 2274 1844 2987 4321 2587 4114 1646 3967 938 753 3306 4865 1985 3235 1853 4958 2194 1747 4893 2701 3783 2639 3978 3746 3639 4043 4514 1425 1673 4615 2929 3434 4122 5038 4060 366 2909 3841 2229 3149 4544 1976 3881 1087 906 3307 4323 2429 4778 2533 1387 3894 0 1828 4235 3101 4958 1108 2181 1543 2111 4656 1079 3683 2843 2616 2985 2876 3216 1585 1037 595 685 2080 1841 2649 3440 2072 4053 
75 3000 4478 3013 2566 3850 4097 3192 4864 2244 2427 1343 2638 5731 4371 6627 3744 5059 1516 3226 1564 3991 2576 2328 3587 3306 6129 4412 5921 1262 3619 2043 2563 4863 5415 2269 4725 1146 5899 3680 1228 5932 1660 5415 1912 5572 5239 4895 5748 3287 3208 1996 5634 2038 1761 4671 5678 5856 1581 4713 4733 4005 4825 4926 2801 5708 1054 1277 5117 5375 2333 5201 1750 3021 5409 1828 0 3093 2159 6123 2801 3287 2275 2691 3604 761 5492 4550 4442 3740 3373 4360 3390 2134 1983 1776 1854 1127 4473 5056 2564 2511 
76 3000 3421 4501 2035 1253 3594 451 7398 2457 845 3699 4687 4947 3970 6138 6230 6984 4255 3598 3157 4621 2861 5421 5271 2844 8251 6329 7520 4355 1780 3679 4697 5809 4348 5353 5555 4228 5396 4813 2488 5605 4522 6435 4883 6467 5961 5227 6930 331 5587 5063 5336 1316 1791 3848 4699 8053 3869 6426 4468 6355 6068 3726 5814 7663 4029 3329 7276 5202 2239 3982 4725 5622 6146 4235 3093 0 1141 5993 4613 4007 3294 5752 530 3414 7145 5930 6510 3681 3139 4660 5318 3675 4689 3686 2295 4211 6360 6099 3000 1180 
77 3000 2982 3400 1143 1694 2931 1075 6256 1410 1046 2573 3548 4472 3295 5589 5089 5873 3523 2652 2015 3675 1860 4458 4165 2085 7129 5213 6456 3386 1628 2544 3556 4834 3969 4351 4599 3302 4829 3772 1359 4982 3744 5459 4051 5519 5041 4383 5931 1442 4445 4045 4693 174 1525 3334 4297 6924 2734 5334 3775 5214 5042 3375 4753 6554 2987 2196 6146 4511 1232 3655 3889 4488 5227 3101 2159 1141 0 5315 3485 3008 2197 4721 1560 2340 6069 4878 5383 2866 2331 3801 4191 2545 3573 2544 1176 3284 5247 5111 1980 1475 
78 3000 2670 3518 4176 5110 2406 5574 5815 4107 6338 5053 4302 1425 2032 799 5228 4205 7529 2909 4566 2226 3660 7209 3566 3230 5240 4015 3737 6556 4290 4199 4435 2129 2075 6898 1987 6713 826 2827 5013 482 7542 2253 7561 2017 1679 1326 2682 6304 4856 6608 672 5223 6731 2208 1804 5305 4899 3618 1541 4950 2666 2559 6652 4551 5946 4910 4834 803 4173 2438 7439 5346 1690 4958 6123 5993 5315 0 3952 2860 3848 6898 5975 5523 3692 2932 4371 2486 2994 1775 3991 4090 5439 4519 4516 6698 3960 2282 3620 6782 
79 3000 3586 453 2773 4610 2893 4421 2928 2228 4385 1461 352 4160 2930 4644 1838 2411 3883 1784 1535 1766 1985 3267 788 2632 3644 1744 3150 2751 3894 951 484 2199 4178 2950 2142 2961 4056 1131 2280 3944 3810 2678 3735 2870 2648 2626 2961 4925 1214 2671 3684 3313 4199 3481 4291 3440 1230 1951 3015 1829 2052 3974 2724 3091 2194 1589 2663 3386 2473 4170 3636 1562 2791 1108 2801 4613 3485 3952 0 1407 1367 2951 4949 2045 2728 1758 1898 2332 2420 2283 706 939 1497 1075 2317 2950 1787 2332 1833 4694 
