FILE: 2011EuclS.txt
100 100 0 
1 3000 0 7264 3315 2328 1525 3111 6927 1854 5311 4519 3914 4718 7757 7301 4685 6673 7083 3521 4726 3295 4442 2062 4295 2662 2084 559 3342 5750 5672 3894 6199 4696 7329 5651 2038 5826 2846 4033 2608 793 4911 5554 1544 5129 4153 5265 3737 7274 1998 4950 1858 4701 4527 5483 5869 3340 1153 5818 1870 2608 1669 6725 1732 4207 2783 3327 4560 6604 3348 3521 2548 5951 4485 6614 4956 7260 3681 1724 3807 3733 5416 6621 7302 5644 4715 4630 7073 3146 2842 5527 2227 415 5590 3216 6402 1574 2336 1072 6901 4327 
2 3000 7264 0 4226 5165 6038 5300 355 7077 4734 3297 4734 3593 839 1083 2780 594 5165 6375 2591 4228 5108 5207 2983 6252 5334 6717 3921 3599 3697 6381 1959 3588 1584 3184 8155 1906 5650 4747 5789 6486 3840 2558 7379 2502 3146 4772 6258 1117 5826 2816 8198 2752 4557 5213 1580 5311 7685 1717 6251 5638 5718 921 6141 3435 4528 5809 5022 4588 4399 5959 4749 5547 3475 3806 2895 60 3583 6382 5153 5388 3416 4915 573 2696 4023 4337 1544 4462 6837 5759 5132 7166 4547 4057 4266 6621 7319 6742 4001 3572 
3 3000 3315 4226 0 1002 2622 3130 3930 3924 4548 1204 1326 3201 4576 4062 1462 3638 6129 4352 1653 35 4092 1406 1669 2128 1232 2758 1052 4244 4230 2731 3803 3173 4038 2397 4815 3324 1554 1449 1629 2529 1798 2239 4021 2797 1174 4534 2548 4030 1604 2825 4758 2334 3761 4974 3152 3342 4086 2606 3151 1464 2226 3539 2927 896 725 3770 4127 5484 338 4033 922 5512 2812 5098 2905 4237 1167 3196 1612 1772 2199 5664 4412 3602 1669 1748 3785 241 4279 5330 1100 3109 4662 816 5160 3354 4367 3205 5423 1035 
4 3000 2328 5165 1002 0 1893 2876 4853 3177 4691 2197 1775 3538 5558 5057 2442 4572 6395 3967 2573 987 4066 726 2375 1582 262 1778 1465 4636 4598 2584 4509 3510 5041 3330 3963 4056 1198 1909 1112 1555 2626 3236 3196 3441 2029 4665 2387 5026 713 3383 3878 2966 3856 5052 3963 3123 3178 3590 2499 961 1525 4519 2253 1898 733 3453 4132 5786 1025 3719 626 5589 3181 5524 3438 5172 1753 2501 1842 1886 3104 5917 5304 4167 2449 2422 4788 818 3717 5321 306 2107 4868 1232 5494 2609 3662 2361 5845 1999 
5 3000 1525 6038 2622 1893 0 1612 5688 1304 3805 3754 3665 3213 6621 6237 3719 5463 5584 2300 3645 2591 2960 1231 3066 3075 1649 1195 2208 4228 4149 4281 4779 3193 6348 5001 2233 4445 2945 3799 2768 1096 4412 4721 1427 3738 3090 3761 4092 6216 2082 3523 2218 3349 3008 4010 4551 1856 1647 4772 630 2675 396 5620 383 3408 1917 1945 3072 5088 2804 2180 1700 4500 3007 5089 3515 6026 2524 608 3727 3748 4818 5116 6002 4175 4263 4280 6092 2553 1871 4109 1625 1697 4076 2179 4879 733 1772 704 5375 3638 
6 3000 3111 5300 3130 2876 1612 0 4945 1955 2200 3945 4423 1911 6013 5763 3633 4786 3974 1264 3387 3094 1350 2173 2634 4369 2722 2806 2219 2767 2672 5459 3685 1900 5996 5188 3025 3474 4072 4554 3958 2687 4831 4701 2365 2806 2967 2154 5262 5754 3353 2510 3138 2573 1434 2401 3722 257 2858 4432 1313 3822 1665 5118 1386 3614 2457 651 1459 3498 3429 907 2361 2900 1866 3577 2454 5274 2380 1478 4620 4713 5085 3510 5124 2964 4749 4869 5754 3188 1537 2539 2571 3310 2482 2368 3312 1710 2064 2105 3842 3941 
7 3000 6927 355 3930 4853 5688 4945 0 6722 4424 3051 4503 3250 1141 1231 2501 308 4937 6025 2283 3930 4772 4873 2639 5982 5015 6383 3584 3305 3400 6163 1667 3245 1709 3060 7800 1569 5380 4525 5511 6152 3660 2392 7025 2150 2828 4460 6032 1255 5523 2466 7845 2396 4221 4909 1227 4958 7335 1499 5897 5357 5371 865 5788 3164 4205 5457 4689 4341 4117 5609 4422 5258 3124 3569 2546 337 3246 6029 4924 5158 3272 4665 579 2379 3832 4147 1616 4168 6482 5454 4810 6837 4249 3728 4011 6267 6963 6393 3783 3325 
8 3000 1854 7077 3924 3177 1304 1955 6722 0 3970 5038 4953 3859 7723 7387 4951 6525 5658 1804 4831 3892 3055 2535 4179 4175 2924 1927 3418 4704 4604 5418 5600 3846 7539 6293 1087 5342 4147 5086 3946 1986 5716 5980 455 4646 4300 3916 5238 7370 3251 4379 1182 4328 3323 4014 5528 2088 1038 5952 841 3877 1699 6755 1016 4690 3213 1833 3189 5284 4108 1938 3002 4411 3769 5476 4341 7058 3708 744 4988 4988 6116 5229 6968 4904 5568 5581 7286 3857 1025 3935 2921 2228 4287 3430 5154 571 518 918 5719 4933 
9 3000 5311 4734 4548 4691 3805 2200 4424 3970 0 4887 5857 1484 5564 5549 4330 4402 1780 2371 3940 4517 915 4094 3245 6270 4615 4992 3496 1179 1067 7204 2781 1507 5930 5928 4933 2887 5857 5971 5802 4855 5877 5260 4419 2562 3817 58 7010 5557 5300 2269 5101 2720 841 505 3321 1975 4967 4621 3485 5645 3802 4949 3583 4639 4068 2137 781 1316 4886 2074 4079 994 1852 1615 2152 4688 3437 3648 6160 6310 5930 1311 4345 2046 5876 6089 5738 4699 3160 1035 4415 5502 331 3739 1201 3862 3883 4293 1797 5002 
10 3000 4519 3297 1204 2197 3754 3945 3051 5038 4887 0 1462 3417 3510 2950 671 2743 6252 5208 1082 1226 4640 2577 1645 2976 2434 3962 1733 4295 4314 3131 3399 3391 2871 1265 5976 2912 2376 1500 2540 3733 991 1039 5175 2614 1075 4887 2991 2915 2724 2777 5932 2254 4205 5364 2596 4114 5274 1585 4230 2402 3360 2498 4024 348 1842 4597 4641 5585 1220 4845 2071 5881 3036 5052 2886 3320 1582 4296 1883 2114 1139 5820 3594 3454 1024 1295 2624 1381 5270 5799 2303 4303 4922 1637 5236 4477 5450 4375 5368 274 
11 3000 3914 4734 1326 1775 3665 4423 4503 4953 5857 1462 0 4472 4862 4263 2097 4195 7394 5614 2466 1360 5418 2454 2800 1717 2031 3412 2370 5473 5470 1669 4793 4444 4082 1988 5711 4302 1190 135 1419 3218 1136 2267 4960 3899 2210 5846 1530 4223 1917 3992 5608 3472 5081 6292 4026 4644 4893 3016 4259 1352 3288 3892 4017 1457 1966 5051 5453 6738 1001 5317 2091 6829 4079 6295 4087 4761 2430 4270 421 654 1705 6937 5053 4736 908 731 3857 1234 5454 6655 2042 3597 5956 2142 6405 4385 5436 4125 6618 1195 
12 3000 4718 3593 3201 3538 3213 1911 3250 3859 1484 3417 4472 0 4378 4259 2847 3158 2928 2810 2456 3173 1536 3070 1771 5107 3524 4285 2174 1102 1060 5919 1804 28 4592 4444 4935 1689 4630 4577 4614 4100 4408 3783 4251 1165 2356 1491 5731 4260 4213 843 5041 1241 988 1978 2044 1837 4703 3188 3140 4448 3061 3629 3133 3184 2841 2287 1470 2284 3539 2399 2912 2475 392 1995 736 3556 2044 3301 4804 4973 4446 2465 3323 1056 4418 4644 4380 3381 3374 2463 3302 4806 1506 2430 1969 3547 3968 3852 2312 3546 
13 3000 7757 839 4576 5558 6621 6013 1141 7723 5564 3510 4862 4378 0 632 3116 1231 5993 7129 3030 4584 5906 5695 3558 6482 5752 7201 4443 4436 4532 6450 2795 4372 1046 3080 8787 2707 5885 4852 6050 6967 3849 2597 7998 3252 3603 5600 6347 677 6177 3574 8815 3440 5354 6046 2337 6043 8266 1970 6886 5910 6279 1038 6757 3718 4980 6550 5825 5423 4696 6713 5211 6385 4229 4639 3662 893 4111 7009 5268 5502 3348 5752 1350 3520 4057 4360 1141 4799 7550 6591 5566 7622 5383 4543 5104 7241 7995 7320 4826 3777 
14 3000 7301 1083 4062 5057 6237 5763 1231 7387 5549 2950 4263 4259 632 0 2621 1157 6162 6929 2598 4073 5796 5248 3208 5907 5263 6742 4034 4474 4560 5833 2858 4248 502 2450 8435 2662 5313 4247 5487 6508 3229 1996 7637 3098 3166 5580 5735 45 5651 3425 8448 3203 5247 6045 2234 5819 7871 1483 6546 5352 5880 646 6401 3183 4518 6333 5727 5558 4156 6515 4753 6425 4059 4793 3525 1143 3712 6660 4664 4896 2720 5879 1656 3511 3441 3740 521 4277 7290 6584 5088 7144 5401 4107 5223 6885 7690 6928 5013 3210 
15 3000 4685 2780 1462 2442 3719 3633 2501 4951 4330 671 2097 2847 3116 2621 0 2200 5625 4892 420 1468 4168 2647 1104 3481 2643 4126 1534 3666 3692 3763 2728 2823 2653 1619 5950 2241 2880 2149 3011 3892 1615 1068 5144 1965 670 4335 3613 2592 3066 2152 5934 1638 3698 4819 1933 3770 5317 1148 4118 2858 3340 2078 3937 670 1906 4274 4154 4956 1618 4507 2143 5323 2482 4401 2265 2795 1274 4207 2513 2739 1599 5202 3016 2798 1682 1963 2396 1691 5053 5278 2467 4522 4339 1540 4605 4412 5321 4386 4714 910 
16 3000 6673 594 3638 4572 5463 4786 308 6525 4402 2743 4195 3158 1231 1157 2200 0 5024 5898 1998 3639 4692 4614 2400 5680 4739 6125 3331 3316 3404 5854 1703 3151 1593 2770 7597 1516 5078 4216 5212 5893 3356 2091 6816 2022 2551 4434 5724 1171 5235 2346 7635 2217 4141 4894 1113 4813 7110 1191 5694 5058 5137 655 5576 2862 3934 5318 4616 4411 3818 5481 4155 5269 2998 3654 2436 600 2993 5822 4616 4850 2977 4729 878 2358 3526 3840 1460 3874 6324 5436 4537 6572 4247 3464 4072 6058 6782 6166 3887 3018 
17 3000 7083 5165 6129 6395 5584 3974 4937 5658 1780 6252 7394 2928 5993 6162 5625 5024 0 3931 5208 6100 2647 5835 4633 7976 6341 6772 5096 1959 1939 8841 3336 2956 6618 7123 6550 3670 7530 7496 7495 6635 7235 6402 6113 3673 5233 1822 8651 6183 7031 3475 6740 3998 2605 1644 4130 3743 6680 5607 5241 7333 5581 5660 5352 6059 5732 3838 2525 669 6467 3721 5772 1333 3318 1370 3365 5108 4971 5401 7731 7901 7182 478 4650 2884 7274 7521 6477 6306 4760 1850 6132 7281 1540 5350 1023 5606 5501 6053 1170 6414 
18 3000 3521 6375 4352 3967 2300 1264 6025 1804 2371 5208 5614 2810 7129 6929 4892 5898 3931 0 4633 4316 1506 3241 3871 5342 3773 3404 3478 3340 3227 6507 4605 2809 7192 6452 2619 4488 5132 5747 4986 3363 6083 5959 2254 3878 4229 2313 6313 6923 4328 3560 2813 3726 1959 2299 4799 1131 2841 5650 1717 4869 2536 6284 1935 4875 3653 618 1639 3637 4634 416 3525 2640 2902 3974 3480 6343 3644 1831 5776 5846 6347 3533 6132 3835 5993 6099 6956 4387 831 2148 3662 3831 2702 3617 3571 1947 1572 2452 4168 5198 
19 3000 4726 2591 1653 2573 3645 3387 2283 4831 3940 1082 2466 2456 3030 2598 420 1998 5208 4633 0 1651 3822 2664 770 3750 2745 4171 1438 3249 3277 4120 2332 2433 2709 1988 5859 1841 3156 2529 3264 3937 2036 1360 5057 1544 573 3948 3963 2575 3239 1738 5861 1231 3336 4434 1566 3503 5274 1126 3990 3103 3283 2001 3828 1010 1953 4014 3801 4539 1871 4237 2182 4931 2102 3981 1852 2598 1125 4093 2875 3095 1996 4788 2758 2378 2100 2377 2455 1894 4852 4903 2549 4598 3938 1514 4187 4310 5171 4332 4294 1302 
20 3000 3295 4228 35 987 2591 3094 3930 3892 4517 1226 1360 3173 4584 4073 1468 3639 6100 4316 1651 0 4058 1377 1651 2140 1213 2738 1020 4218 4204 2756 3788 3145 4054 2424 4786 3310 1569 1483 1639 2508 1831 2259 3992 2779 1164 4502 2572 4042 1600 2803 4730 2314 3728 4941 3143 3306 4060 2614 3118 1473 2195 3547 2894 913 691 3734 4094 5456 369 3997 890 5480 2784 5073 2882 4239 1142 3164 1643 1801 2229 5635 4410 3581 1703 1783 3800 249 4244 5296 1077 3092 4632 783 5133 3323 4335 3177 5398 1061 
21 3000 4442 5108 4092 4066 2960 1350 4772 3055 915 4640 5418 1536 5906 5796 4168 4692 2647 1506 3822 4058 0 3411 3065 5617 3952 4156 3060 1843 1728 6634 3230 1547 6123 5787 4024 3202 5259 5541 5174 4036 5606 5181 3504 2699 3571 861 6438 5797 4617 2374 4188 2696 551 1051 3578 1105 4055 4680 2593 5027 3004 5164 2709 4350 3518 1222 136 2229 4421 1173 3485 1559 1776 2478 2271 5068 3086 2754 5678 5803 5745 2196 4796 2452 5570 5747 5907 4207 2262 1256 3772 4656 1236 3277 2107 2961 2976 3406 2690 4708 
22 3000 2062 5207 1406 726 1231 2173 4873 2535 4094 2577 2454 3070 5695 5248 2647 4614 5835 3241 2664 1377 3411 0 2258 2208 549 1511 1293 4170 4119 3290 4280 3044 5300 3801 3409 3865 1904 2589 1784 1279 3184 3582 2615 3195 2091 4063 3094 5223 1209 3073 3356 2738 3253 4423 3855 2425 2698 3765 1805 1650 841 4665 1566 2241 747 2734 3487 5252 1572 2999 510 4955 2749 5064 3106 5205 1631 1826 2558 2610 3605 5356 5267 3831 3032 3051 5044 1322 3005 4659 424 1968 4297 1153 4980 1963 2999 1801 5378 2436 
23 3000 4295 2983 1669 2375 3066 2634 2639 4179 3245 1645 2800 1771 3558 3208 1104 2400 4633 3871 770 1651 3065 2258 0 3778 2483 3757 966 2687 2695 4367 2150 1745 3387 2723 5234 1684 3219 2891 3273 3529 2637 2127 4441 1128 600 3247 4192 3193 3085 1192 5257 675 2594 3727 1604 2740 4714 1807 3339 3104 2736 2575 3201 1426 1659 3254 3050 3969 1976 3472 1848 4239 1393 3495 1288 2975 635 3456 3171 3367 2696 4191 3010 1947 2652 2889 3140 1897 4124 4178 2262 4226 3276 1155 3627 3685 4485 3768 3818 1784 
24 3000 2662 6252 2128 1582 3075 4369 5982 4175 6270 2976 1717 5107 6482 5907 3481 5680 7976 5342 3750 2140 5617 2208 3778 0 1665 2304 2973 6200 6167 1250 5925 5080 5766 3705 4668 5449 602 1783 506 2196 2853 3922 4033 4896 3302 6243 1080 5869 1019 4883 4509 4424 5433 6620 5278 4624 3787 4556 3703 675 2806 5475 3458 2818 2268 4893 5690 7366 1879 5152 2204 7155 4742 7083 4950 6270 3208 3648 1411 1244 3423 7499 6494 5669 2625 2414 5533 1890 4938 6867 1854 2269 6449 2720 7070 3668 4693 3259 7406 2706 
25 3000 2084 5334 1232 262 1649 2722 5015 2924 4615 2434 2031 3524 5752 5263 2643 4739 6341 3773 2745 1213 3952 549 2483 1665 0 1529 1539 4625 4582 2744 4591 3496 5262 3585 3700 4150 1360 2163 1235 1303 2888 3471 2935 3513 2187 4586 2548 5234 692 3432 3615 3042 3775 4957 4084 2974 2916 3789 2263 1103 1292 4714 2016 2127 825 3278 4025 5745 1282 3543 649 5491 3181 5518 3479 5338 1850 2258 2077 2106 3361 5862 5450 4209 2712 2684 5008 1065 3490 5203 228 1883 4806 1328 5462 2358 3413 2100 5836 2246 
26 3000 559 6717 2758 1778 1195 2806 6383 1927 4992 3962 3412 4285 7201 6742 4126 6125 6772 3404 4171 2738 4156 1511 3757 2304 1529 0 2799 5343 5271 3553 5702 4262 6769 5106 2375 5316 2399 3535 2170 234 4380 4997 1734 4624 3598 4949 3383 6715 1516 4460 2235 4187 4183 5206 5341 3051 1509 5260 1690 2146 1227 6168 1496 3649 2224 3119 4266 6262 2801 3340 1991 5696 4028 6220 4474 6715 3137 1574 3336 3283 4875 6302 6767 5175 4189 4118 6513 2594 2820 5300 1668 521 5255 2664 6040 1501 2441 1019 6515 3775 
27 3000 3342 3921 1052 1465 2208 2219 3584 3418 3496 1733 2370 2174 4443 4034 1534 3331 5096 3478 1438 1020 3060 1293 966 2973 1539 2799 0 3245 3222 3745 3052 2146 4140 2991 4429 2612 2466 2489 2471 2569 2616 2580 3625 1977 884 3482 3556 4012 2177 1921 4425 1504 2711 3923 2568 2400 3837 2564 2583 2302 1846 3426 2406 1396 732 2871 3088 4458 1390 3123 893 4461 1793 4119 1980 3917 338 2675 2663 2817 2871 4627 3974 2706 2548 2698 3885 1211 3550 4287 1313 3262 3615 256 4143 2884 3788 2894 4443 1723 
28 3000 5750 3599 4244 4636 4228 2767 3305 4704 1179 4295 5473 1102 4436 4474 3666 3316 1959 3340 3249 4218 1843 4170 2687 6200 4625 5343 3245 0 116 6974 1640 1129 4885 5178 5744 1835 5710 5570 5703 5168 5276 4465 5127 1720 3287 1226 6789 4486 5315 1517 5879 2041 1405 1625 2293 2616 5624 3713 4068 5536 4115 3904 4100 4110 3931 2952 1716 1290 4577 2975 4011 1954 1458 893 1408 3549 3076 4233 5825 6006 5228 1545 3182 987 5317 5569 4712 4438 4048 2171 4404 5865 951 3502 941 4471 4722 4828 1210 4462 
29 3000 5672 3697 4230 4598 4149 2672 3400 4604 1067 4314 5470 1060 4532 4560 3692 3404 1939 3227 3277 4204 1728 4119 2695 6167 4582 5271 3222 116 0 6958 1737 1088 4967 5218 5641 1913 5684 5569 5672 5099 5298 4510 5030 1759 3295 1114 6772 4572 5272 1540 5778 2060 1298 1520 2368 2516 5531 3773 3977 5506 4044 3985 4013 4120 3899 2845 1601 1273 4565 2865 3972 1864 1429 951 1428 3648 3064 4142 5819 5997 5262 1510 3287 1060 5335 5582 4791 4420 3940 2067 4361 5793 850 3478 934 4379 4616 4742 1259 4475 
30 3000 3894 6381 2731 2584 4281 5459 6163 5418 7204 3131 1669 5919 6450 5833 3763 5854 8841 6507 4120 2756 6634 3290 4367 1250 2744 3553 3745 6974 6958 0 6432 5891 5592 3424 5913 5942 1386 1638 1522 3444 2604 3861 5283 5491 3805 7183 196 5791 2199 5546 5749 5042 6384 7594 5685 5707 5030 4668 4912 1641 3983 5517 4664 3111 3136 6022 6693 8203 2402 6287 3149 8134 5534 7829 5631 6411 3898 4868 1250 1024 3138 8371 6718 6314 2393 2093 5389 2538 6152 7891 2887 3492 7347 3491 7885 4901 5935 4505 8154 2865 
31 3000 6199 1959 3803 4509 4779 3685 1667 5600 2781 3399 4793 1804 2795 2858 2728 1703 3336 4605 2332 3788 3230 4280 2150 5925 4591 5702 3052 1640 1737 6432 0 1808 3294 3973 6686 490 5358 4859 5421 5489 4289 3232 5965 1085 2645 2820 6268 2874 5221 1255 6772 1549 2692 3254 860 3634 6368 2349 4830 5252 4540 2326 4779 3336 3779 4091 3131 2711 4089 4199 3943 3591 1830 1971 1269 1910 2756 4982 5196 5411 4092 3027 1574 779 4390 4683 3143 4037 5175 3801 4364 6205 2588 3277 2369 5230 5749 5465 2228 3633 
32 3000 4696 3588 3173 3510 3193 1900 3245 3846 1507 3391 4444 28 4372 4248 2823 3151 2956 2809 2433 3145 1547 3044 1745 5080 3496 4262 2146 1129 1088 5891 1808 0 4579 4421 4923 1686 4602 4549 4586 4077 4383 3761 4237 1153 2329 1514 5703 4250 4186 829 5028 1220 999 2001 2037 1829 4687 3171 3124 4420 3038 3618 3115 3158 2813 2283 1482 2312 3510 2398 2884 2499 364 2022 724 3552 2016 3284 4776 4945 4422 2494 3323 1065 4392 4617 4367 3353 3367 2484 3275 4783 1533 2402 1998 3531 3958 3833 2339 3520 
33 3000 7329 1584 4038 5041 6348 5996 1709 7539 5930 2871 4082 4592 1046 502 2653 1593 6618 7192 2709 4054 6123 5300 3387 5766 5262 6769 4140 4885 4967 5592 3294 4579 0 2170 8568 3056 5184 4051 5372 6536 2997 1852 7765 3426 3257 5958 5508 467 5596 3750 8566 3474 5579 6430 2609 6070 7964 1587 6698 5247 5978 982 6538 3144 4557 6586 6062 6004 4092 6780 4795 6829 4362 5248 3856 1644 3834 6802 4467 4695 2454 6321 2157 3909 3218 3503 256 4239 7507 6965 5103 7145 5799 4183 5664 7019 7868 7027 5477 3113 
34 3000 5651 3184 2397 3330 5001 5188 3060 6293 5928 1265 1988 4444 3080 2450 1619 2770 7123 6452 1988 2424 5787 3801 2723 3705 3585 5106 2991 5178 5218 3424 3973 4421 2170 0 7210 3530 3158 1934 3372 4885 856 740 6413 3459 2241 5935 3345 2406 3736 3697 7155 3210 5316 6422 3112 5345 6480 1660 5491 3274 4605 2265 5281 1613 3083 5837 5774 6456 2305 6080 3304 6917 4090 5833 3814 3227 2808 5554 2340 2559 288 6723 3639 4243 1085 1345 1977 2522 6534 6890 3487 5394 5916 2903 6100 5728 6712 5602 6130 1364 
35 3000 2038 8155 4815 3963 2233 3025 7800 1087 4933 5976 5711 4935 8787 8435 5950 7597 6550 2619 5859 4786 4024 3409 5234 4668 3700 2375 4429 5744 5641 5913 6686 4923 8568 7210 0 6429 4767 5840 4542 2526 6575 6953 805 5732 5314 4877 5748 8417 3871 5466 250 5409 4347 4913 6612 3135 885 6985 1903 4508 2620 7808 2034 5633 4134 2813 4160 6232 4955 2860 3907 5255 4855 6485 5428 8137 4734 1778 5682 5645 7014 6145 8054 5984 6408 6384 8313 4715 1790 4754 3749 2452 5259 4412 6131 1550 1052 1611 6712 5845 
36 3000 5826 1906 3324 4056 4445 3474 1569 5342 2887 2912 4302 1689 2707 2662 2241 1516 3670 4488 1841 3310 3202 3865 1684 5449 4150 5316 2612 1835 1913 5942 490 1686 3056 3530 6429 0 4878 4369 4946 5098 3812 2791 5686 707 2160 2919 5778 2671 4768 966 6501 1129 2651 3383 462 3456 6060 1943 4547 4778 4182 2073 4476 2845 3331 3939 3119 3022 3605 4074 3505 3773 1611 2330 1021 1868 2304 4693 4706 4921 3636 3322 1652 853 3908 4199 2878 3559 4996 3922 3925 5810 2743 2827 2669 4939 5529 5141 2613 3143 
37 3000 2846 5650 1554 1198 2945 4072 5380 4147 5857 2376 1190 4630 5885 5313 2880 5078 7530 5132 3156 1569 5259 1904 3219 602 1360 2399 2466 5710 5684 1386 5358 4602 5184 3158 4767 4878 0 1279 242 2241 2316 3335 4070 4344 2722 5834 1190 5276 901 4350 4634 3876 5029 6233 4693 4320 3908 3955 3574 271 2623 4875 3325 2216 1797 4638 5321 6906 1286 4903 1781 6772 4254 6585 4423 5668 2673 3545 975 887 2881 7056 5894 5134 2092 1915 4948 1322 4814 6515 1500 2492 6017 2209 6599 3605 4657 3255 6909 2108 
38 3000 4033 4747 1449 1909 3799 4554 4525 5086 5971 1500 135 4577 4852 4247 2149 4216 7496 5747 2529 1483 5541 2589 2891 1783 2163 3535 2489 5570 5569 1638 4859 4549 4051 1934 5840 4369 1279 0 1514 3343 1078 2255 5091 3981 2297 5960 1510 4207 2034 4082 5735 3560 5199 6408 4082 4774 5019 3032 4393 1456 3422 3895 4151 1524 2098 5183 5574 6839 1128 5449 2225 6945 4185 6386 4179 4776 2539 4405 416 649 1648 7041 5080 4821 849 636 3831 1365 5589 6776 2177 3711 6065 2264 6504 4518 5570 4256 6709 1240 
39 3000 2608 5789 1629 1112 2768 3958 5511 3946 5802 2540 1419 4614 6050 5487 3011 5212 7495 4986 3264 1639 5174 1784 3273 506 1235 2170 2471 5703 5672 1522 5421 4586 5372 3372 4542 4946 242 1514 0 2019 2538 3520 3855 4389 2803 5776 1329 5451 694 4378 4405 3918 4968 6164 4781 4209 3679 4106 3398 169 2461 5032 3150 2355 1772 4507 5242 6879 1396 4770 1724 6701 4245 6584 4445 5806 2702 3362 1217 1124 3098 7019 6015 5164 2315 2148 5133 1390 4639 6428 1401 2251 5973 2216 6579 3411 4458 3046 6908 2276 
40 3000 793 6486 2529 1555 1096 2687 6152 1986 4855 3733 3218 4100 6967 6508 3892 5893 6635 3363 3937 2508 4036 1279 3529 2196 1303 234 2569 5168 5099 3444 5489 4077 6536 4885 2526 5098 2241 3343 2019 0 4167 4766 1843 4409 3364 4814 3269 6481 1345 4252 2401 3969 4038 5088 5116 2937 1679 5025 1647 1981 1061 5934 1432 3418 1990 3040 4143 6113 2580 3271 1756 5585 3834 6049 4268 6484 2907 1549 3160 3118 4657 6163 6540 4974 3980 3917 6280 2369 2825 5203 1436 716 5111 2431 5883 1512 2504 1067 6348 3549 
41 3000 4911 3840 1798 2626 4412 4831 3660 5716 5877 991 1136 4408 3849 3229 1615 3356 7235 6083 2036 1831 5606 3184 2637 2853 2888 4380 2616 5276 5298 2604 4289 4383 2997 856 6575 3812 2316 1078 2538 4167 0 1283 5792 3580 2061 5877 2512 3187 2951 3760 6500 3239 5184 6352 3450 5017 5805 2170 4949 2450 4017 2946 4724 1256 2522 5482 5613 6567 1619 5737 2718 6871 4027 6016 3870 3875 2524 4992 1484 1706 570 6807 4234 4413 228 510 2787 1863 6066 6781 2826 4629 5913 2466 6217 5145 6165 4964 6328 900 
42 3000 5554 2558 2239 3236 4721 4701 2392 5980 5260 1039 2267 3783 2597 1996 1068 2091 6402 5959 1360 2259 5181 3582 2127 3922 3471 4997 2580 4465 4510 3861 3232 3761 1852 740 6953 2791 3335 2255 3520 4766 1283 0 6148 2752 1738 5271 3753 1956 3756 3006 6922 2541 4689 5760 2371 4834 6279 935 5154 3395 4333 1664 4963 1349 2837 5340 5158 5737 2255 5571 3072 6243 3445 5102 3124 2594 2339 5235 2671 2904 894 6010 2969 3518 1474 1785 1613 2421 6117 6243 3332 5343 5231 2550 5380 5430 6365 5365 5396 1266 
43 3000 1544 7379 4021 3196 1427 2365 7025 455 4419 5175 4960 4251 7998 7637 5144 6816 6113 2254 5057 3992 3504 2615 4441 4033 2935 1734 3625 5127 5030 5283 5965 4237 7765 6413 805 5686 4070 5091 3855 1843 5792 6148 0 4984 4510 4365 5110 7619 3169 4730 819 4643 3757 4469 5849 2515 589 6183 1138 3805 1816 7013 1241 4831 3333 2284 3638 5734 4173 2394 3109 4866 4138 5912 4699 7363 3932 997 4956 4935 6221 5683 7296 5287 5630 5618 7509 3929 1456 4390 2968 1945 4734 3606 5598 758 816 835 6159 5049 
44 3000 5129 2502 2797 3441 3738 2806 2150 4646 2562 2614 3899 1165 3252 3098 1965 2022 3673 3878 1544 2779 2699 3195 1128 4896 3513 4624 1977 1720 1759 5491 1085 1153 3426 3459 5732 707 4344 3981 4389 4409 3580 2752 4984 0 1691 2582 5317 3098 4153 326 5800 474 2153 3068 922 2809 5353 2059 3845 4220 3479 2465 3770 2471 2708 3307 2636 3004 3104 3462 2864 3521 977 2438 429 2473 1695 3989 4282 4484 3509 3265 2326 842 3638 3906 3216 3022 4339 3583 3285 5124 2495 2210 2650 4235 4848 4433 2753 2807 
45 3000 4153 3146 1174 2029 3090 2967 2828 4300 3817 1075 2210 2356 3603 3166 670 2551 5233 4229 573 1164 3571 2091 600 3302 2187 3598 884 3287 3295 3805 2645 2329 3257 2241 5314 2160 2722 2297 2803 3364 2061 1738 4510 1691 0 3816 3634 3143 2713 1787 5308 1263 3129 4291 1978 3111 4711 1688 3463 2638 2722 2574 3290 829 1385 3611 3569 4569 1445 3848 1611 4810 1970 4090 1886 3150 604 3558 2591 2794 2176 4789 3276 2526 2062 2292 3001 1414 4382 4724 1985 4029 3863 942 4227 3769 4659 3772 4412 1190 
46 3000 5265 4772 4534 4665 3761 2154 4460 3916 58 4887 5846 1491 5600 5580 4335 4434 1822 2313 3948 4502 861 4063 3247 6243 4586 4949 3482 1226 1114 7183 2820 1514 5958 5935 4877 2919 5834 5960 5776 4814 5877 5271 4365 2582 3816 0 6990 5588 5270 2286 5045 2730 810 488 3350 1927 4914 4640 3436 5620 3762 4978 3536 4636 4047 2082 727 1369 4872 2018 4055 994 1854 1673 2169 4726 3428 3598 6145 6293 5935 1356 4386 2081 5873 6084 5764 4683 3103 1006 4388 5458 389 3724 1259 3811 3826 4244 1855 4999 
47 3000 3737 6258 2548 2387 4092 5262 6032 5238 7010 2991 1530 5731 6347 5735 3613 5724 8651 6313 3963 2572 6438 3094 4192 1080 2548 3383 3556 6789 6772 196 6268 5703 5508 3345 5748 5778 1190 1510 1329 3269 2512 3753 5110 5317 3634 6990 0 5693 2010 5367 5588 4866 6190 7400 5529 5510 4867 4542 4723 1446 3790 5402 4475 2956 2942 5827 6497 8015 2222 6091 2953 7939 5346 7646 5451 6286 3715 4681 1108 876 3057 8181 6583 6138 2295 2004 5299 2351 5963 7695 2691 3339 7156 3301 7698 4717 5754 4326 7971 2722 
48 3000 7274 1117 4030 5026 6216 5754 1255 7370 5557 2915 4223 4260 677 45 2592 1171 6183 6923 2575 4042 5797 5223 3193 5869 5234 6715 4012 4486 4572 5791 2874 4250 467 2406 8417 2671 5276 4207 5451 6481 3187 1956 7619 3098 3143 5588 5693 0 5618 3425 8428 3197 5248 6054 2240 5811 7850 1457 6529 5317 5858 639 6382 3150 4491 6326 5729 5577 4122 6509 4726 6437 4056 4813 3526 1177 3692 6642 4624 4856 2677 5897 1690 3521 3399 3698 477 4245 7280 6592 5060 7115 5412 4083 5240 6866 7676 6907 5035 3174 
49 3000 1998 5826 1604 713 2082 3353 5523 3251 5300 2724 1917 4213 6177 5651 3066 5235 7031 4328 3239 1600 4617 1209 3085 1019 692 1516 2177 5315 5272 2199 5221 4186 5596 3736 3871 4768 901 2034 694 1345 2951 3756 3169 4153 2713 5270 2010 5618 0 4092 3745 3679 4459 5632 4666 3609 3020 4208 2713 637 1793 5142 2465 2468 1445 3873 4695 6437 1504 4132 1314 6164 3867 6206 4145 5835 2465 2671 1820 1773 3482 6553 5988 4874 2745 2638 5348 1377 3953 5862 911 1683 5495 1945 6154 2717 3763 2355 6525 2491 
50 3000 4950 2816 2825 3383 3523 2510 2466 4379 2269 2777 3992 843 3574 3425 2152 2346 3475 3560 1738 2803 2374 3073 1192 4883 3432 4460 1921 1517 1540 5546 1255 829 3750 3697 5466 966 4350 4082 4378 4252 3760 3006 4730 326 1787 2286 5367 3425 4092 0 5542 526 1829 2774 1240 2501 5119 2357 3592 4208 3287 2791 3531 2600 2650 2994 2312 2807 3145 3143 2785 3241 658 2303 118 2785 1677 3740 4361 4554 3729 3050 2614 786 3801 4055 3537 3039 4037 3280 3203 4968 2224 2167 2458 3987 4563 4210 2626 2949 
51 3000 1858 8198 4758 3878 2218 3138 7845 1182 5101 5932 5608 5041 8815 8448 5934 7635 6740 2813 5861 4730 4188 3356 5257 4509 3615 2235 4425 5879 5778 5749 6772 5028 8566 7155 250 6501 4634 5735 4405 2401 6500 6922 819 5800 5308 5045 5588 8428 3745 5542 0 5462 4490 5099 6668 3264 726 6988 1955 4379 2594 7826 2059 5592 4091 2970 4324 6406 4883 3033 3861 5453 4943 6637 5509 8182 4738 1817 5562 5516 6952 6328 8114 6084 6327 6291 8310 4646 1982 4956 3678 2270 5424 4394 6295 1577 1240 1558 6871 5792 
52 3000 4701 2752 2334 2966 3349 2573 2396 4328 2720 2254 3472 1241 3440 3203 1638 2217 3998 3726 1231 2314 2696 2738 675 4424 3042 4187 1504 2041 2060 5042 1549 1220 3474 3210 5409 1129 3876 3560 3918 3969 3239 2541 4643 474 1263 2730 4866 3197 3679 526 5462 0 2175 3218 1206 2616 4983 1984 3508 3748 3069 2558 3412 2073 2234 3129 2655 3331 2647 3312 2394 3706 922 2827 633 2731 1221 3645 3846 4042 3227 3568 2657 1272 3276 3528 3245 2556 4109 3704 2814 4681 2707 1735 2983 3887 4568 4051 3149 2422 
53 3000 4527 4557 3761 3856 3008 1434 4221 3323 841 4205 5081 988 5354 5247 3698 4141 2605 1959 3336 3728 551 3253 2594 5433 3775 4183 2711 1405 1298 6384 2692 999 5579 5316 4347 2651 5029 5199 4968 4038 5184 4689 3757 2153 3129 810 6190 5248 4459 1829 4490 2175 0 1214 3027 1245 4277 4153 2746 4812 2979 4617 2816 3932 3248 1547 483 2080 4097 1578 3249 1754 1253 2155 1723 4518 2690 2911 5367 5509 5289 2129 4252 1913 5164 5358 5365 3899 2644 1596 3578 4698 1073 2946 1878 3140 3319 3539 2410 4293 
54 3000 5483 5213 4974 5052 4010 2401 4909 4014 505 5364 6292 1978 6046 6045 4819 4894 1644 2299 4434 4941 1051 4423 3727 6620 4957 5206 3923 1625 1520 7594 3254 2001 6430 6422 4913 3383 6233 6408 6164 5088 6352 5760 4469 3068 4291 488 7400 6054 5632 2774 5099 3218 1214 0 3821 2154 5037 5127 3624 6011 4053 5449 3751 5108 4459 2199 949 1364 5310 2076 4452 540 2337 1877 2657 5165 3886 3781 6581 6723 6419 1233 4807 2536 6344 6549 6240 5114 3122 546 4767 5705 677 4159 1382 3977 3862 4437 1986 5471 
55 3000 5869 1580 3152 3963 4551 3722 1227 5528 3321 2596 4026 2044 2337 2234 1933 1113 4130 4799 1566 3143 3578 3855 1604 5278 4084 5341 2568 2293 2368 5685 860 2037 2609 3112 6612 462 4693 4082 4781 5116 3450 2371 5849 922 1978 3350 5529 2240 4666 1240 6668 1206 3027 3821 0 3730 6188 1496 4713 4616 4259 1628 4619 2574 3258 4229 3504 3483 3408 4383 3452 4223 1897 2784 1325 1552 2239 4851 4439 4660 3235 3784 1451 1307 3563 3862 2425 3392 5257 4356 3864 5820 3191 2757 3131 5094 5751 5254 3060 2843 
56 3000 3340 5311 3342 3123 1856 257 4958 2088 1975 4114 4644 1837 6043 5819 3770 4813 3743 1131 3503 3306 1105 2425 2740 4624 2974 3051 2400 2616 2516 5707 3634 1829 6070 5345 3135 3456 4320 4774 4209 2937 5017 4834 2515 2809 3111 1927 5510 5811 3609 2501 3264 2616 1245 2154 3730 0 3031 4521 1512 4072 1921 5173 1609 3788 2682 516 1220 3283 3647 737 2596 2648 1845 3400 2434 5282 2537 1676 4851 4949 5252 3282 5108 2892 4943 5073 5832 3410 1543 2282 2819 3551 2268 2565 3112 1898 2138 2317 3655 4123 
57 3000 1153 7685 4086 3178 1647 2858 7335 1038 4967 5274 4893 4703 8266 7871 5317 7110 6680 2841 5274 4060 4055 2698 4714 3787 2916 1509 3837 5624 5531 5030 6368 4687 7964 6480 885 6060 3908 5019 3679 1679 5805 6279 589 5353 4711 4914 4867 7850 3020 5119 726 4983 4277 5037 6188 3031 0 6399 1564 3654 1991 7260 1588 4939 3442 2843 4187 6284 4193 2967 3207 5444 4556 6430 5098 7673 4161 1402 4839 4791 6269 6243 7640 5719 5627 5582 7707 3962 2045 4972 2994 1568 5277 3780 6136 1157 1381 945 6686 5121 
58 3000 5818 1717 2606 3590 4772 4432 1499 5952 4621 1585 3016 3188 1970 1483 1148 1191 5607 5650 1126 2614 4680 3765 1807 4556 3789 5260 2564 3713 3773 4668 2349 3171 1587 1660 6985 1943 3955 3032 4106 5025 2170 935 6183 2059 1688 4640 4542 1457 4208 2357 6988 1984 4153 5127 1496 4521 6399 0 5111 3961 4409 933 4953 1756 3035 5038 4635 4951 2734 5243 3270 5578 2904 4274 2473 1744 2251 5217 3436 3670 1830 5241 2067 2735 2335 2650 1336 2830 5931 5638 3609 5666 4547 2626 4596 5436 6281 5458 4555 1859 
59 3000 1870 6251 3151 2499 630 1313 5897 841 3485 4230 4259 3140 6886 6546 4118 5694 5241 1717 3990 3118 2593 1805 3339 3703 2263 1690 2583 4068 3977 4912 4830 3124 6698 5491 1903 4547 3574 4393 3398 1647 4949 5154 1138 3845 3463 3436 4723 6529 2713 3592 1955 3508 2746 3624 4713 1512 1564 5111 0 3304 973 5915 249 3881 2429 1457 2717 4795 3362 1660 2232 4082 3007 4889 3563 6234 2868 165 4339 4368 5325 4787 6159 4163 4813 4850 6445 3108 1240 3656 2217 2138 3780 2607 4621 406 1221 813 5155 4139 
60 3000 2608 5638 1464 961 2675 3822 5357 3877 5645 2402 1352 4448 5910 5352 2858 5058 7333 4869 3103 1473 5027 1650 3104 675 1103 2146 2302 5536 5506 1641 5252 4420 5247 3274 4508 4778 271 1456 169 1981 2450 3395 3805 4220 2638 5620 1446 5317 637 4208 4379 3748 4812 6011 4616 4072 3654 3961 3304 0 2355 4889 3055 2206 1607 4381 5093 6716 1240 4645 1565 6549 4078 6417 4275 5653 2532 3274 1198 1137 3004 6857 5857 4994 2231 2083 5007 1224 4543 6282 1256 2266 5813 2047 6414 3335 4386 2987 6740 2142 
61 3000 1669 5718 2226 1525 396 1665 5371 1699 3802 3360 3288 3061 6279 5880 3340 5137 5581 2536 3283 2195 3004 841 2736 2806 1292 1227 1846 4115 4044 3983 4540 3038 5978 4605 2620 4182 2623 3422 2461 1061 4017 4333 1816 3479 2722 3762 3790 5858 1793 3287 2594 3069 2979 4053 4259 1921 1991 4409 973 2355 0 5270 729 3016 1522 2107 3104 5053 2412 2359 1304 4561 2817 4993 3290 5708 2170 985 3366 3399 4422 5107 5706 3975 3870 3892 5722 2160 2198 4202 1245 1749 4052 1800 4821 1128 2157 1049 5289 3242 
62 3000 6725 921 3539 4519 5620 5118 865 6755 4949 2498 3892 3629 1038 646 2078 655 5660 6284 2001 3547 5164 4665 2575 5475 4714 6168 3426 3904 3985 5517 2326 3618 982 2265 7808 2073 4875 3895 5032 5934 2946 1664 7013 2465 2574 4978 5402 639 5142 2791 7826 2558 4617 5449 1628 5173 7260 933 5915 4889 5270 0 5774 2688 3945 5687 5099 5037 3667 5869 4177 5846 3419 4291 2894 967 3099 6031 4307 4541 2501 5351 1420 2927 3138 3449 817 3764 6646 5984 4529 6585 4817 3515 4694 6258 7051 6315 4531 2769 
63 3000 1732 6141 2927 2253 383 1386 5788 1016 3583 4024 4017 3133 6757 6401 3937 5576 5352 1935 3828 2894 2709 1566 3201 3458 2016 1496 2406 4100 4013 4664 4779 3115 6538 5281 2034 4476 3325 4151 3150 1432 4724 4963 1241 3770 3290 3536 4475 6382 2465 3531 2059 3412 2816 3751 4619 1609 1588 4953 249 3055 729 5774 0 3676 2208 1624 2828 4884 3130 1844 2005 4225 2970 4939 3509 6125 2703 272 4093 4120 5110 4891 6069 4135 4584 4615 6283 2876 1489 3814 1975 1967 3868 2413 4695 484 1440 728 5214 3925 
64 3000 4207 3435 896 1898 3408 3614 3164 4690 4639 348 1457 3184 3718 3183 670 2862 6059 4875 1010 913 4350 2241 1426 2818 2127 3649 1396 4110 4120 3111 3336 3158 3144 1613 5633 2845 2216 1524 2355 3418 1256 1349 4831 2471 829 4636 2956 3150 2468 2600 5592 2073 3932 5108 2574 3788 4939 1756 3881 2206 3016 2688 3676 0 1501 4266 4357 5394 978 4516 1732 5631 2797 4897 2703 3453 1270 3949 1865 2086 1476 5617 3685 3314 1237 1463 2891 1097 4924 5528 1983 4005 4691 1290 5050 4130 5102 4034 5217 363 
65 3000 2783 4528 725 733 1917 2457 4205 3213 4068 1842 1966 2841 4980 4518 1906 3934 5732 3653 1953 691 3518 747 1659 2268 825 2224 732 3931 3899 3136 3779 2813 4557 3083 4134 3331 1797 2098 1772 1990 2522 2837 3333 2708 1385 4047 2942 4491 1445 2650 4091 2234 3248 4459 3258 2682 3442 3035 2429 1607 1522 3945 2208 1501 0 3085 3569 5110 981 3350 237 4999 2473 4815 2707 4530 1028 2479 2173 2286 2903 5258 4630 3435 2394 2462 4301 733 3555 4772 608 2644 4221 504 4807 2646 3648 2533 5137 1721 
66 3000 3327 5809 3770 3453 1945 651 5457 1833 2137 4597 5051 2287 6550 6333 4274 5318 3838 618 4014 3734 1222 2734 3254 4893 3278 3119 2871 2952 2845 6022 4091 2283 6586 5837 2813 3939 4638 5183 4507 3040 5482 5340 2284 3307 3611 2082 5827 6326 3873 2994 2970 3129 1547 2199 4229 516 2843 5038 1457 4381 2107 5687 1624 4266 3085 0 1357 3450 4062 266 2973 2634 2335 3672 2921 5779 3029 1605 5233 5315 5736 3400 5590 3334 5398 5513 6349 3818 1103 2199 3147 3589 2457 3018 3326 1786 1774 2262 3901 4593 
67 3000 4560 5022 4127 4132 3072 1459 4689 3189 781 4641 5453 1470 5825 5727 4154 4616 2525 1639 3801 4094 136 3487 3050 5690 4025 4266 3088 1716 1601 6693 3131 1482 6062 5774 4160 3119 5321 5574 5242 4143 5613 5158 3638 2636 3569 727 6497 5729 4695 2312 4324 2655 483 949 3504 1220 4187 4635 2717 5093 3104 5099 2828 4357 3569 1357 0 2096 4459 1310 3544 1470 1733 2341 2206 4982 3099 2878 5720 5850 5738 2069 4701 2353 5583 5765 5849 4249 2399 1204 3841 4769 1100 3311 1971 3088 3113 3529 2553 4717 
68 3000 6604 4588 5484 5786 5088 3498 4341 5284 1316 5585 6738 2284 5423 5558 4956 4411 669 3637 4539 5456 2229 5252 3969 7366 5745 6262 4458 1290 1273 8203 2711 2312 6004 6456 6232 3022 6906 6839 6879 6113 6567 5737 5734 3004 4569 1369 8015 5577 6437 2807 6406 3331 2080 1364 3483 3283 6284 4951 4795 6716 5053 5037 4884 5394 5110 3450 2096 0 5820 3372 5161 1285 2671 792 2698 4532 4321 4959 7081 7254 6514 332 4093 2221 6607 6855 5854 5666 4448 1748 5532 6778 1015 4714 356 5176 5179 5600 720 5749 
69 3000 3348 4399 338 1025 2804 3429 4117 4108 4886 1220 1001 3539 4696 4156 1618 3818 6467 4634 1871 369 4421 1572 1976 1879 1282 2801 1390 4577 4565 2402 4089 3510 4092 2305 4955 3605 1286 1128 1396 2580 1619 2255 4173 3104 1445 4872 2222 4122 1504 3145 4883 2647 4097 5310 3408 3647 4193 2734 3362 1240 2412 3667 3130 978 981 4062 4459 5820 0 4327 1138 5849 3149 5427 3229 4414 1501 3394 1273 1434 2079 6002 4619 3918 1460 1491 3844 254 4522 5662 1206 3105 5001 1151 5496 3536 4568 3345 5752 994 
70 3000 3521 5959 4033 3719 2180 907 5609 1938 2074 4845 5317 2399 6713 6515 4507 5481 3721 416 4237 3997 1173 2999 3472 5152 3543 3340 3123 2975 2865 6287 4199 2398 6780 6080 2860 4074 4903 5449 4770 3271 5737 5571 2394 3462 3848 2018 6091 6509 4132 3143 3033 3312 1578 2076 4383 737 2967 5243 1660 4645 2359 5869 1844 4516 3350 266 1310 3372 4327 0 3240 2479 2485 3650 3064 5927 3271 1798 5500 5582 5984 3298 5719 3431 5656 5775 6546 4084 1089 2020 3413 3798 2402 3276 3275 1960 1808 2450 3862 4846 
71 3000 2548 4749 922 626 1700 2361 4422 3002 4079 2071 2091 2912 5211 4753 2143 4155 5772 3525 2182 890 3485 510 1848 2204 649 1991 893 4011 3972 3149 3943 2884 4795 3304 3907 3505 1781 2225 1724 1756 2718 3072 3109 2864 1611 4055 2953 4726 1314 2785 3861 2394 3249 4452 3452 2596 3207 3270 2232 1565 1304 4177 2005 1732 237 2973 3544 5161 1138 3240 0 4991 2557 4900 2833 4750 1213 2274 2260 2352 3117 5296 4838 3563 2580 2629 4538 883 3384 4741 420 2418 4249 699 4868 2432 3446 2303 5221 1940 
72 3000 5951 5547 5512 5589 4500 2900 5258 4411 994 5881 6829 2475 6385 6425 5323 5269 1333 2640 4931 5480 1559 4955 4239 7155 5491 5696 4461 1954 1864 8134 3591 2499 6829 6917 5255 3773 6772 6945 6701 5585 6871 6243 4866 3521 4810 994 7939 6437 6164 3241 5453 3706 1754 540 4223 2648 5444 5578 4082 6549 4561 5846 4225 5631 4999 2634 1470 1285 5849 2479 4991 0 2846 1969 3123 5496 4418 4235 7120 7263 6922 1038 5109 2919 6868 7077 6648 5653 3471 517 5302 6188 1034 4698 1438 4420 4213 4893 1991 5994 
73 3000 4485 3475 2812 3181 3007 1866 3124 3769 1852 3036 4079 392 4229 4059 2482 2998 3318 2902 2102 2784 1776 2749 1393 4742 3181 4028 1793 1458 1429 5534 1830 364 4362 4090 4855 1611 4254 4185 4245 3834 4027 3445 4138 977 1970 1854 5346 4056 3867 658 4943 922 1253 2337 1897 1845 4556 2904 3007 4078 2817 3419 2970 2797 2473 2335 1733 2671 3149 2485 2557 2846 0 2343 589 3444 1652 3161 4413 4583 4081 2857 3264 1168 4033 4255 4140 2996 3385 2801 2956 4546 1894 2049 2351 3409 3928 3673 2664 3160 
74 3000 6614 3806 5098 5524 5089 3577 3569 5476 1615 5052 6295 1995 4639 4793 4401 3654 1370 3974 3981 5073 2478 5064 3495 7083 5518 6220 4119 893 951 7829 1971 2022 5248 5833 6485 2330 6585 6386 6584 6049 6016 5102 5912 2438 4090 1673 7646 4813 6206 2303 6637 2827 2155 1877 2784 3400 6430 4274 4889 6417 4993 4291 4939 4897 4815 3672 2341 792 5427 3650 4900 1969 2343 0 2208 3749 3932 5054 6660 6848 5914 1125 3304 1604 6077 6342 5108 5299 4739 2361 5295 6741 1287 4375 531 5287 5444 5667 325 5240 
75 3000 4956 2895 2905 3438 3515 2454 2546 4341 2152 2886 4087 736 3662 3525 2265 2436 3365 3480 1852 2882 2271 3106 1288 4950 3479 4474 1980 1408 1428 5631 1269 724 3856 3814 5428 1021 4423 4179 4445 4268 3870 3124 4699 429 1886 2169 5451 3526 4145 118 5509 633 1723 2657 1325 2434 5098 2473 3563 4275 3290 2894 3509 2703 2707 2921 2206 2698 3229 3064 2833 3123 589 2208 0 2862 1750 3713 4452 4643 3844 2937 2674 730 3909 4161 3645 3116 3975 3165 3250 4984 2106 2230 2350 3961 4513 4197 2532 3054 
76 3000 7260 60 4237 5172 6026 5274 337 7058 4688 3320 4761 3556 893 1143 2795 600 5108 6343 2598 4239 5068 5205 2975 6270 5338 6715 3917 3549 3648 6411 1910 3552 1644 3227 8137 1868 5668 4776 5806 6484 3875 2594 7363 2473 3150 4726 6286 1177 5835 2785 8182 2731 4518 5165 1552 5282 7673 1744 6234 5653 5708 967 6125 3453 4530 5779 4982 4532 4414 5927 4750 5496 3444 3749 2862 0 3579 6366 5180 5415 3456 4860 512 2651 4056 4370 1602 4474 6810 5711 5135 7166 4498 4057 4212 6605 7296 6731 3944 3595 
77 3000 3681 3583 1167 1753 2524 2380 3246 3708 3437 1582 2430 2044 4111 3712 1274 2993 4971 3644 1125 1142 3086 1631 635 3208 1850 3137 338 3076 3064 3898 2756 2016 3834 2808 4734 2304 2673 2539 2702 2907 2524 2339 3932 1695 604 3428 3715 3692 2465 1677 4738 1221 2690 3886 2239 2537 4161 2251 2868 2532 2170 3099 2703 1270 1028 3029 3099 4321 1501 3271 1213 4418 1652 3932 1750 3579 0 2969 2760 2933 2717 4510 3637 2462 2484 2669 3580 1368 3778 4283 1627 3599 3526 523 3995 3185 4058 3217 4257 1623 
78 3000 1724 6382 3196 2501 608 1478 6029 744 3648 4296 4270 3301 7009 6660 4207 5822 5401 1831 4093 3164 2754 1826 3456 3648 2258 1574 2675 4233 4142 4868 4982 3284 6802 5554 1778 4693 3545 4405 3362 1549 4992 5235 997 3989 3558 3598 4681 6642 2671 3740 1817 3645 2911 3781 4851 1676 1402 5217 165 3274 985 6031 272 3949 2479 1605 2878 4959 3394 1798 2274 4235 3161 5054 3713 6366 2969 0 4335 4355 5381 4948 6299 4320 4850 4877 6548 3141 1292 3804 2228 2006 3944 2685 4786 247 1174 657 5320 4197 
79 3000 3807 5153 1612 1842 3727 4620 4924 4988 6160 1883 421 4804 5268 4664 2513 4616 7731 5776 2875 1643 5678 2558 3171 1411 2077 3336 2663 5825 5819 1250 5196 4776 4467 2340 5682 4706 975 416 1217 3160 1484 2671 4956 4282 2591 6145 1108 4624 1820 4361 5562 3846 5367 6581 4439 4851 4839 3436 4339 1198 3366 4307 4093 1865 2173 5233 5720 7081 1273 5500 2260 7120 4413 6660 4452 5180 2760 4335 0 234 2052 7269 5475 5116 1257 1012 4248 1470 5559 6924 2134 3462 6273 2422 6752 4428 5484 4126 6984 1615 
