FILE: 2111EuclS.txt
100 100 0 
1 3000 0 4038 1335 4296 2949 2411 2690 4095 1312 4034 4880 993 4890 2678 2756 3933 4015 2201 2661 3851 2657 971 525 1273 4887 1706 3296 2678 1076 3397 1371 3622 5756 2390 1700 936 1367 4636 3597 1788 2391 3355 4927 1330 2162 1796 3855 2244 2361 1930 3475 3656 1038 4318 4009 3567 2370 2858 2529 3996 3472 3797 2776 4621 432 1072 3763 3031 1318 3791 1206 2352 3350 3819 2107 2228 3336 850 4243 4994 2743 4248 2998 1859 2889 3501 2688 4124 3478 3400 3079 3369 4756 461 628 4434 1778 2013 1109 2926 
2 3000 4038 0 2814 468 5963 4165 2902 5816 2902 2104 5046 4759 873 6508 1868 4350 7031 1868 6070 6257 4933 4660 4546 3848 1915 2359 6336 1984 3481 2340 3917 1807 4431 5609 2439 4975 2671 3867 6376 5388 4385 997 926 3016 4028 4405 1499 6213 6123 4327 899 1694 4352 4292 3892 1927 6042 2282 4912 2466 2831 6469 1815 5058 4415 4847 1517 2956 3605 262 5150 5008 955 1754 2140 5147 3720 3705 3980 3202 1761 2347 4545 2179 4472 4245 5585 5939 1698 3604 5796 2039 725 3590 4483 410 5415 5979 5082 6008 
3 3000 1335 2814 0 3018 4013 2859 1610 4733 999 3327 5003 2257 3633 4000 1995 4053 5122 947 3860 4733 3390 1846 1859 1871 3989 800 4386 1969 723 2843 1266 2859 5433 3505 381 2239 424 4404 4605 2600 2953 2042 3662 1180 1770 2560 2521 3579 3664 1843 2164 2330 1562 4316 3934 2259 3648 2309 3294 3413 3099 4775 1445 4820 1645 2344 2899 1947 958 2555 2537 2505 2287 3024 773 3203 3349 1460 4145 4459 1922 3587 3453 762 3343 3690 3691 4800 2152 3351 4035 2703 3511 877 1910 3221 3026 3171 2444 4015 
4 3000 4296 468 3018 0 6361 4594 2850 6270 3233 2558 5513 5071 637 6832 2306 4818 7440 2095 6440 6692 5356 4846 4814 4213 2269 2664 6737 2420 3643 2808 4032 2274 4855 5988 2637 5229 2934 4325 6793 5537 4808 1020 651 3362 4052 4795 1239 6506 6455 4387 897 1482 4512 4760 4360 1730 6384 2736 5328 2926 3299 6893 1834 5526 4652 5160 1981 2849 3730 580 5442 5055 1404 2215 2290 5538 4184 4035 4447 3626 2192 2793 4990 2456 4914 4708 5986 6392 1534 4070 6209 2507 560 3839 4778 541 5753 6187 5367 6402 
5 3000 2949 5963 4013 6361 0 1921 5571 1892 3255 4831 3648 2009 6819 1685 4133 3051 1113 4537 672 1122 1186 3525 2624 2216 5882 3846 380 4015 4009 4132 4302 4660 5302 575 4271 2670 3782 4262 673 3991 1676 5660 6881 3084 5091 1571 6361 2126 1432 4797 5755 6232 3830 3547 3521 6214 1213 3844 1137 4560 3834 898 5359 3293 3014 1955 4949 5916 4267 5782 2126 5043 5035 4853 4674 835 2999 2558 3712 5174 4220 4890 1905 4106 1892 2681 380 1817 6061 3156 441 4321 6658 3260 2350 6271 1353 3351 2237 108 
6 3000 2411 4165 2859 4594 1921 0 4457 1884 1881 2911 2511 2030 4995 3102 2298 1608 2905 3041 2272 2102 778 3338 2451 1142 3961 2374 2263 2181 3187 2210 3671 2744 3733 1777 2976 2793 2493 2606 2225 4086 246 4033 5062 1690 4418 789 4808 3188 2708 4282 4109 4736 3448 2065 1870 4774 2525 1950 788 2653 1929 2305 3931 2227 2734 2061 3040 4784 3498 4014 2464 4760 3214 2935 3312 1253 1219 1602 2099 3358 2404 2981 605 2634 493 1157 1549 1964 4579 1355 1663 2405 4830 2444 2127 4437 2090 3895 2504 1995 
7 3000 2690 2902 1610 2850 5571 4457 0 6338 2578 4278 6462 3683 3469 5312 3101 5536 6667 1709 5346 6337 5000 2675 3156 3478 4621 2172 5936 3128 1623 4000 1636 3806 6604 5038 1502 3408 1966 5686 6184 3106 4561 1905 3461 2767 1290 4164 1781 4788 5029 1709 2007 1500 2256 5736 5332 1283 5055 3543 4903 4482 4369 6363 1112 6315 2820 3763 3715 344 1466 2661 3846 2305 2905 3911 1279 4781 4815 3051 5521 5492 2981 4560 5044 1960 4935 5211 5266 6408 1373 4790 5624 3776 3410 2316 3318 3279 4468 3987 3734 5563 
8 3000 4095 5816 4733 6270 1892 1884 6338 0 3764 4130 1957 3402 6582 3577 3978 1755 2124 4907 2560 974 1439 4915 3971 2920 5129 4253 1943 3871 5001 3566 5438 4149 3796 2279 4860 4181 4376 2951 1536 5547 1782 5834 6657 3573 6212 2301 6632 3974 3300 6023 5897 6580 5116 2158 2333 6634 3077 3534 1573 3771 3118 1399 5800 1612 4325 3388 4472 6666 5304 5705 3700 6420 4866 4298 5193 2039 2150 3386 2435 4030 4104 4079 1330 4509 1429 1633 1795 152 6430 2295 1460 3840 6416 4232 3643 6024 3019 5082 3786 1998 
9 3000 1312 2902 999 3233 3255 1881 2578 3764 0 2729 4024 1862 3774 3606 1444 3069 4366 1282 3235 3845 2475 2206 1744 1038 3576 595 3636 1366 1499 2119 2058 2310 4601 2811 1098 2197 612 3523 3788 3036 1998 2426 3823 191 2702 1708 3106 3329 3224 2682 2528 2982 2095 3358 2992 2979 3151 1571 2396 2718 2266 3936 2122 3830 1743 1949 2453 2903 1806 2678 2274 3283 2106 2506 1459 2420 2377 803 3212 3740 1438 2953 2465 851 2357 2696 2901 3839 2812 2394 3203 2066 3627 989 1613 3272 2520 3322 2219 3276 
10 3000 4034 2104 3327 2558 4831 2911 4278 4130 2729 0 3005 4344 2643 5866 1336 2458 5761 2625 5152 4786 3659 4931 4414 3204 1051 2540 5162 1383 4033 718 4591 477 2395 4655 3089 4866 2956 1768 5061 5758 3157 2696 2726 2706 5028 3477 3459 5781 5460 5165 2679 3568 4778 2282 1920 3749 5313 1190 3694 389 1030 5091 3225 3072 4466 4416 616 4469 4285 2139 4810 5832 1441 382 3071 4133 1992 3333 1954 1217 1404 283 3050 2579 3016 2497 4460 4272 3498 1839 4540 664 2488 3710 4208 2135 4763 6022 4788 4906 
11 3000 4880 5046 5003 5513 3648 2511 6462 1957 4024 3005 0 4528 5649 5255 3504 959 4076 4796 4260 2922 2695 5832 4962 3611 3805 4299 3801 3435 5502 2735 6036 3239 1877 3858 4980 5302 4583 1326 3451 6595 2616 5394 5731 3865 6724 3273 6213 5514 4912 6662 5419 6247 5903 763 1179 6370 4697 3010 2827 2618 2253 3343 5641 356 5231 4551 3536 6745 5814 5021 4941 7198 4198 3308 5192 3437 1655 4037 1065 2421 3640 2838 2015 4501 2103 1379 3420 2099 6132 1672 3212 3035 5492 4830 4639 5130 4437 6381 4993 3755 
12 3000 993 4759 2257 5071 2009 2030 3683 3402 1862 4344 4528 0 5630 1767 3210 3639 3042 3018 1669 2999 1989 1544 616 1151 5303 2407 2336 3109 2069 3645 2302 4000 5698 1436 2592 790 2172 4560 2675 2149 1913 4193 5676 1775 3087 1255 4765 1475 1411 2788 4307 4585 1822 4088 3855 4515 1392 3160 1848 4219 3584 2888 3697 4225 1005 89 4204 4025 2296 4530 471 3069 3961 4206 3009 1391 3175 1072 4090 5127 3238 4513 2526 2620 2430 3188 1798 3402 4407 3280 2204 3699 5484 1396 365 5133 784 1867 481 1973 
13 3000 4890 873 3633 637 6819 4995 3469 6582 3774 2643 5649 5630 0 7380 2698 5036 7878 2698 6940 7072 5768 5469 5403 4719 2097 3226 7190 2816 4271 3037 4668 2463 4781 6476 3253 5826 3523 4395 7215 6169 5220 1656 83 3889 4684 5267 1783 7080 6997 5024 1534 2049 5142 4917 4536 2299 6915 3072 5753 3030 3516 7300 2470 5701 5256 5718 2144 3448 4365 1102 6015 5690 1786 2355 2918 6008 4452 4577 4592 3566 2601 2835 5342 3036 5275 4979 6440 6711 2125 4323 6639 2748 165 4437 5349 559 6288 6805 5945 6867 
14 3000 2678 6508 4000 6832 1685 3102 5312 3577 3606 5866 5255 1767 7380 0 4868 4545 2122 4785 1017 2761 2592 2762 2170 2724 6880 4168 1730 4759 3694 5148 3764 5584 6781 1401 4348 1917 3939 5680 2202 2896 2883 5961 7429 3497 4478 2402 6519 653 406 4085 6074 6329 3166 5042 4932 6245 578 4729 2478 5673 4974 2427 5445 4906 2491 1678 5825 5643 3856 6284 1475 4111 5676 5790 4763 1880 4315 2803 5148 6456 4915 5991 3338 4386 3286 4126 1839 3502 6151 4456 2118 5261 7232 3123 2092 6873 1116 2010 1581 1580 
15 3000 2756 1868 1995 2306 4133 2298 3101 3978 1444 1336 3504 3210 2698 4868 0 2667 5181 1392 4305 4389 3070 3617 3179 2143 2132 1204 4500 118 2697 900 3257 882 3516 3825 1782 3634 1619 2591 4516 4439 2522 1916 2765 1462 3723 2605 2737 4682 4467 3837 1959 2749 3447 2745 2328 2866 4354 495 3055 1428 1290 4604 2160 3432 3185 3291 1010 3340 2954 1732 3656 4500 915 1069 1834 3337 1971 2147 2486 2473 137 1591 2685 1261 2608 2472 3753 4096 2629 1887 3940 711 2535 2399 3015 2143 3752 4766 3616 4186 
16 3000 3933 4350 4053 4818 3051 1608 5536 1755 3069 2458 959 3639 5036 4545 2667 0 3701 3894 3595 2586 1953 4891 4039 2671 3410 3365 3278 2585 4542 2012 5076 2573 2253 3147 4044 4397 3635 1240 3017 5666 1751 4583 5116 2907 5766 2392 5404 4730 4177 5702 4620 5414 4950 498 579 5520 3972 2173 2067 2079 1523 2969 4759 781 4293 3669 2892 5827 4855 4290 4070 6242 3447 2687 4275 2674 723 3087 696 2281 2804 2367 1209 3578 1271 451 2760 1906 5288 780 2644 2311 4873 3872 3722 4493 3634 5504 4112 3152 
17 3000 4015 7031 5122 7440 1113 2905 6667 2124 4366 5761 4076 3042 7878 2122 5181 3701 0 5648 1414 1153 2127 4495 3645 3328 6810 4956 736 5063 5087 5087 5344 5640 5881 1630 5384 3615 4896 4941 702 4854 2668 6764 7943 4194 6125 2672 7472 2733 2070 5804 6856 7345 4834 4169 4239 7327 1905 4855 2127 5458 4738 738 6472 3726 4033 2977 5942 7012 5332 6860 3065 5985 6092 5825 5788 1946 3827 3670 4395 5947 5277 5787 2722 5217 2746 3415 1468 1989 7174 3988 1243 5302 7715 4351 3400 7325 2303 4078 3183 1107 
18 3000 2201 1868 947 2095 4537 3041 1709 4907 1282 2625 4796 3018 2698 4785 1392 3894 5648 0 4501 5088 3710 2794 2721 2321 3143 693 4918 1419 1638 2293 2126 2147 4905 4089 580 3133 848 3976 5062 3539 3200 1175 2731 1455 2428 2984 1823 4425 4423 2626 1289 1710 2500 4056 3646 1732 4374 1836 3644 2793 2661 5203 893 4675 2558 3107 2112 1962 1807 1611 3363 3312 1398 2279 447 3702 3171 2038 3826 3822 1276 2903 3577 431 3477 3609 4182 4998 1545 3128 4475 2079 2572 1743 2705 2275 3741 4112 3283 4559 
19 3000 2661 6070 3860 6440 672 2272 5346 2560 3235 5152 4260 1669 6940 1017 4305 3595 1414 4501 0 1778 1651 3083 2253 2226 6192 3829 804 4190 3738 4437 3955 4927 5846 497 4159 2201 3693 4771 1259 3455 2033 5661 6996 3087 4729 1705 6309 1466 767 4397 5764 6154 3429 4094 4022 6109 555 4083 1556 4916 4197 1492 5267 3909 2637 1596 5196 5689 3965 5869 1652 4572 5176 5128 4575 1021 3444 2465 4228 5617 4376 5243 2403 4076 2367 3194 842 2489 5978 3595 1100 4591 6783 3037 2034 6406 900 2739 1771 570 
20 3000 3851 6257 4733 6692 1122 2102 6337 974 3845 4786 2922 2999 7072 2761 4389 2586 1153 5088 1778 0 1377 4542 3610 2862 5822 4400 1043 4273 4861 4151 5223 4724 4734 1645 4930 3723 4433 3821 588 5070 1904 6126 7143 3658 6014 2173 6886 3243 2546 5761 6205 6797 4809 3039 3143 6815 2330 4002 1449 4457 3755 425 5961 2572 3992 2962 5039 6678 5143 6114 3193 6068 5303 4895 5305 1626 2804 3289 3282 4858 4500 4780 1749 4665 1804 2345 1206 847 6634 2963 797 4395 6907 4087 3305 6513 2438 4469 3297 1214 
21 3000 2657 4933 3390 5356 1186 778 5000 1439 2475 3659 2695 1989 5768 2592 3070 1953 2127 3710 1651 1377 0 3481 2539 1527 4710 3023 1503 2953 3590 2970 4008 3515 4198 1193 3566 2778 3070 3120 1448 4138 548 4755 5835 2285 4788 869 5510 2818 2230 4586 4837 5419 3676 2451 2372 5438 2021 2728 142 3378 2652 1537 4585 2358 2887 1986 3815 5337 3887 4776 2333 4980 3985 3702 3934 741 1817 1981 2576 3994 3172 3709 752 3288 718 1544 839 1467 5256 1973 887 3177 5604 2815 2209 5212 1750 3759 2407 1272 
22 3000 971 4660 1846 4846 3525 3338 2675 4915 2206 4931 5832 1544 5469 2762 3617 4891 4495 2794 3083 4542 3481 0 945 2221 5726 2469 3825 3554 1215 4323 1046 4498 6724 2950 2221 885 2067 5607 4197 831 3290 3845 5495 2260 1716 2657 4180 2172 2559 1331 3969 3940 422 5284 4980 3796 2651 3777 3344 4923 4427 4416 3128 5563 605 1581 4606 2982 1231 4401 1431 1526 4094 4687 2558 2933 4305 1819 5214 5936 3585 5159 3908 2549 3802 4453 3339 4926 3769 4372 3746 4269 5352 1220 1272 5068 2196 1360 1312 3476 
23 3000 525 4546 1859 4814 2624 2451 3156 3971 1744 4414 4962 616 5403 2170 3179 4039 3645 2721 2253 3610 2539 945 0 1392 5310 2197 2947 3092 1533 3748 1702 4025 5988 2051 2226 454 1881 4855 3291 1635 2379 3879 5441 1720 2480 1732 4378 1719 1872 2172 3999 4176 1206 4459 4186 4081 1905 3225 2401 4342 3766 3505 3299 4678 390 670 4190 3493 1726 4302 695 2464 3828 4226 2632 1992 3503 1094 4422 5308 3180 4612 2999 2367 2896 3593 2412 3981 3998 3588 2817 3752 5267 986 332 4938 1353 1611 590 2586 
24 3000 1273 3848 1871 4213 2216 1142 3478 2920 1038 3204 3611 1151 4719 2724 2143 2671 3328 2321 2226 2862 1527 2221 1392 0 4184 1631 2597 2034 2081 2499 2539 2881 4602 1783 2081 1796 1584 3466 2761 3000 1153 3455 4774 872 3300 690 4144 2578 2324 3144 3554 4018 2307 3075 2794 4006 2215 2031 1425 3069 2435 2918 3149 3348 1622 1217 3107 3817 2386 3644 1622 3618 2972 3088 2472 1382 2111 468 3030 3980 2194 3365 1739 1890 1628 2232 1865 2971 3847 2196 2180 2569 4564 1317 1100 4192 1608 2956 1617 2238 
25 3000 4887 1915 3989 2269 5882 3961 4621 5129 3576 1051 3805 5303 2097 6880 2132 3410 6810 3143 6192 5822 4710 5726 5310 4184 0 3262 6214 2217 4712 1755 5244 1303 2695 5695 3687 5765 3675 2485 6109 6537 4207 2798 2179 3590 5562 4506 3413 6760 6474 5768 2735 3594 5521 3150 2842 3817 6334 2154 4745 1366 2073 6135 3511 3936 5315 5380 1124 4744 4927 2073 5760 6453 1753 1097 3558 5175 3019 4259 2820 1507 2146 1049 4094 3228 4064 3506 5510 5275 3576 2861 5591 1619 1977 4517 5134 1739 5769 6899 5728 5956 
26 3000 1706 2359 800 2664 3846 2374 2172 4253 595 2540 4299 2407 3226 4168 1204 3365 4956 693 3829 4400 3023 2469 2197 1631 3262 0 4227 1170 1493 2042 2054 2079 4638 3407 681 2637 417 3623 4368 3274 2521 1831 3270 762 2562 2290 2516 3854 3793 2642 1935 2402 2261 3586 3192 2414 3730 1511 2954 2613 2310 4510 1562 4144 2111 2496 2150 2473 1754 2124 2790 3298 1646 2254 944 3011 2647 1379 3394 3659 1143 2795 2930 264 2826 3040 3489 4338 2236 2629 3781 1907 3084 1285 2124 2744 3097 3703 2722 3869 
27 3000 3296 6336 4386 6737 380 2263 5936 1943 3636 5162 3801 2336 7190 1730 4500 3278 736 4918 804 1043 1503 3825 2947 2597 6214 4227 0 4382 4363 4470 4638 5007 5516 905 4648 2956 4160 4506 472 4245 2019 6041 7253 3465 5423 1950 6742 2254 1556 5116 6135 6612 4147 3768 3776 6592 1355 4200 1474 4880 4155 700 5738 3444 3337 2276 5300 6280 4614 6158 2406 5334 5405 5198 5052 1216 3290 2934 3955 5453 4590 5211 2182 4487 2184 2935 751 1843 6440 3449 642 4668 7029 3621 2687 6641 1631 3544 2521 372 
28 3000 2678 1984 1969 2420 4015 2181 3128 3871 1366 1383 3435 3109 2816 4759 118 2585 5063 1419 4190 4273 2953 3554 3092 2034 2217 1170 4382 0 2661 889 3224 945 3507 3709 1775 3547 1581 2557 4398 4378 2404 2006 2882 1373 3712 2489 2825 4580 4358 3812 2053 2828 3395 2679 2263 2939 4242 427 2937 1444 1244 4486 2214 3353 3109 3190 1100 3376 2925 1845 3558 4469 1032 1140 1855 3220 1881 2050 2429 2490 233 1628 2573 1252 2495 2377 3635 3987 2704 1804 3822 736 2652 2333 2921 2261 3642 4685 3520 4068 
29 3000 1076 3481 723 3643 4009 3187 1623 5001 1499 4033 5502 2069 4271 3694 2697 4542 5087 1638 3738 4861 3590 1215 1533 2081 4712 1493 4363 2661 0 3517 568 3570 6075 3459 1058 1809 1080 5014 4646 1906 3231 2635 4293 1641 1233 2722 2975 3192 3405 1184 2759 2743 871 4853 4491 2615 3432 2974 3475 4099 3733 4839 1915 5288 1208 2146 3620 1962 313 3220 2224 1813 3006 3740 1353 3255 3866 1614 4712 5143 2632 4288 3792 1484 3681 4148 3730 5048 2569 3891 4109 3398 4159 776 1703 3892 2852 2574 2114 3991 
30 3000 3397 2340 2843 2808 4132 2210 4000 3566 2119 718 2735 3645 3037 5148 900 2012 5087 2293 4437 4151 2970 4323 3748 2499 1755 2042 4470 889 3517 0 4084 583 2618 3940 2664 4196 2441 1707 4392 5154 2456 2676 3115 2068 4597 2758 3489 5071 4742 4683 2692 3542 4206 1973 1562 3687 4594 548 2997 600 491 4435 3034 2722 3828 3715 905 4234 3792 2293 4113 5330 1463 744 2735 3420 1419 2657 1678 1628 1019 868 2402 2141 2357 1946 3758 3701 3441 1286 3856 302 2872 3108 3526 2487 4046 5359 4096 4204 
31 3000 1371 3917 1266 4032 4302 3671 1636 5438 2058 4591 6036 2302 4668 3764 3257 5076 5344 2126 3955 5223 4008 1046 1702 2539 5244 2054 4638 3224 568 4084 0 4125 6643 3734 1559 1847 1645 5579 4959 1531 3692 3012 4683 2191 791 3139 3230 3200 3523 626 3136 2974 624 5400 5045 2808 3584 3542 3885 4665 4301 5163 2229 5812 1319 2366 4163 1936 318 3655 2346 1245 3518 4291 1779 3599 4411 2072 5268 5709 3188 4849 4274 2026 4163 4672 4056 5475 2810 4441 4449 3961 4568 1227 1951 4328 3054 2354 2227 4272 
32 3000 3622 1807 2859 2274 4660 2744 3806 4149 2310 477 3239 4000 2463 5584 882 2573 5640 2147 4927 4724 3515 4498 4025 2881 1303 2079 5007 945 3570 583 4125 0 2833 4433 2613 4479 2496 2092 4948 5321 2987 2280 2542 2306 4552 3228 3067 5457 5179 4693 2275 3155 4330 2486 2090 3324 5045 854 3532 714 1053 4999 2765 3257 4053 4077 322 4004 3817 1794 4459 5363 1021 206 2593 3919 2002 2962 2173 1685 937 756 2974 2107 2924 2528 4282 4284 3074 1866 4402 338 2300 3279 3838 1919 4471 5625 4429 4727 
33 3000 5756 4431 5433 4855 5302 3733 6604 3796 4601 2395 1877 5698 4781 6781 3516 2253 5881 4905 5846 4734 4198 6724 5988 4602 2695 4638 5516 3507 6075 2618 6643 2833 0 5390 5278 6398 5019 1138 5221 7545 3923 5092 4864 4500 7200 4513 5846 6919 6403 7256 5072 5962 6682 1755 1862 6145 6204 3128 4305 2129 2341 5143 5593 2194 6166 5745 3010 6822 6365 4505 6157 7881 3836 2778 5349 4902 2528 4924 1637 1229 3628 2120 3447 4755 3494 2656 5013 3944 5894 2418 4889 2828 4650 5562 5702 4364 5820 7551 6179 5404 
34 3000 2390 5609 3505 5988 575 1777 5038 2279 2811 4655 3858 1436 6476 1401 3825 3147 1630 4089 497 1645 1193 2950 2051 1783 5695 3407 905 3709 3459 3940 3734 4433 5390 0 3782 2099 3303 4301 1247 3431 1541 5236 6534 2653 4522 1220 5907 1701 1056 4223 5336 5765 3255 3645 3552 5733 839 3591 1085 4419 3701 1468 4883 3512 2441 1381 4704 5383 3709 5414 1558 4469 4704 4633 4193 524 2960 2070 3763 5128 3899 4745 1943 3660 1898 2734 484 2233 5591 3109 863 4097 6318 2721 1783 5937 793 2836 1667 537 
35 3000 1700 2439 381 2637 4271 2976 1502 4860 1098 3089 4980 2592 3253 4348 1782 4044 5384 580 4159 4930 3566 2221 2226 2081 3687 681 4648 1775 1058 2664 1559 2613 5278 3782 0 2615 497 4288 4840 2959 3097 1663 3281 1290 1942 2769 2173 3944 4003 2089 1784 1999 1920 4268 3872 1951 3976 2154 3482 3210 2969 5000 1109 4822 2024 2680 2621 1815 1241 2179 2894 2769 1958 2765 418 3447 3327 1714 4072 4254 1691 3358 3553 523 3446 3710 3935 4937 1821 3311 4261 2493 3132 1239 2255 2848 3348 3551 2805 4280 
36 3000 936 4975 2239 5229 2670 2793 3408 4181 2197 4866 5302 790 5826 1917 3634 4397 3615 3133 2201 3723 2778 885 454 1796 5765 2637 2956 3547 1809 4196 1847 4479 6398 2099 2615 0 2304 5261 3344 1366 2692 4277 5862 2174 2579 2034 4737 1383 1683 2213 4398 4522 1262 4833 4577 4412 1766 3677 2636 4788 4202 3567 3658 5005 606 793 4644 3734 1945 4727 550 2377 4274 4681 3010 2153 3894 1539 4814 5746 3635 5061 3309 2795 3211 3947 2517 4176 4345 3987 2925 4205 5692 1390 695 5370 1325 1167 434 2615 
37 3000 1367 2671 424 2934 3782 2493 1966 4376 612 2956 4583 2172 3523 3939 1619 3635 4896 848 3693 4433 3070 2067 1881 1584 3675 417 4160 1581 1080 2441 1645 2496 5019 3303 497 2304 0 3982 4345 2865 2606 2022 3560 802 2192 2272 2617 3577 3580 2243 2137 2462 1846 3893 3510 2432 3538 1901 2984 3020 2681 4503 1579 4406 1748 2261 2565 2291 1351 2423 2514 2890 2029 2672 892 2955 2928 1233 3720 4064 1561 3208 3077 495 2969 3280 3442 4450 2287 2928 3765 2318 3388 920 1856 3068 2906 3331 2436 3794 
38 3000 4636 3867 4404 4325 4262 2606 5686 2951 3523 1768 1326 4560 4395 5680 2591 1240 4941 3976 4771 3821 3120 5607 4855 3466 2485 3623 4506 2557 5014 1707 5579 2092 1138 4301 4288 5261 3982 0 4256 6422 2805 4356 4479 3407 6174 3381 5155 5795 5296 6199 4360 5229 5582 793 749 5384 5102 2145 3217 1400 1320 4208 4741 1505 5041 4606 2353 5931 5312 3880 5019 6806 3107 2114 4410 3801 1393 3798 550 1115 2717 1560 2369 3771 2404 1581 3950 3103 5136 1279 3868 1975 4245 4462 4565 3901 4696 6413 5041 4360 
39 3000 3597 6376 4605 6793 673 2225 6184 1536 3788 5061 3451 2675 7215 2202 4516 3017 702 5062 1259 588 1448 4197 3291 2761 6109 4368 472 4398 4646 4392 4959 4948 5221 1247 4840 3344 4345 4256 0 4660 1994 6152 7281 3608 5749 2080 6882 2720 2021 5463 6240 6769 4497 3493 3546 6766 1814 4175 1464 4756 4037 233 5909 3097 3680 2624 5253 6528 4912 6212 2798 5717 5430 5131 5234 1403 3124 3144 3708 5250 4616 5085 2020 4632 2045 2718 918 1421 6601 3285 589 4612 7051 3886 3010 6659 2024 3993 2910 734 
40 3000 1788 5388 2600 5537 3991 4086 3106 5547 3036 5758 6595 2149 6169 2896 4439 5666 4854 3539 3455 5070 4138 831 1635 3000 6537 3274 4245 4378 1906 5154 1531 5321 7545 3431 2959 1366 2865 6422 4660 0 4013 4521 6188 3091 1915 3361 4760 2246 2805 1460 4646 4501 1038 6074 5782 4328 2950 4608 3997 5753 5256 4889 3755 6313 1384 2158 5421 3366 1813 5126 1877 1245 4879 5508 3253 3518 5103 2626 6018 6767 4402 5988 4633 3334 4530 5222 3868 5542 4340 5177 4275 5097 6061 2048 1964 5798 2639 1002 1776 3926 
41 3000 2391 4385 2953 4808 1676 246 4561 1782 1998 3157 2616 1913 5220 2883 2522 1751 2668 3200 2033 1904 548 3290 2379 1153 4207 2521 2019 2404 3231 2456 3692 2987 3923 1541 3097 2692 2606 2805 1994 4013 0 4221 5287 1807 4453 658 4985 2998 2493 4293 4301 4903 3429 2225 2062 4932 2305 2188 545 2897 2173 2084 4083 2312 2685 1935 3282 4892 3538 4228 2328 4743 3437 3179 3448 1019 1432 1621 2286 3588 2624 3226 619 2784 518 1303 1303 1847 4743 1575 1425 2649 5056 2471 2049 4664 1898 3766 2377 1749 
42 3000 3355 997 2042 1020 5660 4033 1905 5834 2426 2696 5394 4193 1656 5961 1916 4583 6764 1175 5661 6126 4755 3845 3879 3455 2798 1831 6041 2006 2635 2676 3012 2280 5092 5236 1663 4277 2022 4356 6152 4521 4221 0 1670 2583 3051 4092 821 5591 5598 3373 124 874 3501 4631 4215 1054 5548 2409 4705 2994 3144 6277 829 5342 3687 4283 2082 1970 2712 760 4533 4047 1260 2314 1288 4825 3887 3205 4350 3894 1780 2972 4510 1587 4421 4383 5296 5941 804 3803 5563 2388 1564 2894 3878 1380 4914 5195 4449 5689 
43 3000 4927 926 3662 651 6881 5062 3461 6657 3823 2726 5731 5676 83 7429 2765 5116 7943 2731 6996 7143 5835 5495 5441 4774 2179 3270 7253 2882 4293 3115 4683 2542 4864 6534 3281 5862 3560 4479 7281 6188 5287 1670 0 3940 4685 5327 1756 7123 7046 5029 1546 2027 5163 4998 4617 2276 6967 3144 5819 3113 3595 7368 2477 5783 5290 5764 2224 3432 4381 1146 6058 5693 1851 2436 2940 6068 4529 4626 4674 3649 2666 2918 5414 3076 5346 5056 6503 6786 2109 4401 6704 2826 242 4472 5392 633 6339 6833 5987 6928 
44 3000 1330 3016 1180 3362 3084 1690 2767 3573 191 2706 3865 1775 3889 3497 1462 2907 4194 1455 3087 3658 2285 2260 1720 872 3590 762 3465 1373 1641 2068 2191 2306 4500 2653 1290 2174 802 3407 3608 3091 1807 2583 3940 0 2858 1529 3278 3249 3109 2817 2682 3160 2182 3211 2854 3163 3026 1528 2208 2668 2176 3753 2306 3663 1761 1860 2472 3093 1952 2800 2205 3402 2187 2507 1648 2249 2225 702 3077 3676 1474 2918 2277 1024 2168 2526 2727 3648 2992 2250 3022 2042 3738 1063 1555 3376 2399 3319 2159 3109 
45 3000 2162 4028 1770 4052 5091 4418 1290 6212 2702 5028 6724 3087 4684 4478 3723 5766 6125 2428 4729 6014 4788 1716 2480 3300 5562 2562 5423 3712 1233 4597 791 4552 7200 4522 1942 2579 2192 6174 5749 1915 4453 3051 4685 2858 0 3919 3061 3885 4263 455 3167 2783 1317 6060 5688 2572 4339 4072 4667 5152 4869 5954 2223 6517 2092 3148 4540 1490 920 3771 3101 1018 3809 4697 2004 4390 5080 2832 5904 6196 3633 5299 5023 2462 4912 5377 4847 6253 2645 5095 5241 4435 4608 1983 2740 4426 3829 2873 2981 5059 
46 3000 1796 4405 2560 4795 1571 789 4164 2301 1708 3477 3273 1255 5267 2402 2605 2392 2672 2984 1705 2173 869 2657 1732 690 4506 2290 1950 2489 2722 2758 3139 3228 4513 1220 2769 2034 2272 3381 2080 3361 658 4092 5327 1529 3919 0 4806 2422 1998 3722 4185 4689 2824 2854 2652 4686 1839 2379 752 3272 2572 2231 3829 2971 2054 1279 3492 4504 3018 4217 1677 4135 3490 3430 3157 743 1988 1121 2884 4069 2681 3591 1275 2553 1177 1941 1203 2335 4520 2112 1495 2895 5107 1947 1399 4724 1334 3113 1722 1607 
47 3000 3855 1499 2521 1239 6361 4808 1781 6632 3106 3459 6213 4765 1783 6519 2737 5404 7472 1823 6309 6886 5510 4180 4378 4144 3413 2516 6742 2825 2975 3489 3230 3067 5846 5907 2173 4737 2617 5155 6882 4760 4985 821 1756 3278 3061 4806 0 6096 6177 3454 797 282 3795 5450 5034 524 6148 3231 5452 3777 3961 7018 1079 6163 4131 4854 2842 1697 2968 1357 5059 4080 2048 3080 1756 5526 4707 3844 5166 4631 2601 3727 5304 2255 5211 5200 6005 6735 422 4625 6293 3197 1765 3399 4427 1763 5518 5540 4965 6382 
48 3000 2244 6213 3579 6506 2126 3188 4788 3974 3329 5781 5514 1475 7080 653 4682 4730 2733 4425 1466 3243 2818 2172 1719 2578 6760 3854 2254 4580 3192 5071 3200 5457 6919 1701 3944 1383 3577 5795 2720 2246 2998 5591 7123 3249 3885 2422 6096 0 699 3478 5709 5890 2587 5216 5057 5787 913 4609 2687 5627 4958 2952 5016 5176 1986 1392 5671 5112 3323 5978 1064 3470 5433 5663 4352 2076 4405 2547 5283 6480 4712 5932 3527 4050 3459 4291 2181 3919 5712 4533 2525 5147 6938 2704 1730 6594 1099 1360 1141 2030 
49 3000 2361 6123 3664 6455 1432 2708 5029 3300 3224 5460 4912 1411 6997 406 4467 4177 2070 4423 767 2546 2230 2559 1872 2324 6474 3793 1556 4358 3405 4742 3523 5179 6403 1056 4003 1683 3580 5296 2021 2805 2493 5598 7046 3109 4263 1998 6177 699 0 3891 5710 5994 2945 4671 4549 5919 222 4324 2109 5268 4571 2253 5107 4567 2220 1322 5421 5365 3588 5903 1184 3980 5283 5385 4420 1503 3924 2420 4767 6057 4517 5585 2967 4018 2911 3751 1521 3237 5816 4063 1842 4855 6847 2794 1754 6485 715 2010 1300 1334 
50 3000 1930 4327 1843 4387 4797 4282 1709 6023 2682 5165 6662 2788 5024 4085 3837 5702 5804 2626 4397 5761 4586 1331 2172 3144 5768 2642 5116 3812 1184 4683 626 4693 7256 4223 2089 2213 2243 6199 5463 1460 4293 3373 5029 2817 455 3722 3454 3478 3891 0 3493 3180 969 6027 5671 2980 3980 4144 4459 5256 4914 5675 2553 6435 1783 2842 4711 1934 891 4066 2751 687 4023 4851 2232 4135 5038 2680 5893 6302 3760 5428 4883 2586 4772 5296 4576 6054 3034 5068 4976 4546 4938 1843 2459 4732 3501 2425 2631 4758 
51 3000 3475 899 2164 897 5755 4109 2007 5897 2528 2679 5419 4307 1534 6074 1959 4620 6856 1289 5764 6205 4837 3969 3999 3554 2735 1935 6135 2053 2759 2692 3136 2275 5072 5336 1784 4398 2137 4360 6240 4646 4301 124 1546 2682 3167 4185 797 5709 5710 3493 0 891 3625 4655 4240 1091 5658 2448 4790 2987 3166 6363 944 5374 3809 4396 2062 2058 2836 675 4650 4165 1254 2298 1412 4921 3929 3312 4369 3867 1824 2952 4577 1696 4489 4430 5389 6006 844 3842 5651 2400 1444 3014 3993 1273 5024 5319 4567 5785 
52 3000 3656 1694 2330 1482 6232 4736 1500 6580 2982 3568 6247 4585 2049 6329 2749 5414 7345 1710 6154 6797 5419 3940 4176 4018 3594 2402 6612 2828 2743 3542 2974 3155 5962 5765 1999 4522 2462 5229 6769 4501 4903 874 2027 3160 2783 4689 282 5890 5994 3180 891 0 3548 5485 5068 249 5973 3245 5354 3869 4003 6912 889 6181 3916 4673 2952 1415 2719 1521 4862 3801 2134 3186 1581 5400 4707 3696 5210 4758 2611 3842 5250 2138 5154 5188 5883 6679 178 4633 6182 3258 2022 3205 4240 1990 5347 5297 4765 6249 
53 3000 1038 4352 1562 4512 3830 3448 2256 5116 2095 4778 5903 1822 5142 3166 3447 4950 4834 2500 3429 4809 3676 422 1206 2307 5521 2261 4147 3395 871 4206 624 4330 6682 3255 1920 1262 1846 5582 4497 1038 3429 3501 5163 2182 1317 2824 3795 2587 2945 969 3625 3548 0 5317 4990 3396 3023 3657 3543 4802 4356 4711 2757 5651 818 1874 4412 2560 829 4091 1788 1314 3846 4511 2223 3185 4328 1865 5220 5832 3401 5019 4036 2304 3927 4524 3616 5137 3379 4380 4019 4125 5030 1120 1504 4762 2532 1751 1668 3789 
54 3000 4318 4292 4316 4760 3547 2065 5736 2158 3358 2282 763 4088 4917 5042 2745 498 4169 4056 4094 3039 2451 5284 4459 3075 3150 3586 3768 2679 4853 1973 5400 2486 1755 3645 4268 4833 3893 793 3493 6074 2225 4631 4998 3211 6060 2854 5450 5216 4671 6027 4655 5485 5317 0 417 5611 4467 2253 2563 1893 1489 3433 4891 792 4694 4123 2789 6012 5162 4262 4529 6591 3436 2565 4461 3168 990 3467 331 1890 2881 2140 1704 3778 1761 925 3259 2310 5371 965 3137 2273 4758 4218 4149 4390 4118 5955 4565 3649 
55 3000 4009 3892 3934 4360 3521 1870 5332 2333 2992 1920 1179 3855 4536 4932 2328 579 4239 3646 4022 3143 2372 4980 4186 2794 2842 3192 3776 2263 4491 1562 5045 2090 1862 3552 3872 4577 3510 749 3546 5782 2062 4215 4617 2854 5688 2652 5034 5057 4549 5671 4240 5068 4990 417 0 5194 4354 1837 2468 1534 1076 3513 4476 1167 4398 3897 2398 5604 4798 3855 4308 6249 3025 2181 4055 3053 683 3160 236 1715 2464 1806 1623 3376 1655 841 3204 2484 4954 610 3135 1864 4376 3881 3886 4003 3957 5718 4336 3618 
56 3000 3567 1927 2259 1730 6214 4774 1283 6634 2979 3749 6370 4515 2299 6245 2866 5520 7327 1732 6109 6815 5438 3796 4081 4006 3817 2414 6592 2939 2615 3687 2808 3324 6145 5733 1951 4412 2432 5384 6766 4328 4932 1054 2276 3163 2572 4686 524 5787 5919 2980 1091 249 3396 5611 5194 0 5907 3361 5368 4039 4137 6916 857 6292 3805 4602 3136 1175 2567 1743 4772 3589 2309 3366 1540 5385 4807 3663 5344 4949 2729 4026 5303 2150 5205 5278 5870 6728 250 4740 6182 3408 2272 3125 4164 2234 5285 5147 4672 6226 
57 3000 2370 6042 3648 6384 1213 2525 5055 3077 3151 5313 4697 1392 6915 578 4354 3972 1905 4374 555 2330 2021 2651 1905 2215 6334 3730 1355 4242 3432 4594 3584 5045 6204 839 3976 1766 3538 5102 1814 2950 2305 5548 6967 3026 4339 1839 6148 913 222 3980 5658 5973 3023 4467 4354 5907 0 4190 1904 5111 4407 2047 5084 4351 2269 1306 5293 5394 3631 5826 1239 4103 5185 5249 4394 1302 3737 2351 4570 5881 4408 5430 2763 3962 2710 3549 1300 3015 5795 3879 1620 4717 6763 2788 1750 6397 633 2193 1358 1116 
58 3000 2858 2282 2309 2736 3844 1950 3543 3534 1571 1190 3010 3160 3072 4729 495 2173 4855 1836 4083 4002 2728 3777 3225 2031 2154 1511 4200 427 2974 548 3542 854 3128 3591 2154 3677 1901 2145 4175 4608 2188 2409 3144 1528 4072 2379 3231 4609 4324 4144 2448 3245 3657 2253 1837 3361 4190 0 2731 1146 825 4245 2641 2936 3290 3235 1113 3797 3253 2175 3624 4787 1332 1060 2265 3083 1483 2143 2002 2176 633 1390 2269 1632 2202 1992 3464 3657 3124 1394 3613 538 2907 2561 3017 2512 3616 4834 3600 3906 
59 3000 2529 4912 3294 5328 1137 788 4903 1573 2396 3694 2827 1848 5753 2478 3055 2067 2127 3644 1556 1449 142 3344 2401 1425 4745 2954 1474 2937 3475 2997 3885 3532 4305 1085 3482 2636 2984 3217 1464 3997 545 4705 5819 2208 4667 752 5452 2687 2109 4459 4790 5354 3543 2563 2468 5368 1904 2731 0 3424 2698 1573 4512 2493 2752 1844 3827 5241 3770 4748 2191 4846 3968 3723 3855 611 1892 1871 2677 4069 3153 3754 859 3219 813 1649 772 1595 5190 2045 885 3194 5590 2699 2071 5199 1613 3617 2264 1215 
60 3000 3996 2466 3413 2926 4560 2653 4482 3771 2718 389 2618 4219 3030 5673 1428 2079 5458 2793 4916 4457 3378 4923 4342 3069 1366 2613 4880 1444 4099 600 4665 714 2129 4419 3210 4788 3020 1400 4756 5753 2897 2994 3113 2668 5152 3272 3777 5627 5268 5256 2987 3869 4802 1893 1534 4039 5111 1146 3424 0 726 4775 3463 2684 4427 4287 953 4693 4368 2482 4689 5910 1734 713 3241 3895 1653 3249 1565 1046 1525 330 2737 2690 2712 2142 4195 3915 3789 1495 4250 718 2874 3707 4113 2517 4583 5953 4677 4640 
61 3000 3472 2831 3099 3299 3834 1929 4369 3118 2266 1030 2253 3584 3516 4974 1290 1523 4738 2661 4197 3755 2652 4427 3766 2435 2073 2310 4155 1244 3733 491 4301 1053 2341 3701 2969 4202 2681 1320 4037 5256 2173 3144 3595 2176 4869 2572 3961 4958 4571 4914 3166 4003 4356 1489 1076 4137 4407 825 2698 726 0 4062 3451 2231 3895 3646 1374 4621 4024 2783 4055 5540 1949 1183 3091 3176 969 2674 1207 1545 1422 1056 2021 2451 1992 1487 3470 3257 3895 823 3525 793 3353 3239 3513 2970 3896 5370 4053 3914 
62 3000 3797 6469 4775 6893 898 2305 6363 1399 3936 5091 3343 2888 7300 2427 4604 2969 738 5203 1492 425 1537 4416 3505 2918 6135 4510 700 4486 4839 4435 5163 4999 5143 1468 5000 3567 4503 4208 233 4889 2084 6277 7368 3753 5954 2231 7018 2952 2253 5675 6363 6912 4711 3433 3513 6916 2047 4245 1573 4775 4062 0 6058 2992 3893 2840 5308 6706 5108 6313 3024 5938 5519 5177 5388 1585 3130 3316 3664 5226 4708 5101 2041 4774 2078 2698 1109 1273 6745 3290 740 4665 7136 4074 3218 6743 2251 4226 3134 964 
63 3000 2776 1815 1445 1834 5359 3931 1112 5800 2122 3225 5641 3697 2470 5445 2160 4759 6472 893 5267 5961 4585 3128 3299 3149 3511 1562 5738 2214 1915 3034 2229 2765 5593 4883 1109 3658 1579 4741 5909 3755 4083 829 2477 2306 2223 3829 1079 5016 5107 2553 944 889 2757 4891 4476 857 5084 2641 4512 3463 3451 6058 0 5538 3054 3785 2641 1249 1942 1565 3981 3221 1815 2850 692 4529 4039 2813 4643 4443 2029 3509 4471 1298 4371 4490 5014 5890 711 3985 5324 2781 2387 2322 3354 2207 4458 4488 3886 5373 
64 3000 4621 5058 4820 5526 3293 2227 6315 1612 3830 3072 356 4225 5701 4906 3432 781 3726 4675 3909 2572 2358 5563 4678 3348 3936 4144 3444 3353 5288 2722 5812 3257 2194 3512 4822 5005 4406 1505 3097 6313 2312 5342 5783 3663 6517 2971 6163 5176 4567 6435 5374 6181 5651 792 1167 6292 4351 2936 2493 2684 2231 2992 5538 0 4959 4244 3566 6608 5601 5015 4629 6954 4178 3347 5056 3100 1504 3786 1123 2620 3569 2933 1701 4359 1795 1140 3069 1757 6058 1553 2856 3024 5542 4596 4351 5170 4106 6069 4685 3401 
65 3000 432 4415 1645 4652 3014 2734 2820 4325 1743 4466 5231 1005 5256 2491 3185 4293 4033 2558 2637 3992 2887 605 390 1622 5315 2111 3337 3109 1208 3828 1319 4053 6166 2441 2024 606 1748 5041 3680 1384 2685 3687 5290 1761 2092 2054 4131 1986 2220 1783 3809 3916 818 4694 4398 3805 2269 3290 2752 4427 3895 3893 3054 4959 0 1060 4191 3152 1368 4163 1035 2096 3757 4249 2412 2370 3720 1242 4634 5421 3169 4680 3302 2244 3196 3853 2798 4340 3739 3793 3201 3801 5127 829 689 4815 1737 1593 919 2976 
66 3000 1072 4847 2344 5160 1955 2061 3763 3388 1949 4416 4551 89 5718 1678 3291 3669 2977 3107 1596 2962 1986 1581 670 1217 5380 2496 2276 3190 2146 3715 2366 4077 5745 1381 2680 793 2261 4606 2624 2158 1935 4283 5764 1860 3148 1279 4854 1392 1322 2842 4396 4673 1874 4123 3897 4602 1306 3235 1844 4287 3646 2840 3785 4244 1060 0 4283 4104 2368 4618 413 3107 4046 4283 3098 1366 3219 1157 4132 5187 3320 4582 2543 2710 2450 3218 1757 3385 4495 3327 2165 3773 5572 1481 445 5221 705 1834 443 1916 
67 3000 3763 1517 2899 1981 4949 3040 3715 4472 2453 616 3536 4204 2144 5825 1010 2892 5942 2112 5196 5039 3815 4606 4190 3107 1124 2150 5300 1100 3620 905 4163 322 3010 4704 2621 4644 2565 2353 5253 5421 3282 2082 2224 2472 4540 3492 2842 5671 5421 4711 2062 2952 4412 2789 2398 3136 5293 1113 3827 953 1374 5308 2641 3566 4191 4283 0 3889 3850 1530 4656 5389 835 240 2550 4195 2325 3150 2471 1816 1022 890 3289 2137 3237 2851 4570 4606 2885 2189 4702 644 1982 3395 4021 1605 4709 5775 4620 5014 
68 3000 3031 2956 1947 2849 5916 4784 344 6666 2903 4469 6745 4025 3448 5643 3340 5827 7012 1962 5689 6678 5337 2982 3493 3817 4744 2473 6280 3376 1962 4234 1936 4004 6822 5383 1815 3734 2291 5931 6528 3366 4892 1970 3432 3093 1490 4504 1697 5112 5365 1934 2058 1415 2560 6012 5604 1175 5394 3797 5241 4693 4621 6706 1249 6608 3152 4104 3889 0 1790 2729 4181 2478 3064 4096 1553 5124 5105 3393 5788 5686 3216 4752 5366 2249 5259 5512 5610 6738 1322 5074 5967 3997 3405 2661 3659 3312 4809 4273 4069 5908 
69 3000 1318 3605 958 3730 4267 3498 1466 5304 1806 4285 5814 2296 4365 3856 2954 4855 5332 1807 3965 5143 3887 1231 1726 2386 4927 1754 4614 2925 313 3792 318 3817 6365 3709 1241 1945 1351 5312 4912 1813 3538 2712 4381 1952 920 3018 2968 3323 3588 891 2836 2719 829 5162 4798 2567 3631 3253 3770 4368 4024 5108 1942 5601 1368 2368 3850 1790 0 3342 2403 1546 3199 3981 1465 3530 4177 1918 5018 5413 2881 4545 4103 1714 3992 4461 3999 5348 2551 4199 4383 3660 4262 1072 1934 4016 3070 2580 2288 4244 
70 3000 3791 262 2555 580 5782 4014 2661 5705 2678 2139 5021 4530 1102 6284 1732 4290 6860 1611 5869 6114 4776 4401 4302 3644 2073 2124 6158 1845 3220 2293 3655 1794 4505 5414 2179 4727 2423 3880 6212 5126 4228 760 1146 2800 3771 4217 1357 5978 5903 4066 675 1521 4091 4262 3855 1743 5826 2175 4748 2482 2783 6313 1565 5015 4163 4618 1530 2729 3342 0 4913 4748 847 1771 1878 4960 3639 3482 3957 3283 1615 2397 4418 1935 4340 4159 5406 5825 1504 3531 5629 1991 965 3340 4247 673 5197 5723 4843 5824 
71 3000 1206 5150 2537 5442 2126 2464 3846 3700 2274 4810 4941 471 6015 1475 3656 4070 3065 3363 1652 3193 2333 1431 695 1622 5760 2790 2406 3558 2224 4113 2346 4459 6157 1558 2894 550 2514 5019 2798 1877 2328 4533 6058 2205 3101 1677 5059 1064 1184 2751 4650 4862 1788 4529 4308 4772 1239 3624 2191 4689 4055 3024 3981 4629 1035 413 4656 4181 2403 4913 0 2928 4380 4664 3306 1661 3630 1509 4542 5598 3677 4981 2928 2985 2838 3619 1991 3685 4684 3740 2397 4161 5874 1659 666 5532 776 1440 120 2068 
72 3000 2352 5008 2505 5055 5043 4760 2305 6420 3283 5832 7198 3069 5690 4111 4500 6242 5985 3312 4572 6068 4980 1526 2464 3618 6453 3298 5334 4469 1813 5330 1245 5363 7881 4469 2769 2377 2890 6806 5717 1245 4743 4047 5693 3402 1018 4135 4080 3470 3980 687 4165 3801 1314 6591 6249 3589 4103 4787 4846 5910 5540 5938 3221 6954 2096 3107 5389 2478 1546 4748 2928 0 4710 5525 2920 4457 5600 3169 6476 6955 4428 6092 5350 3258 5241 5822 4865 6437 3664 5641 5272 5205 5609 2373 2784 5412 3703 2242 2812 4991 
73 3000 3350 955 2287 1404 5035 3214 2905 4866 2106 1441 4198 3961 1786 5676 915 3447 6092 1398 5176 5303 3985 4094 3828 2972 1753 1646 5405 1032 3006 1463 3518 1021 3836 4704 1958 4274 2029 3107 5430 4879 3437 1260 1851 2187 3809 3490 2048 5433 5283 4023 1254 2134 3846 3436 3025 2309 5185 1332 3968 1734 1949 5519 1815 4178 3757 4046 835 3064 3199 847 4380 4710 0 1059 1805 4228 2791 2889 3139 2651 815 1721 3589 1546 3516 3312 4655 4988 2058 2684 4853 1163 1623 2931 3718 1236 4568 5349 4324 5084 
74 3000 3819 1754 3024 2215 4853 2935 3911 4298 2506 382 3308 4206 2355 5790 1069 2687 5825 2279 5128 4895 3702 4687 4226 3088 1097 2254 5198 1140 3740 744 4291 206 2778 4633 2765 4681 2672 2114 5131 5508 3179 2314 2436 2507 4697 3430 3080 5663 5385 4851 2298 3186 4511 2565 2181 3366 5249 1060 3723 713 1183 5177 2850 3347 4249 4283 240 4096 3981 1771 4664 5525 1059 0 2722 4118 2147 3166 2244 1595 1111 662 3146 2267 3100 2669 4476 4435 3116 2006 4589 536 2194 3469 4042 1824 4677 5824 4634 4921 
75 3000 2107 2140 773 2290 4674 3312 1279 5193 1459 3071 5192 3009 2918 4763 1834 4275 5788 447 4575 5305 3934 2558 2632 2472 3558 944 5052 1855 1353 2735 1779 2593 5349 4193 418 3010 892 4410 5234 3253 3448 1288 2940 1648 2004 3157 1756 4352 4420 2232 1412 1581 2223 4461 4055 1540 4394 2265 3855 3241 3091 5388 692 5056 2412 3098 2550 1553 1465 1878 3306 2920 1805 2722 0 3847 3553 2123 4242 4270 1722 3349 3873 702 3769 3968 4333 5277 1404 3520 4652 2526 2807 1648 2671 2551 3767 3906 3215 4686 
76 3000 2228 5147 3203 5538 835 1253 4781 2039 2420 4133 3437 1391 6008 1880 3337 2674 1946 3702 1021 1626 741 2933 1992 1382 5175 3011 1216 3220 3255 3420 3599 3919 4902 524 3447 2153 2955 3801 1403 3518 1019 4825 6068 2249 4390 743 5526 2076 1503 4135 4921 5400 3185 3168 3053 5385 1302 3083 611 3895 3176 1585 4529 3100 2370 1366 4195 5124 3530 4960 1661 4457 4228 4118 3847 0 2446 1742 3268 4608 3417 4221 1465 3271 1408 2248 488 2025 5228 2592 853 3582 5848 2489 1681 5464 1016 3057 1749 865 
77 3000 3336 3720 3349 4184 2999 1219 4815 2150 2377 1992 1655 3175 4452 4315 1971 723 3827 3171 3444 2804 1817 4305 3503 2111 3019 2647 3290 1881 3866 1419 4411 2002 2528 2960 3327 3894 2928 1393 3124 5103 1432 3887 4529 2225 5080 1988 4707 4405 3924 5038 3929 4707 4328 990 683 4807 3737 1483 1892 1653 969 3130 4039 1504 3720 3219 2325 5105 4177 3639 3630 5600 2791 2147 3553 2446 0 2485 920 2177 2106 1975 1110 2856 1107 527 2656 2288 4578 160 2649 1703 4287 3227 3202 3898 3308 5036 3656 3088 
78 3000 850 3705 1460 4035 2558 1602 3051 3386 803 3333 4037 1072 4577 2803 2147 3087 3670 2038 2465 3289 1981 1819 1094 468 4259 1379 2934 2050 1614 2657 2072 2962 4924 2070 1714 1539 1233 3798 3144 2626 1621 3205 4626 702 2832 1121 3844 2547 2420 2680 3312 3696 1865 3467 3160 3663 2351 2143 1871 3249 2674 3316 2813 3786 1242 1157 3150 3393 1918 3482 1509 3169 2889 3166 2123 1742 2485 0 3395 4214 2169 3524 2203 1617 2092 2658 2231 3433 3521 2552 2576 2676 4429 849 876 4072 1718 2704 1470 2565 
79 3000 4243 3980 4145 4447 3712 2099 5521 2435 3212 1954 1065 4090 4592 5148 2486 696 4395 3826 4228 3282 2576 5214 4422 3030 2820 3394 3955 2429 4712 1678 5268 2173 1637 3763 4072 4814 3720 550 3708 6018 2286 4350 4674 3077 5904 2884 5166 5283 4767 5893 4369 5210 5220 331 236 5344 4570 2002 2677 1565 1207 3664 4643 1123 4634 4132 2471 5788 5018 3957 4542 6476 3139 2244 4242 3268 920 3395 0 1595 2621 1809 1825 3571 1864 1034 3404 2587 5102 842 3317 1975 4434 4110 4122 4069 4183 5954 4571 3810 
