FILE: 211EuclS.txt
100 100 0 
1 3000 0 5521 5610 1682 3912 3074 1545 1421 3552 431 4064 6226 4750 1589 532 2952 2379 5078 6116 6798 3220 4912 1664 1538 5432 2570 3627 5294 4088 5421 1446 916 3101 1151 5557 5347 5614 6017 2940 3347 3608 4231 4179 4463 987 3784 3488 4420 4702 521 3405 4830 3326 5489 5247 5149 5636 4699 5779 3068 6147 6718 1900 3968 5808 1729 3700 4016 1242 2764 3885 3016 1077 4252 5280 3064 284 4696 1631 4720 757 5310 6957 3994 3774 2739 2689 5260 4681 1545 3378 4170 1938 4581 1876 5938 2468 3473 3229 5915 
2 3000 5521 0 839 6797 2448 4467 4791 6639 2175 5119 2531 2606 2747 4070 5960 5865 4773 2469 1258 2399 4857 2426 4727 4032 2989 3685 2996 2529 4887 3721 4074 6272 3895 6626 936 816 6846 2566 4486 5633 3494 1867 1342 1458 4879 1768 3625 1237 1114 5002 3674 1724 3301 872 5433 831 2167 1843 1053 4222 2422 1752 5217 2902 592 4111 5523 2475 5642 2985 4228 4429 5315 3960 1270 2552 5524 3325 6795 2908 4859 2124 2140 2457 4758 4490 3015 3170 3150 7021 3786 3006 4203 5180 3673 3594 4489 3177 4027 401 
3 3000 5610 839 0 7020 3057 5001 4667 6836 2604 5237 3179 3443 3505 4290 6087 6345 4502 1745 2051 3184 5406 1740 4586 4076 3803 4108 3585 3341 5535 2967 4183 6427 4428 6749 119 1641 7544 3405 4126 6171 3050 2495 1591 1176 5093 2094 3198 1203 907 5104 3262 1129 2943 1709 6167 464 3003 2584 1884 4755 3258 2464 5584 2422 1390 4387 6105 3110 5544 2901 3709 4057 5563 3379 552 2864 5569 4071 7007 3662 5014 2943 2861 2036 5375 4165 2957 2422 3897 7047 3372 3688 4064 5867 3849 4423 4213 3746 4582 987 
4 3000 1682 6797 7020 0 4781 3237 3220 278 4666 1896 4871 6963 5412 2736 1162 2341 4035 6687 7172 7659 3166 6519 3340 3084 6019 3304 4349 6005 3998 7096 2885 787 3545 859 6983 6471 4934 6747 4612 2885 5280 5233 5487 5927 1928 5029 5164 5817 6123 2051 5082 6360 4982 6596 5031 6556 6447 5627 6854 3357 6924 7739 1882 5606 6984 2691 3311 4852 2724 4311 5566 4690 1485 5935 6756 4246 1900 5179 85 5333 2035 6128 7916 5587 3739 4412 4225 6915 5221 1659 5058 4796 3614 4396 3170 6382 4143 4155 3582 7172 
5 3000 3912 2448 3057 4781 0 2036 3879 4686 793 3481 222 2318 987 2325 4212 3463 4299 3904 2427 2906 2416 3768 3877 2803 1675 1477 550 1418 2478 5021 2646 4436 1475 4842 3090 1840 4513 2114 4337 3193 3833 580 1650 2538 3023 1256 3877 2173 2452 3420 3870 3145 3456 1931 3213 2691 1724 849 2136 1795 2234 2968 2993 3533 2394 2204 3075 132 4528 2513 4621 4326 3332 4600 3135 1164 4027 1305 4799 1046 3157 1398 3135 3125 2321 4232 2456 4533 1171 5448 3957 723 3461 2833 2153 2318 4083 741 1588 2725 
6 3000 3074 4467 5001 3237 2036 0 3852 3239 2413 2724 2013 3848 2314 1956 3121 1441 4573 5483 4399 4623 412 5323 3911 2834 2838 1092 1488 2911 1059 6402 2521 3183 574 3602 5016 3874 2991 3634 4870 1170 4828 2611 3452 4243 2102 2955 4804 3949 4265 2761 4762 4835 4425 3957 2221 4590 3419 2820 4136 246 3842 4881 1372 4772 4428 1655 1153 2040 4135 3390 5497 4899 2089 5643 4975 2314 3305 1976 3282 2202 2422 3129 4972 4486 740 4702 3296 6001 2045 4392 4810 1725 3724 1573 2224 3149 4466 1295 454 4759 
7 3000 1545 4791 4667 3220 3879 3852 0 2951 3260 1492 4082 6127 4848 1907 2057 4203 849 3782 5651 6531 4128 3628 121 1105 5547 2966 3805 5289 4911 3946 1363 2437 3647 2565 4590 4842 6719 5939 1394 4481 2167 3991 3505 3492 1972 3260 2028 3573 3794 1355 1940 3711 1964 4996 6064 4236 5494 4500 5310 3751 6009 6265 3065 2634 5202 2201 4757 4007 881 1806 2348 1471 2365 2736 4241 2765 1321 4979 3163 4870 1618 5185 6569 2782 4593 1193 1778 3849 4909 2530 1894 4370 603 5425 1797 6157 923 3719 3829 5191 
8 3000 1421 6639 6836 278 4686 3239 2951 0 4528 1662 4787 6902 5356 2569 894 2458 3761 6456 7056 7579 3204 6288 3071 2859 5979 3213 4274 5944 4055 6841 2676 513 3506 606 6796 6340 5095 6686 4342 2987 5027 5118 5319 5729 1760 4871 4908 5633 5934 1815 4825 6149 4735 6469 5117 6372 6371 5527 6734 3340 6856 7631 1868 5366 6845 2551 3408 4763 2446 4092 5298 4420 1357 5672 6557 4094 1629 5152 212 5285 1829 6049 7819 5359 3783 4142 4008 6670 5184 1444 4799 4741 3358 4472 2988 6369 3874 4085 3559 7019 
9 3000 3552 2175 2604 4666 793 2413 3260 4528 0 3126 1014 2868 1748 1994 3929 3741 3592 3191 2565 3302 2822 3045 3240 2245 2404 1517 1129 2074 3080 4262 2162 4204 1845 4586 2610 1815 5154 2685 3582 3577 3040 731 1039 1866 2782 550 3086 1543 1855 3036 3081 2472 2665 1949 3932 2180 2235 1240 2230 2168 2749 3165 3041 2745 2318 1977 3543 920 3984 1749 3830 3566 3181 3807 2564 506 3617 2098 4670 1827 2827 1929 3412 2348 2869 3489 1702 3791 1964 5095 3170 1502 2786 3491 1686 3072 3359 1234 2016 2528 
10 3000 431 5119 5237 1896 3481 2724 1492 1662 3126 0 3634 5795 4325 1157 850 2769 2342 4794 5691 6367 2906 4626 1600 1199 5010 2153 3203 4865 3760 5220 1054 1202 2709 1513 5188 4926 5381 5587 2856 3112 3404 3801 3779 4103 623 3372 3296 4040 4330 157 3217 4498 3092 5067 4924 4774 5205 4268 5355 2699 5716 6291 1658 3710 5392 1305 3439 3585 1445 2434 3761 2923 886 4096 4927 2642 590 4284 1860 4297 333 4879 6528 3696 3442 2655 2353 5022 4264 1975 3204 3749 1760 4262 1457 5524 2380 3052 2847 5511 
11 3000 4064 2531 3179 4871 222 2013 4082 4787 1014 3634 0 2162 771 2484 4346 3452 4515 4093 2397 2791 2374 3960 4082 2999 1466 1574 543 1237 2361 5223 2830 4556 1472 4967 3219 1872 4369 1952 4558 3150 4054 684 1828 2720 3156 1458 4099 2347 2616 3580 4092 3325 3678 1947 3040 2832 1589 809 2124 1779 2090 2911 3054 3747 2425 2344 3004 94 4715 2735 4842 4548 3441 4819 3287 1384 4189 1088 4893 824 3307 1265 3053 3335 2228 4452 2678 4730 950 5593 4179 532 3673 2690 2339 2100 4301 746 1558 2784 
12 3000 6226 2606 3443 6963 2318 3848 6127 6902 2868 5795 2162 0 1553 4642 6503 5230 6434 4995 1482 857 4098 4920 6109 5086 1061 3713 2636 958 3656 6249 4954 6701 3431 7115 3543 1856 5142 216 6352 4794 5598 2139 3014 3727 5313 2991 5689 3353 3448 5738 5709 4196 5288 1752 3650 3364 637 1630 1562 3666 184 1507 5097 5120 2075 4505 4505 2210 6824 4543 6397 6322 5574 6241 3849 3362 6345 1911 6992 1647 5469 941 1360 4655 3704 6286 4516 5701 1810 7755 5812 2169 5650 3699 4461 1263 6186 2818 3430 2538 
13 3000 4750 2747 3505 5412 987 2314 4848 5356 1748 4325 771 1553 0 3193 4993 3727 5286 4650 2235 2308 2596 4531 4850 3758 700 2195 1123 599 2308 5831 3575 5171 1877 5589 3567 1966 4129 1337 5320 3332 4773 1194 2389 3270 3808 2115 4827 2880 3105 4283 4826 3854 4407 1983 2689 3231 1112 923 2049 2121 1531 2630 3543 4425 2474 3021 3093 855 5462 3491 5569 5308 4039 5518 3717 2152 4894 582 5442 163 3993 851 2676 3993 2279 5218 3438 5317 409 6259 4916 616 4445 2500 3088 1331 5070 1288 1884 2906 
14 3000 1589 4070 4290 2736 2325 1956 1907 2569 1994 1157 2484 4642 3193 0 1935 2588 2619 4159 4556 5210 2261 3989 1959 888 3886 1092 2077 3719 3010 4833 566 2215 1749 2592 4258 3807 4890 4435 2949 2732 3096 2649 2752 3228 809 2302 3037 3089 3400 1096 2978 3710 2713 3943 4159 3827 4048 3111 4224 1844 4560 5151 1512 3210 4294 303 2942 2432 2322 1782 3667 2986 1274 3887 4055 1533 1705 3204 2728 3177 841 3722 5378 3060 2694 2771 1683 4527 3165 3131 3005 2636 1782 3525 471 4431 2524 1944 1925 4451 
15 3000 532 5960 6087 1162 4212 3121 2057 894 3929 850 4346 6503 4993 1935 0 2748 2875 5604 6492 7117 3201 5437 2177 2038 5657 2798 3875 5557 4078 5952 1905 385 3244 666 6039 5740 5439 6291 3450 3202 4140 4578 4622 4953 1190 4205 4019 4890 5181 987 3935 5338 3858 5877 5214 5625 5933 5027 6159 3157 6437 7085 1819 4498 6218 2008 3587 4307 1617 3271 4404 3527 1031 4778 5775 3458 738 4881 1106 4946 1106 5607 7306 4516 3775 3249 3193 5792 4883 1283 3907 4394 2469 4549 2289 6122 2980 3705 3344 6350 
16 3000 2952 5865 6345 2341 3463 1441 4203 2458 3741 2769 3452 5230 3727 2588 2748 0 5028 6617 5840 6030 1133 6451 4295 3423 4189 2248 2920 4316 1774 7398 3099 2630 1988 2986 6348 5304 2692 5020 5458 556 5684 4030 4763 5483 2231 4258 5625 5231 5554 2877 5566 6047 5298 5391 2705 5914 4839 4260 5576 1672 5240 6319 1140 5762 5857 2320 983 3475 4182 4327 6241 5508 1892 6475 6260 3533 3232 3323 2412 3603 2585 4557 6399 5554 1589 5266 4228 7058 3420 3850 5590 3156 4281 2096 3015 4390 5001 2722 1895 6173 
17 3000 2379 4773 4502 4035 4299 4573 849 3761 3592 2342 4515 6434 5286 2619 2875 5028 0 3341 5770 6741 4877 3205 743 1740 5972 3608 4321 5665 5622 3280 2052 3248 4305 3331 4410 4966 7495 6261 611 5281 1635 4303 3593 3365 2800 3462 1475 3536 3697 2203 1388 3445 1581 5121 6758 4111 5797 4809 5438 4447 6299 6375 3888 2214 5251 2922 5536 4431 1439 1902 1590 701 3210 2025 4017 3138 2136 5493 3974 5331 2453 5506 6710 2489 5308 436 1920 3273 5403 3153 1306 4870 871 6135 2399 6615 288 4265 4497 5163 
18 3000 5078 2469 1745 6687 3904 5483 3782 6456 3191 4794 4093 4995 4650 4159 5604 6617 3341 0 3727 4868 5892 170 3675 3604 5119 4425 4319 4669 6260 1256 3833 5980 4953 6219 1626 3140 8339 4916 2825 6589 1709 3471 2272 1381 4863 2658 1871 1770 1575 4641 1956 809 1820 3254 7112 1648 4463 3771 3499 5253 4815 4193 5646 1150 3061 4362 6637 4004 4641 2399 2151 2739 5370 1743 1212 3170 4953 5146 6654 4783 4669 4316 4588 1106 6031 2930 2492 706 4984 6309 2047 4623 3216 6682 3689 5790 3070 4419 5143 2716 
19 3000 6116 1258 2051 7172 2427 4399 5651 7056 2565 5691 2397 1482 2235 4556 6492 5840 5770 3727 0 1141 4739 3682 5605 4744 2182 3886 2939 1784 4542 4979 4706 6758 3869 7146 2162 809 6310 1512 5561 5504 4645 1938 2177 2627 5331 2399 4763 2318 2298 5598 4802 2972 4403 654 4831 2084 1263 1589 341 4172 1305 614 5419 4086 668 4513 5304 2386 6452 3890 5410 5513 5699 5174 2526 3052 6171 2792 7184 2393 5392 1403 943 3625 4494 5537 3895 4428 2632 7657 4912 2711 5098 4723 4243 2653 5496 3142 3945 1087 
20 3000 6798 2399 3184 7659 2906 4623 6531 7579 3302 6367 2791 857 2308 5210 7117 6030 6741 4868 1141 0 4897 4821 6499 5546 1907 4366 3310 1714 4499 6120 5455 7342 4168 7749 3297 1833 5994 1040 6584 5613 5722 2582 3177 3734 5929 3287 5831 3401 3415 6294 5864 4108 5455 1687 4504 3223 1215 2099 1394 4426 798 831 5817 5185 1808 5109 5338 2819 7284 4840 6501 6543 6232 6287 3667 3808 6892 2733 7682 2427 6049 1531 548 4720 4531 6543 4829 5569 2616 8341 5973 2907 6012 4555 4970 2090 6477 3505 4189 2204 
21 3000 3220 4857 5406 3166 2416 412 4128 3204 2822 2906 2374 4098 2596 2261 3201 1133 4877 5892 4739 4897 0 5732 4195 3149 3061 1487 1865 3183 877 6801 2828 3214 978 3622 5422 4245 2635 3887 5203 777 5206 2995 3861 4655 2284 3366 5177 4360 4676 2962 5132 5247 4804 4321 2026 4997 3709 3173 4487 654 4107 5201 1388 5168 4799 1958 746 2409 4342 3775 5859 5236 2181 6020 5385 2725 3469 2193 3220 2470 2625 3432 5271 4890 581 5029 3679 6405 2288 4445 5177 2036 4043 1360 2571 3296 4786 1680 830 5141 
22 3000 4912 2426 1740 6519 3768 5323 3628 6288 3045 4626 3960 4920 4531 3989 5437 6451 3205 170 3682 4821 5732 0 3521 3435 5014 4262 4175 4567 6109 1331 3663 5813 4796 6055 1621 3069 8189 4835 2701 6426 1580 3347 2146 1261 4693 2518 1742 1655 1481 4473 1825 723 1668 3188 6972 1597 4377 3661 3442 5094 4741 4164 5476 1000 3018 4193 6477 3870 4490 2228 2068 2617 5199 1681 1193 3012 4790 5020 6486 4662 4499 4220 4557 936 5877 2799 2322 791 4859 6152 1920 4489 3057 6535 3519 5688 2931 4271 4988 2694 
23 3000 1664 4727 4586 3340 3877 3911 121 3071 3240 1600 4082 6109 4850 1959 2177 4295 743 3675 5605 6499 4195 3521 0 1130 5548 3005 3820 5281 4969 3826 1406 2558 3691 2686 4507 4796 6794 5924 1276 4563 2051 3971 3451 3412 2064 3221 1910 3504 3718 1460 1822 3618 1855 4950 6118 4158 5475 4481 5265 3804 5988 6219 3155 2525 5147 2257 4833 4005 975 1742 2227 1351 2467 2614 4153 2751 1442 4995 3283 4876 1713 5169 6527 2683 4651 1074 1721 3733 4922 2642 1775 4383 524 5483 1821 6164 803 3739 3875 5126 
24 3000 1538 4032 4076 3084 2803 2834 1105 2859 2245 1199 2999 5086 3758 888 2038 3423 1740 3604 4744 5546 3149 3435 1130 0 4459 1881 2702 4220 3882 4114 328 2400 2573 2687 4020 3948 5778 4891 2063 3606 2320 2971 2694 2924 1315 2352 2238 2893 3169 1052 2170 3300 1968 4097 5018 3617 4461 3474 4402 2706 4978 5356 2302 2547 4367 1191 3829 2928 1741 1235 2819 2103 1814 3079 3741 1739 1498 3874 3053 3774 1070 4145 5633 2502 3568 1883 1155 3871 3808 2991 2182 3268 893 4395 692 5059 1636 2613 2762 4431 
25 3000 5432 2989 3803 6019 1675 2838 5547 5979 2404 5010 1466 1061 700 3886 5657 4189 5972 5119 2182 1907 3061 5014 5548 4459 0 2866 1809 462 2595 6334 4276 5820 2474 6241 3882 2173 4160 866 5987 3741 5390 1771 2910 3757 4479 2710 5454 3362 3547 4973 5458 4311 5036 2138 2669 3598 918 1359 2098 2676 1114 2424 4138 5003 2593 3704 3445 1544 6162 4154 6191 5971 4684 6112 4095 2834 5583 867 6054 712 4677 864 2368 4557 2647 5891 4105 5806 799 6931 5551 1264 5137 2655 3789 685 5751 1959 2444 3059 
26 3000 2570 3685 4108 3304 1477 1092 2966 3213 1517 2153 1574 3713 2195 1092 2798 2248 3608 4425 3886 4366 1487 4262 3005 1881 2866 0 1078 2761 2060 5314 1602 2988 697 3402 4106 3228 4074 3499 3847 2164 3741 1955 2520 3239 1614 2015 3722 2982 3305 2131 3682 3813 3337 3341 3160 3670 3162 2324 3578 896 3655 4440 1547 3682 3766 856 2232 1550 3414 2300 4424 3868 1866 4556 4012 1287 2736 2132 3323 2153 1820 2838 4612 3406 1764 3689 2206 4922 2110 4065 3735 1601 2740 2562 1210 3371 3469 907 895 4024 
27 3000 3627 2996 3585 4349 550 1488 3805 4274 1129 3203 543 2636 1123 2077 3875 2920 4321 4319 2939 3310 1865 4175 3820 2702 1809 1078 0 1683 1972 5383 2490 4065 933 4480 3612 2386 4035 2421 4435 2642 4062 1130 2115 2981 2687 1666 4085 2637 2933 3163 4067 3590 3668 2471 2807 3203 2098 1350 2661 1249 2582 3455 2516 3834 2940 1898 2530 556 4371 2664 4826 4436 2938 4855 3629 1309 3773 1176 4373 1099 2871 1779 3590 3459 1791 4309 2592 4919 1106 5138 4144 567 3457 2365 2015 2365 4131 202 1037 3276 
28 3000 5294 2529 3341 6005 1418 2911 5289 5944 2074 4865 1237 958 599 3719 5557 4316 5665 4669 1784 1714 3183 4567 5281 4220 462 2761 1683 0 2831 5891 4063 5747 2476 6163 3419 1713 4526 742 5645 3906 5001 1391 2483 3314 4368 2322 5071 2920 3095 4815 5080 3860 4656 1685 3047 3137 553 934 1666 2721 932 2100 4140 4591 2149 3567 3647 1298 5946 3813 5803 5625 4618 5706 3634 2537 5424 1049 6034 712 4536 409 2107 4139 2835 5559 3772 5359 913 6815 5176 1212 4848 2960 3571 1121 5433 1862 2484 2610 
29 3000 4088 4887 5535 3998 2478 1059 4911 4055 3080 3760 2361 3656 2308 3010 4078 1774 5622 6260 4542 4499 877 6109 4969 3882 2595 2060 1972 2831 0 7265 3573 4087 1382 4492 5569 4182 2079 3460 5898 1241 5780 3041 4087 4945 3136 3627 5770 4608 4905 3806 5733 5552 5375 4230 1165 5168 3384 3078 4339 1178 3701 4927 2264 5661 4723 2711 873 2425 5184 4335 6480 5923 3057 6594 5601 3123 4331 1781 4057 2154 3467 3156 4933 5333 320 5735 4245 6829 1925 5319 5790 1888 4767 514 3249 2673 5506 1846 1178 5117 
30 3000 5421 3721 2967 7096 5021 6402 3946 6841 4262 5220 5223 6249 5831 4833 5952 7398 3280 1256 4979 6120 6801 1331 3826 4114 6334 5314 5383 5891 7265 0 4400 6337 5910 6505 2849 4395 9340 6165 2676 7445 1816 4638 3442 2577 5428 3765 1933 2971 2812 5063 2017 2053 2146 4510 8191 2904 5708 4977 4755 6187 6069 5430 6345 1639 4312 5082 7546 5130 4709 3070 1733 2584 5928 1265 2455 4142 5240 6298 7050 5955 5171 5549 5826 1932 7011 2845 3169 551 6143 6426 2052 5744 3483 7715 4386 7012 3070 5457 6110 3951 
31 3000 1446 4074 4183 2885 2646 2521 1363 2676 2162 1054 2830 4954 3575 566 1905 3099 2052 3833 4706 5455 2828 3663 1406 328 4276 1602 2490 4063 3573 4400 0 2246 2285 2568 4136 3924 5454 4754 2390 3278 2621 2873 2732 3057 1037 2345 2546 2985 3277 928 2481 3475 2256 4069 4716 3720 4338 3365 4366 2402 4855 5314 1983 2810 4370 870 3503 2765 1887 1436 3142 2431 1543 3391 3883 1659 1467 3651 2861 3579 849 4017 5573 2726 3257 2209 1346 4135 3595 2962 2497 3057 1218 4087 492 4856 1960 2385 2469 4469 
32 3000 916 6272 6427 787 4436 3183 2437 513 4204 1202 4556 6701 5171 2215 385 2630 3248 5980 6758 7342 3214 5813 2558 2400 5820 2988 4065 5747 4087 6337 2246 0 3370 422 6381 6020 5315 6487 3828 3121 4525 4831 4940 5302 1426 4509 4404 5226 5521 1348 4320 5700 4241 6154 5196 5963 6146 5264 6429 3248 6643 7344 1829 4879 6509 2247 3526 4523 1948 3635 4785 3907 1136 5162 6127 3748 1116 5020 726 5115 1417 5821 7552 4889 3795 3628 3555 6175 5035 1237 4292 4564 2854 4537 2600 6254 3360 3886 3451 6658 
33 3000 3101 3895 4428 3545 1475 574 3647 3506 1845 2709 1472 3431 1877 1749 3244 1988 4305 4953 3869 4168 978 4796 3691 2573 2474 697 933 2476 1382 5910 2285 3370 0 3792 4443 3316 3434 3214 4543 1744 4397 2045 2884 3689 2115 2391 4387 3386 3700 2713 4351 4286 3993 3404 2463 4019 2953 2281 3595 327 3405 4371 1668 4294 3869 1476 1700 1490 4045 2953 5099 4563 2236 5212 4409 1784 3299 1651 3579 1790 2383 2649 4486 3983 1104 4387 2862 5491 1678 4527 4409 1264 3437 1874 1907 2884 4167 734 204 4192 
34 3000 1151 6626 6749 859 4842 3602 2565 606 4586 1513 4967 7115 5589 2592 666 2986 3331 6219 7146 7749 3622 6055 2686 2687 6241 3402 4480 6163 4492 6505 2568 422 3792 0 6699 6399 5655 6902 3929 3494 4706 5225 5288 5609 1822 4870 4576 5553 5842 1645 4490 5982 4447 6536 5591 6287 6556 5665 6815 3670 7055 7736 2242 5099 6881 2645 3906 4932 1946 3915 4902 4012 1557 5300 6429 4120 1272 5442 776 5534 1770 6231 7951 5142 4204 3733 3840 6375 5456 865 4452 4983 3040 4935 2954 6676 3475 4303 3873 7016 
35 3000 5557 936 119 6983 3090 5016 4590 6796 2610 5188 3219 3543 3567 4258 6039 6348 4410 1626 2162 3297 5422 1621 4507 4020 3882 4106 3612 3419 5569 2849 4136 6381 4443 6699 0 1728 7588 3501 4026 6184 2944 2535 1586 1106 5057 2091 3094 1169 861 5054 3159 1018 2846 1803 6220 437 3092 2645 1987 4770 3358 2582 5570 2316 1498 4362 6127 3148 5469 2835 3597 3956 5532 3264 436 2851 5511 4129 6969 3722 4971 3024 2978 1937 5404 4069 2893 2303 3955 6985 3269 3732 3987 5909 3813 4507 4121 3769 4601 1103 
36 3000 5347 816 1641 6471 1840 3874 4842 6340 1815 4926 1872 1856 1966 3807 5740 5304 4966 3140 809 1833 4245 3069 4796 3948 2173 3228 2386 1713 4182 4395 3924 6020 3316 6399 1728 0 6090 1789 4771 5021 3889 1283 1373 1914 4597 1597 3999 1569 1610 4827 4033 2345 3627 155 4655 1510 1364 1103 471 3635 1675 1422 4775 3355 554 3789 4871 1835 5647 3082 4668 4726 4988 4463 2000 2284 5391 2548 6478 2129 4636 1308 1743 2889 4082 4741 3086 3846 2374 6883 4142 2295 4289 4440 3471 2781 4693 2581 3422 942 
37 3000 5614 6846 7544 4934 4513 2991 6719 5095 5154 5381 4369 5142 4129 4890 5439 2692 7495 8339 6310 5994 2635 8189 6794 5778 4160 4074 4035 4526 2079 9340 5454 5315 3434 5655 7588 6090 0 4987 7837 2270 7816 5053 6148 7016 4788 5699 7795 6671 6961 5467 7753 7624 7412 6112 1493 7201 5063 5003 6165 3179 5242 6584 3725 7728 6604 4587 1961 4444 6821 6374 8488 7870 4538 8631 7649 5200 5889 3548 5013 3966 5146 4912 6499 7409 2330 7661 6281 8908 3720 6520 7802 3856 6672 1680 5205 3919 7414 3921 3232 7032 
38 3000 6017 2566 3405 6747 2114 3634 5939 6686 2685 5587 1952 216 1337 4435 6291 5020 6261 4916 1512 1040 3887 4835 5924 4891 866 3499 2421 742 3460 6165 4754 6487 3214 6902 3501 1789 4987 0 6193 4588 5462 1960 2882 3624 5101 2831 5548 3244 3356 5531 5566 4112 5144 1699 3493 3299 479 1452 1544 3451 255 1618 4881 4997 2062 4295 4304 2003 6628 4377 6262 6165 5359 6119 3789 3173 6139 1704 6776 1432 5259 756 1514 4533 3500 6123 4347 5620 1599 7545 5668 1952 5470 3518 4261 1157 6017 2603 3214 2532 
39 3000 2940 4486 4126 4612 4337 4870 1394 4342 3582 2856 4558 6352 5320 2949 3450 5458 611 2825 5561 6584 5203 2701 1276 2063 5987 3847 4435 5645 5898 2676 2390 3828 4543 3929 4026 4771 7837 6193 0 5667 1123 4258 3407 3039 3255 3362 962 3266 3381 2709 884 3027 1190 4925 7006 3768 5719 4751 5239 4720 6206 6153 4321 1744 5000 3251 5892 4469 2051 1833 979 91 3697 1415 3614 3176 2712 5587 4554 5382 2923 5446 6505 2089 5592 202 1882 2695 5481 3764 782 4961 1178 6406 2649 6650 476 4407 4742 4863 
40 3000 3347 5633 6171 2885 3193 1170 4481 2987 3577 3112 3150 4794 3332 2732 3202 556 5281 6589 5504 5613 777 6426 4563 3606 3741 2164 2642 3906 1241 7445 3278 3121 1744 3494 6184 5021 2270 4588 5667 0 5789 3772 4614 5387 2528 4115 5744 5105 5424 3202 5691 5970 5393 5097 2151 5756 4443 3946 5258 1416 4817 5953 1455 5806 5575 2439 428 3186 4552 4386 6395 5710 2270 6594 6134 3440 3620 2884 2953 3196 2887 4177 6007 5558 1098 5483 4287 7073 2997 4353 5726 2794 4490 1540 3112 3894 5225 2457 1606 5919 
41 3000 3608 3494 3050 5280 3833 4828 2167 5027 3040 3404 4054 5598 4773 3096 4140 5684 1635 1709 4645 5722 5206 1580 2051 2320 5390 3741 4062 5001 5780 1816 2621 4525 4397 4706 2944 3889 7816 5462 1123 5789 0 3619 2585 2037 3634 2681 162 2327 2379 3247 247 1931 404 4036 6806 2726 4982 4071 4341 4637 5438 5213 4595 631 4042 3367 5939 3961 2986 1444 802 1042 4129 814 2521 2753 3436 5135 5235 4864 3363 4743 5583 1038 5497 1220 1536 1682 5004 4688 341 4525 1671 6263 2679 6073 1372 4085 4602 3851 
42 3000 4231 1867 2495 5233 580 2611 3991 5118 731 3801 684 2139 1194 2649 4578 4030 4303 3471 1938 2582 2995 3347 3971 2971 1771 1955 1130 1391 3041 4638 2873 4831 2045 5225 2535 1283 5053 1960 4258 3772 3619 0 1200 2090 3405 939 3685 1705 1955 3721 3691 2685 3268 1388 3709 2150 1504 509 1624 2368 2017 2514 3499 3240 1832 2583 3655 616 4712 2429 4420 4236 3761 4344 2612 1233 4313 1676 5245 1316 3490 1203 2729 2802 2896 4178 2394 4129 1513 5776 3787 1202 3511 3373 2388 2455 4062 1316 2165 2147 
43 3000 4179 1342 1591 5487 1650 3452 3505 5319 1039 3779 1828 3014 2389 2752 4622 4763 3593 2272 2177 3177 3861 2146 3451 2694 2910 2520 2115 2483 4087 3442 2732 4940 2884 5288 1586 1373 6148 2882 3407 4614 2585 1200 0 893 3561 505 2680 523 820 3660 2705 1497 2288 1528 4864 1150 2403 1551 1844 3207 2852 2785 3994 2120 1698 2820 4581 1741 4336 1718 3383 3366 4013 3241 1526 1276 4182 2874 5480 2516 3524 2182 3116 1661 3892 3371 1730 2928 2713 5680 2810 2360 2935 4472 2339 3594 3320 2248 3052 1739 
44 3000 4463 1458 1176 5927 2538 4243 3492 5729 1866 4103 2720 3727 3270 3228 4953 5483 3365 1381 2627 3734 4655 1261 3412 2924 3757 3239 2981 3314 4945 2577 3057 5302 3689 5609 1106 1914 7016 3624 3039 5387 2037 2090 893 0 4012 1317 2166 394 343 3965 2216 609 1850 2051 5752 749 3156 2401 2340 4003 3554 3182 4615 1459 2008 3365 5389 2632 4368 1729 2784 2979 4499 2552 829 1952 4410 3766 5909 3402 3900 2978 3557 1002 4735 3055 1788 2051 3603 5879 2328 3252 2890 5346 2768 4434 3077 3099 3869 1825 
45 3000 987 4879 5093 1928 3023 2102 1972 1760 2782 623 3156 5313 3808 809 1190 2231 2800 4863 5331 5929 2284 4693 2064 1315 4479 1614 2687 4368 3136 5428 1037 1426 2115 1822 5057 4597 4788 5101 3255 2528 3634 3405 3561 4012 0 3110 3548 3890 4198 682 3478 4470 3282 4730 4301 4629 4743 3843 5003 2084 5246 5918 1093 3847 5093 822 2836 3117 2059 2464 4095 3311 506 4382 4841 2336 1203 3723 1919 3767 358 4417 6129 3757 2818 3058 2371 5173 3715 2451 3483 3215 2092 3638 1245 4965 2788 2522 2241 5259 
46 3000 3784 1768 2094 5029 1256 2955 3260 4871 550 3372 1458 2991 2115 2302 4205 4258 3462 2658 2399 3287 3366 2518 3221 2352 2710 2015 1666 2322 3627 3765 2345 4509 2391 4870 2091 1597 5699 2831 3362 4115 2681 939 505 1317 3110 0 2749 995 1309 3263 2758 1925 2334 1748 4454 1655 2357 1400 2057 2712 2847 3013 3497 2310 2025 2346 4091 1366 4052 1561 3482 3333 3548 3407 2019 789 3811 2541 5026 2221 3100 2088 3308 1883 3419 3296 1544 3277 2391 5308 2855 1979 2726 4031 1916 3394 3205 1781 2564 2149 
47 3000 3488 3625 3198 5164 3877 4804 2028 4908 3086 3296 4099 5689 4827 3037 4019 5625 1475 1871 4763 5831 5177 1742 1910 2238 5454 3722 4085 5071 5770 1933 2546 4404 4387 4576 3094 3999 7795 5548 962 5744 162 3685 2680 2166 3548 2749 0 2444 2510 3139 89 2083 421 4148 6811 2866 5069 4145 4455 4618 5530 5336 4527 787 4167 3314 5905 4006 2837 1440 743 881 4038 850 2673 2776 3308 5174 5117 4913 3268 4823 5702 1175 5483 1058 1527 1826 5047 4543 179 4560 1550 6258 2632 6134 1215 4100 4592 3986 
48 3000 4420 1237 1203 5817 2173 3949 3573 5633 1543 4040 2347 3353 2880 3089 4890 5231 3536 1770 2318 3401 4360 1655 3504 2893 3362 2982 2637 2920 4608 2971 2985 5226 3386 5553 1169 1569 6671 3244 3266 5105 2327 1705 523 394 3890 995 2444 0 323 3910 2484 980 2092 1713 5385 739 2773 2006 2014 3706 3182 2895 4414 1787 1734 3195 5086 2262 4435 1771 3100 3213 4363 2899 1030 1705 4392 3381 5804 3013 3812 2588 3258 1320 4409 3260 1811 2445 3217 5879 2595 2879 2979 4996 2646 4040 3252 2765 3559 1631 
49 3000 4702 1114 907 6123 2452 4265 3794 5934 1855 4330 2616 3448 3105 3400 5181 5554 3697 1575 2298 3415 4676 1481 3718 3169 3547 3305 2933 3095 4905 2812 3277 5521 3700 5842 861 1610 6961 3356 3381 5424 2379 1955 820 343 4198 1309 2510 323 0 4197 2560 765 2192 1741 5657 448 2896 2207 2021 4021 3271 2844 4735 1795 1669 3512 5398 2534 4665 2008 3122 3321 4674 2876 710 2029 4664 3626 6108 3245 4110 2741 3222 1343 4712 3394 2058 2271 3458 6145 2672 3147 3194 5284 2952 4216 3410 3068 3870 1482 
50 3000 521 5002 5104 2051 3420 2761 1355 1815 3036 157 3580 5738 4283 1096 987 2877 2203 4641 5598 6294 2962 4473 1460 1052 4973 2131 3163 4815 3806 5063 928 1348 2713 1645 5054 4827 5467 5531 2709 3202 3247 3721 3660 3965 682 3263 3139 3910 4197 0 3061 4353 2935 4969 4972 4642 5141 4195 5261 2721 5654 6201 1754 3555 5286 1276 3518 3528 1380 2287 3608 2775 1011 3940 4787 2545 610 4263 2015 4261 339 4816 6444 3545 3486 2508 2208 4866 4237 2059 3047 3716 1605 4311 1355 5500 2233 3020 2859 5395 
51 3000 3405 3674 3262 5082 3870 4762 1940 4825 3081 3217 4092 5709 4826 2978 3935 5566 1388 1956 4802 5864 5132 1825 1822 2170 5458 3682 4067 5080 5733 2017 2481 4320 4351 4490 3159 4033 7753 5566 884 5691 247 3691 2705 2216 3478 2758 89 2484 2560 3061 0 2151 423 4183 6781 2923 5086 4156 4491 4578 5552 5378 4463 860 4211 3258 5857 4000 2748 1412 758 805 3966 910 2740 2760 3224 5165 5035 4909 3194 4837 5743 1232 5445 973 1496 1915 5040 4454 112 4549 1468 6224 2579 6137 1127 4078 4556 4039 
52 3000 4830 1724 1129 6360 3145 4835 3711 6149 2472 4498 3325 4196 3854 3710 5338 6047 3445 809 2972 4108 5247 723 3618 3300 4311 3813 3590 3860 5552 2053 3475 5700 4286 5982 1018 2345 7624 4112 3027 5970 1931 2685 1497 609 4470 1925 2083 980 765 4353 2151 0 1865 2465 6359 894 3656 2966 2724 4597 4017 3473 5142 1300 2314 3874 5984 3238 4592 2066 2580 2954 4967 2263 589 2529 4747 4361 6336 3990 4324 3506 3863 955 5339 3083 2144 1508 4197 6181 2260 3857 3112 5955 3241 4981 3158 3706 4469 2020 
53 3000 3326 3301 2943 4982 3456 4425 1964 4735 2665 3092 3678 5288 4407 2713 3858 5298 1581 1820 4403 5455 4804 1668 1855 1968 5036 3337 3668 4656 5375 2146 2256 4241 3993 4447 2846 3627 7412 5144 1190 5393 404 3268 2288 1850 3282 2334 421 2092 2192 2935 423 1865 0 3778 6405 2577 4665 3733 4089 4233 5132 4987 4219 670 3825 2978 5538 3584 2821 1040 1165 1129 3782 1219 2443 2359 3175 4754 4940 4492 3027 4414 5346 912 5093 1222 1131 1934 4626 4493 524 4140 1412 5860 2287 5715 1295 3687 4197 3674 
54 3000 5489 872 1709 6596 1931 3957 4996 6469 1949 5067 1947 1752 1983 3943 5877 5391 5121 3254 654 1687 4321 3188 4950 4097 2138 3341 2471 1685 4230 4510 4069 6154 3404 6536 1803 155 6112 1699 4925 5097 4036 1388 1528 2051 4730 1748 4148 1713 1741 4969 4183 2465 3778 0 4666 1614 1296 1158 316 3720 1569 1268 4886 3498 494 3919 4935 1916 5799 3237 4813 4879 5115 4603 2096 2424 5536 2564 6604 2146 4774 1275 1588 3032 4141 4895 3240 3960 2392 7026 4292 2347 4443 4472 3613 2727 4848 2669 3504 930 
55 3000 5247 5433 6167 5031 3213 2221 6064 5117 3932 4924 3040 3650 2689 4159 5214 2705 6758 7112 4831 4504 2026 6972 6118 5018 2669 3160 2807 3047 1165 8191 4716 5196 2463 5591 6220 4655 1493 3493 7006 2151 6806 3709 4864 5752 4301 4454 6811 5385 5657 4972 6781 6359 6405 4666 0 5854 3577 3592 4699 2314 3749 5092 3394 6628 5154 3863 1723 3124 6350 5370 7536 7025 4203 7614 6321 4079 5493 2109 5096 2527 4633 3440 5007 6265 1485 6850 5285 7724 2284 6434 6845 2509 5895 666 4367 2441 6628 2741 2265 5593 
56 3000 5149 831 464 6556 2691 4590 4236 6372 2180 4774 2832 3364 3231 3827 5625 5914 4111 1648 2084 3223 4997 1597 4158 3617 3598 3670 3203 3137 5168 2904 3720 5963 4019 6287 437 1510 7201 3299 3768 5756 2726 2150 1150 749 4629 1655 2866 739 448 4642 2923 894 2577 1614 5854 0 2863 2310 1851 4344 3182 2579 5132 2114 1422 3927 5707 2756 5109 2455 3431 3703 5100 3143 497 2414 5112 3780 6543 3381 4550 2756 2969 1691 4994 3792 2506 2352 3608 6594 3035 3353 3634 5521 3385 4245 3823 3354 4180 1138 
57 3000 5636 2167 3003 6447 1724 3419 5494 6371 2235 5205 1589 637 1112 4048 5933 4839 5797 4463 1263 1215 3709 4377 5475 4461 918 3162 2098 553 3384 5708 4338 6146 2953 6556 3092 1364 5063 479 5719 4443 4982 1504 2403 3156 4743 2357 5069 2773 2896 5141 5086 3656 4665 1296 3577 2863 0 994 1201 3217 517 1547 4602 4520 1712 3927 4194 1626 6201 3907 5783 5690 5029 5642 3357 2731 5746 1602 6471 1247 4881 326 1564 4057 3380 5651 3879 5165 1461 7172 5189 1697 5014 3511 3847 1437 5550 2291 2981 2184 
58 3000 4699 1843 2584 5627 849 2820 4500 5527 1240 4268 809 1630 923 3111 5027 4260 4809 3771 1589 2099 3173 3661 4481 3474 1359 2324 1350 934 3078 4977 3365 5264 2281 5665 2645 1103 5003 1452 4751 3946 4071 509 1551 2401 3843 1400 4145 2006 2207 4195 4156 2966 3733 1158 3592 2310 994 0 1316 2588 1508 2119 3840 3656 1647 3020 3778 798 5215 2928 4874 4726 4172 4771 2799 1739 4793 1488 5644 1077 3951 697 2291 3205 2983 4675 2895 4452 1313 6243 4255 1191 4020 3343 2876 2042 4565 1553 2365 2041 
59 3000 5779 1053 1884 6854 2136 4136 5310 6734 2230 5355 2124 1562 2049 4224 6159 5576 5438 3499 341 1394 4487 3442 5265 4402 2098 3578 2661 1666 4339 4755 4366 6429 3595 6815 1987 471 6165 1544 5239 5258 4341 1624 1844 2340 5003 2057 4455 2014 2021 5261 4491 2724 4089 316 4699 1851 1201 1316 0 3904 1378 956 5118 3794 518 4187 5075 2105 6110 3554 5113 5193 5377 4893 2317 2715 5832 2622 6864 2211 5058 1262 1271 3330 4271 5211 3556 4204 2455 7319 4601 2477 4759 4549 3905 2636 5165 2862 3681 989 
60 3000 3068 4222 4755 3357 1795 246 3751 3340 2168 2699 1779 3666 2121 1844 3157 1672 4447 5253 4172 4426 654 5094 3804 2706 2676 896 1249 2721 1178 6187 2402 3248 327 3670 4770 3635 3179 3451 4720 1416 4637 2368 3207 4003 2084 2712 4618 3706 4021 2721 4578 4597 4233 3720 2314 4344 3217 2588 3904 0 3653 4662 1475 4562 4189 1551 1387 1803 4083 3194 5319 4746 2131 5452 4731 2082 3286 1825 3397 2019 2384 2921 4763 4266 872 4557 3101 5779 1878 4437 4631 1520 3589 1689 2071 3028 4327 1054 237 4516 
61 3000 6147 2422 3258 6924 2234 3842 6009 6856 2749 5716 2090 184 1531 4560 6437 5240 6299 4815 1305 798 4107 4741 5988 4978 1114 3655 2582 932 3701 6069 4855 6643 3405 7055 3358 1675 5242 255 6206 4817 5438 2017 2852 3554 5246 2847 5530 3182 3271 5654 5552 4017 5132 1569 3749 3182 517 1508 1378 3653 0 1368 5066 4953 1892 4433 4540 2132 6718 4404 6235 6174 5520 6073 3666 3247 6260 1935 6951 1640 5391 839 1260 4487 3734 6143 4380 5520 1821 7681 5656 2141 5524 3768 4364 1400 6049 2770 3416 2355 
62 3000 6718 1752 2464 7739 2968 4881 6265 7631 3165 6291 2911 1507 2630 5151 7085 6319 6375 4193 614 831 5201 4164 6219 5356 2424 4440 3455 2100 4927 5430 5314 7344 4371 7736 2582 1422 6584 1618 6153 5953 5213 2514 2785 3182 5918 3013 5336 2895 2844 6201 5378 3473 4987 1268 5092 2579 1547 2119 956 4662 1368 0 5959 4639 1174 5097 5724 2912 7066 4501 5966 6103 6273 5710 2981 3658 6778 3148 7753 2777 5989 1779 396 4184 4910 6134 4507 4882 3002 8260 5489 3165 5711 5056 4848 2767 6099 3657 4431 1478 
63 3000 1900 5217 5584 1882 2993 1372 3065 1868 3041 1658 3054 5097 3543 1512 1819 1140 3888 5646 5419 5817 1388 5476 3155 2302 4138 1547 2516 4140 2264 6345 1983 1829 1668 2242 5570 4775 3725 4881 4321 1455 4595 3499 3994 4615 1093 3497 4527 4414 4735 1754 4463 5142 4219 4886 3394 5132 4602 3840 5118 1475 5066 5959 0 4721 5313 1283 1800 3047 3096 3290 5122 4373 825 5374 5425 2719 2169 3296 1921 3458 1450 4289 6106 4556 1967 4128 3191 6036 3339 3057 4481 2928 3146 2730 1968 4503 3862 2316 1699 5563 
64 3000 3968 2902 2422 5606 3533 4772 2634 5366 2745 3710 3747 5120 4425 3210 4498 5762 2214 1150 4086 5185 5168 1000 2525 2547 5003 3682 3834 4591 5661 1639 2810 4879 4294 5099 2316 3355 7728 4997 1744 5806 631 3240 2120 1459 3847 2310 787 1787 1795 3555 860 1300 670 3498 6628 2114 4520 3656 3794 4562 4953 4639 4721 0 3465 3450 5912 3653 3491 1434 1326 1666 4352 1121 1890 2551 3828 4836 5568 4530 3617 4302 5016 467 5398 1821 1534 1325 4693 5162 966 4247 2075 6124 2756 5689 1936 3887 4495 3248 
65 3000 5808 592 1390 6984 2394 4428 5202 6845 2318 5392 2425 2075 2474 4294 6218 5857 5251 3061 668 1808 4799 3018 5147 4367 2593 3766 2940 2149 4723 4312 4370 6509 3869 6881 1498 554 6604 2062 5000 5575 4042 1832 1698 2008 5093 2025 4167 1734 1669 5286 4211 2314 3825 494 5154 1422 1712 1647 518 4189 1892 1174 5313 3465 0 4294 5422 2389 6032 3409 4791 4947 5499 4537 1858 2762 5836 3055 6988 2638 5112 1740 1555 3011 4630 4991 3426 3760 2884 7333 4323 2838 4629 4966 3935 3149 4970 3135 3977 472 
66 3000 1729 4111 4387 2691 2204 1655 2201 2551 1977 1305 2344 4505 3021 303 2008 2320 2922 4362 4513 5109 1958 4193 2257 1191 3704 856 1898 3567 2711 5082 870 2247 1476 2645 4362 3789 4587 4295 3251 2439 3367 2583 2820 3365 822 2346 3314 3195 3512 1276 3258 3874 2978 3919 3863 3927 3927 3020 4187 1551 4433 5097 1283 3450 4294 0 2641 2301 2572 2016 3956 3287 1206 4165 4186 1559 1883 2988 2693 2992 973 3601 5306 3273 2394 3073 1916 4759 2962 3249 3289 2443 2085 3226 695 4224 2828 1746 1644 4482 
67 3000 3700 5523 6105 3311 3075 1153 4757 3408 3543 3439 3004 4505 3093 2942 3587 983 5536 6637 5304 5338 746 6477 4833 3829 3445 2232 2530 3647 873 7546 3503 3526 1700 3906 6127 4871 1961 4304 5892 428 5939 3655 4581 5389 2836 4091 5905 5086 5398 3518 5857 5984 5538 4935 1723 5707 4194 3778 5075 1387 4540 5724 1800 5912 5422 2641 0 3051 4884 4513 6578 5929 2625 6751 6107 3467 3968 2606 3378 2949 3192 3945 5754 5636 813 5712 4416 7151 2734 4761 5899 2597 4721 1117 3284 3546 5462 2360 1528 5788 
68 3000 4016 2475 3110 4852 132 2040 4007 4763 920 3585 94 2210 855 2432 4307 3475 4431 4004 2386 2819 2409 3870 4005 2928 1544 1550 556 1298 2425 5130 2765 4523 1490 4932 3148 1835 4444 2003 4469 3186 3961 616 1741 2632 3117 1366 4006 2262 2534 3528 4000 3238 3584 1916 3124 2756 1626 798 2105 1803 2132 2912 3047 3653 2389 2301 3051 0 4649 2645 4749 4459 3413 4725 3208 1297 4136 1182 4872 914 3259 1300 3065 3242 2283 4364 2589 4639 1044 5549 4086 619 3592 2764 2273 2186 4215 757 1587 2737 
69 3000 1242 5642 5544 2724 4528 4135 881 2446 3984 1445 4715 6824 5462 2322 1617 4182 1439 4641 6452 7284 4342 4490 975 1741 6162 3414 4371 5946 5184 4709 1887 1948 4045 1946 5469 5647 6821 6628 2051 4552 2986 4712 4336 4368 2059 4052 2837 4435 4665 1380 2748 4592 2821 5799 6350 5109 6201 5215 6110 4083 6718 7066 3096 3491 6032 2572 4884 4649 0 2664 3030 2140 2292 3461 5122 3479 957 5520 2654 5464 1717 5884 7355 3659 4865 1869 2628 4663 5472 1716 2686 4937 1483 5691 2376 6736 1640 4254 4205 6043 
70 3000 2764 2985 2901 4311 2513 3390 1806 4092 1749 2434 2735 4543 3491 1782 3271 4327 1902 2399 3890 4840 3775 2228 1742 1235 4154 2300 2664 3813 4335 3070 1436 3635 2953 3915 2835 3082 6374 4377 1833 4386 1444 2429 1718 1729 2464 1561 1440 1771 2008 2287 1412 2066 1040 3237 5370 2455 3907 2928 3554 3194 4404 4501 3290 1434 3409 2016 4513 2645 2664 0 2170 1817 2971 2259 2527 1367 2690 3786 4283 3560 2279 3625 4824 1292 4053 1748 99 2746 3671 4151 1482 3163 1221 4820 1322 4819 1644 2667 3157 3385 
71 3000 3885 4228 3709 5566 4621 5497 2348 5298 3830 3761 4842 6397 5569 3667 4404 6241 1590 2151 5410 6501 5859 2068 2227 2819 6191 4424 4826 5803 6480 1733 3142 4785 5099 4902 3597 4668 8488 6262 979 6395 802 4420 3383 2784 4095 3482 743 3100 3122 3608 758 2580 1165 4813 7536 3431 5783 4874 5113 5319 6235 5966 5122 1326 4791 3956 6578 4749 3030 2170 0 892 4565 474 3162 3518 3670 5918 5510 5656 3786 5545 6342 1784 6188 1170 2252 1847 5791 4741 690 5304 2011 6974 3293 6872 1427 4837 5303 4568 
72 3000 3016 4429 4057 4690 4326 4899 1471 4420 3566 2923 4548 6322 5308 2986 3527 5508 701 2739 5513 6543 5236 2617 1351 2103 5971 3868 4436 5625 5923 2584 2431 3907 4563 4012 3956 4726 7870 6165 91 5710 1042 4236 3366 2979 3311 3333 881 3213 3321 2775 805 2954 1129 4879 7025 3703 5690 4726 5193 4746 6174 6103 4373 1666 4947 3287 5929 4459 2140 1817 892 0 3759 1324 3541 3169 2791 5583 4633 5373 2983 5420 6457 2021 5618 279 1870 2604 5475 3854 701 4958 1226 6429 2676 6637 548 4412 4763 4804 
73 3000 1077 5315 5563 1485 3332 2089 2365 1357 3181 886 3441 5574 4039 1274 1031 1892 3210 5370 5699 6232 2181 5199 2467 1814 4684 1866 2938 4618 3057 5928 1543 1136 2236 1557 5532 4988 4538 5359 3697 2270 4129 3761 4013 4499 506 3548 4038 4363 4674 1011 3966 4967 3782 5115 4203 5100 5029 4172 5377 2131 5520 6273 825 4352 5499 1206 2625 3413 2292 2971 4565 3759 0 4866 5327 2763 1350 3884 1489 3979 779 4705 6464 4263 2750 3498 2877 5678 3898 2306 3967 3429 2554 3537 1731 5120 3225 2756 2324 5688 
74 3000 4252 3960 3379 5935 4600 5643 2736 5672 3807 4096 4819 6241 5518 3887 4778 6475 2025 1743 5174 6287 6020 1681 2614 3079 6112 4556 4855 5706 6594 1265 3391 5162 5212 5300 3264 4463 8631 6119 1415 6594 814 4344 3241 2552 4382 3407 850 2899 2876 3940 910 2263 1219 4603 7614 3143 5642 4771 4893 5452 6073 5710 5374 1121 4537 4165 6751 4725 3461 2259 474 1324 4866 0 2827 3549 4051 5905 5883 5617 4091 5423 6093 1586 6312 1592 2350 1381 5769 5177 899 5303 2335 7076 3482 6797 1832 4886 5416 4279 
75 3000 5280 1270 552 6756 3135 4975 4241 6557 2564 4927 3287 3849 3717 4055 5775 6260 4017 1212 2526 3667 5385 1193 4153 3741 4095 4012 3629 3634 5601 2455 3883 6127 4409 6429 436 2000 7649 3789 3614 6134 2521 2612 1526 829 4841 2019 2673 1030 710 4787 2740 589 2443 2096 6321 497 3357 2799 2317 4731 3666 2981 5425 1890 1858 4186 6107 3208 5122 2527 3162 3541 5327 2827 0 2731 5217 4260 6737 3865 4728 3253 3376 1531 5415 3664 2594 1904 4089 6674 2849 3814 3638 5969 3597 4743 3729 3770 4579 1504 
76 3000 3064 2552 2864 4246 1164 2314 2765 4094 506 2642 1384 3362 2152 1533 3458 3533 3138 3170 3052 3808 2725 3012 2751 1739 2834 1287 1309 2537 3123 4142 1659 3748 1784 4120 2851 2284 5200 3173 3176 3440 2753 1233 1276 1952 2336 789 2776 1705 2029 2545 2760 2529 2359 2424 4079 2414 2731 1739 2715 2082 3247 3658 2719 2551 2762 1559 3467 1297 3479 1367 3518 3169 2763 3549 2731 0 3120 2419 4245 2207 2353 2420 3913 2209 2875 3068 1302 3710 2307 4604 2838 1796 2311 3576 1190 3483 2918 1339 1978 2926 
77 3000 284 5524 5569 1900 4027 3305 1321 1629 3617 590 4189 6345 4894 1705 738 3232 2136 4953 6171 6892 3469 4790 1442 1498 5583 2736 3773 5424 4331 5240 1467 1116 3299 1272 5511 5391 5889 6139 2712 3620 3436 4313 4182 4410 1203 3811 3308 4392 4664 610 3224 4747 3175 5536 5493 5112 5746 4793 5832 3286 6260 6778 2169 3828 5836 1883 3968 4136 957 2690 3670 2791 1350 4051 5217 3120 0 4868 1842 4871 919 5421 7030 3884 4015 2512 2623 5102 4845 1498 3190 4325 1768 4829 1931 6107 2244 3628 3437 5921 
78 3000 4696 3325 4071 5179 1305 1976 4979 5152 2098 4284 1088 1911 582 3204 4881 3323 5493 5146 2792 2733 2193 5020 4995 3874 867 2132 1176 1049 1781 6298 3651 5020 1651 5442 4129 2548 3548 1704 5587 2884 5135 1676 2874 3766 3723 2541 5174 3381 3626 4263 5165 4361 4754 2564 2109 3780 1602 1488 2622 1825 1935 3148 3296 4836 3055 2988 2606 1182 5520 3786 5918 5583 3884 5905 4260 2419 4868 0 5217 418 3952 1390 3153 4422 1798 5468 3721 5798 175 6162 5248 625 4632 1931 3185 1242 5298 1267 1597 3488 
79 3000 1631 6795 7007 85 4799 3282 3163 212 4670 1860 4893 6992 5442 2728 1106 2412 3974 6654 7184 7682 3220 6486 3283 3053 6054 3323 4373 6034 4057 7050 2861 726 3579 776 6969 6478 5013 6776 4554 2953 5235 5245 5480 5909 1919 5026 5117 5804 6108 2015 5035 6336 4940 6604 5096 6543 6471 5644 6864 3397 6951 7753 1921 5568 6988 2693 3378 4872 2654 4283 5510 4633 1489 5883 6737 4245 1842 5217 0 5366 2012 6151 7934 5555 3795 4354 4198 6874 5256 1574 5009 4826 3567 4459 3157 6424 4086 4181 3621 7171 
