FILE: 2311EuclS.txt
100 100 0 
1 3000 0 5344 1027 1730 2145 2429 3503 2428 4501 4497 2516 733 3589 3421 677 4303 4906 2726 2300 1916 931 1690 2386 2830 3620 5494 3891 3795 930 4803 5714 2720 6238 567 3623 3784 4804 5365 3956 4594 2930 3228 2805 5296 2584 1978 2565 3371 4051 1683 2388 5560 3584 1698 4062 1089 1719 1187 3945 3200 3153 383 5594 5306 3057 4737 2097 1836 1360 4207 5350 3494 4893 4194 708 891 3237 1399 3094 3881 3376 5170 3545 1342 3346 4102 4668 1127 4085 4910 2960 4225 2800 2539 3832 2927 2169 4882 4151 3692 
2 3000 5344 0 5841 6857 6116 6725 6433 3790 4166 1117 5905 4807 4194 6730 4801 2660 3023 7848 7018 4832 5942 3871 6704 3516 6219 1377 3602 3417 6082 1877 5419 5272 5535 5386 2983 3435 4860 148 2466 2129 3460 6204 4405 2217 4166 3392 7196 7941 1898 7000 3024 333 2494 6234 2050 5021 7062 5868 2829 5353 6256 4968 1164 2524 5186 5468 7064 6515 5944 3232 2855 2586 861 2369 4867 4494 4501 6722 7951 2583 6495 4818 6414 4307 2028 3347 4170 4905 1978 1701 7797 2376 6181 3893 1755 3948 4302 2387 6353 1795 
3 3000 1027 5841 0 1025 3045 1402 2592 2378 4173 5126 1635 1718 3248 2452 1125 4329 4839 2007 1331 2943 1693 1972 1359 2791 4600 5757 3702 3660 440 5573 5204 3740 5755 551 3627 3645 4335 5837 4787 5395 3858 2338 3820 5398 3582 2477 1582 2398 4299 1359 3088 6094 4397 2502 4266 2116 1537 174 3956 2523 2245 1288 5898 5347 2423 4134 1243 832 2217 4100 5328 3643 5513 5019 1022 1452 4255 1540 2207 3965 2442 4736 2642 1536 3948 3970 4344 962 4844 5657 2061 5052 3740 3508 4507 3911 1946 4949 3316 4342 
4 3000 1730 6857 1025 0 3232 1337 2910 3378 5031 6111 2134 2460 4123 2628 2083 5320 5800 1012 844 3513 1922 2994 1298 3786 4874 6779 4634 4613 815 6502 5917 4190 6481 1484 4619 4597 5100 6856 5675 6305 4658 2724 4456 6399 4272 3478 1096 1786 5323 633 4038 7104 5297 2609 5286 2704 883 1042 4947 3191 2604 2090 6923 6335 3139 4793 447 759 2437 5056 6298 4660 6502 5912 2000 2408 4870 1226 1396 4971 2719 5516 2972 2558 4937 4920 5201 1987 5776 6597 1279 5944 3956 4254 5476 4628 2919 5944 3726 5318 
5 3000 2145 6116 3045 3232 0 4363 5622 4298 6447 5054 4642 1895 5578 5498 2668 5920 6593 3952 4039 1285 1365 3412 4318 4644 1646 6694 5752 5614 2729 4916 7758 1264 8257 2703 5320 5607 6836 6185 3984 4628 2775 5355 1999 6753 2074 3341 4307 5015 5398 2756 3220 6232 3753 632 5470 1377 2579 3220 5607 5337 5272 2176 6717 6841 5187 6839 3680 3706 831 5974 6963 5037 5425 4201 2758 2667 2238 2076 4562 5463 5481 7175 5668 3239 4156 5899 6604 3236 4337 5083 4472 4221 723 2285 4370 2412 4179 6411 6294 4320 
6 3000 2429 6725 1402 1337 4363 0 1605 2964 4126 6167 1053 3109 3293 1293 2406 4749 5103 1660 603 4346 2998 2958 44 3311 5962 6380 3903 3939 1636 6742 4794 5137 5362 1921 4084 3920 4056 6695 6025 6597 5190 1463 5215 5843 4966 3553 575 1216 4981 1970 4269 7010 5626 3774 4901 3519 2220 1248 4389 2130 1335 2672 6565 5721 2142 3643 1017 661 3534 4369 5620 4267 6534 6249 2282 2708 5652 2513 1355 4486 1406 4478 1670 2561 5005 4220 4289 1971 6016 6802 1209 6283 5076 4873 5611 5284 2447 5375 2437 5428 
7 3000 3503 6433 2592 2910 5622 1605 0 2755 2997 6134 987 4022 2386 433 3178 4036 4190 3215 2203 5303 4283 3220 1637 2936 7120 5776 3055 3170 2973 6897 3328 6168 3887 2935 3494 3151 2723 6370 6346 6818 5771 291 6040 5069 5737 3818 2098 2303 4549 3535 4605 6751 5949 5093 4420 4531 3781 2419 3731 1096 349 3603 6002 4878 1248 2179 2623 2163 4800 3534 4699 3846 6452 6542 3054 3381 6479 4002 2735 3916 206 3133 66 2975 5076 3382 3135 2582 6211 6911 2625 6577 6299 5571 5711 5993 2323 4614 834 5511 
8 3000 2428 3790 2378 3378 4298 2964 2755 0 2149 3383 2118 2404 1321 2992 1755 1952 2498 4282 3331 3428 3338 902 2947 416 5390 3442 1472 1366 2752 4148 3514 4296 3982 2126 1250 1355 2596 3749 3659 4085 3314 2494 3858 3021 3512 1281 3473 4178 2019 3722 2019 4089 3275 4020 1949 2928 3870 2336 1580 1781 2524 2204 3613 2971 1588 2771 3469 2864 3662 1782 2967 1312 3713 3838 1725 1648 4258 3723 4254 1593 2778 2898 2751 1096 2327 1674 2306 1447 3477 4157 4100 3873 4792 3268 2961 3662 517 2570 2924 2760 
9 3000 4501 4166 4173 5031 6447 4126 2997 2149 0 4341 3073 4552 927 3414 3850 1509 1306 5738 4672 5550 5430 3047 4133 1837 7503 3123 785 989 4603 5316 1471 6399 1863 4097 1481 984 699 4057 5153 5370 5182 2903 5872 2266 5522 3296 4702 5174 2394 5515 3878 4498 4836 6147 2213 5077 5709 4069 1436 2024 3013 4324 3383 2010 1985 1324 4963 4343 5791 951 1768 1991 4524 5264 3795 3786 6238 5672 5470 1719 3153 807 2948 3220 3705 874 171 3408 4810 5248 5331 5295 6937 5250 4236 5605 2332 1879 2538 4051 
10 3000 4497 1117 5126 6111 5054 6167 6134 3383 4341 0 5468 3891 4124 6374 4028 2878 3429 7120 6381 3768 4998 3216 6140 3218 5101 2222 3646 3437 5310 1012 5734 4164 5951 4626 2939 3450 5035 1225 1364 1165 2353 5877 3293 2852 3064 2652 6585 7368 1951 6178 2110 1179 1377 5217 2134 4036 6212 5179 2906 5108 5908 4113 2093 3121 4924 5555 6368 5866 4945 3394 3423 2445 397 1300 4113 3705 3383 5832 7305 2625 6162 5087 6126 3634 1178 3468 4389 4243 870 913 7153 1313 5082 2800 694 2834 3857 2847 6199 805 
11 3000 2516 5905 1635 2134 4642 1053 987 2118 3073 5468 0 3041 2249 991 2204 3761 4073 2687 1613 4323 3314 2377 1060 2406 6132 5438 2875 2927 2040 6151 3799 5183 4366 1948 3121 2907 3023 5861 5529 6044 4866 713 5081 4848 4787 2990 1628 2167 4087 2723 3765 6207 5129 4125 3988 3544 2958 1466 3411 1090 639 2618 5637 4708 1089 2663 1955 1379 3824 3349 4592 3367 5813 5737 2078 2426 5522 3111 2401 3536 878 3445 1029 2073 4350 3197 3236 1619 5443 6185 2259 5772 5314 4635 4979 5057 1616 4380 1682 4785 
12 3000 733 4807 1718 2460 1895 3109 4022 2404 4552 3891 3041 0 3685 3997 856 4107 4758 3448 3023 1282 1145 1528 3067 2759 3149 5105 3865 3734 1664 4120 5870 2147 6364 1187 3472 3726 4948 4842 3251 3898 2198 3737 2106 5021 1864 1580 3286 4096 3707 2355 1790 4998 2890 1654 3748 547 2350 1862 3774 3550 3678 439 5175 5071 3384 4984 2831 2545 1301 4110 5160 3244 4288 3490 974 777 2544 1943 3828 3659 3919 5281 4057 1349 2780 4026 4710 1462 3412 4236 3694 3520 2433 1806 3209 2199 2298 4641 4594 3087 
13 3000 3589 4194 3248 4123 5578 3293 2386 1321 927 4124 2249 3685 0 2763 2949 1659 1838 4867 3811 4749 4520 2220 3295 1114 6711 3404 669 799 3677 5030 2195 5617 2679 3173 1215 780 1275 4110 4714 5032 4556 2225 5161 2685 4813 2567 3865 4402 2300 4595 3240 4523 4360 5252 2144 4221 4785 3148 1384 1305 2316 3431 3638 2505 1204 1517 4078 3454 4897 1149 2356 1680 4376 4859 2887 2911 5551 4745 4648 1611 2504 1596 2350 2339 3281 996 1097 2486 4439 4995 4503 4892 6098 4558 3876 4939 1420 2228 2164 3678 
14 3000 3421 6730 2452 2628 5498 1293 433 2992 3414 6374 991 3997 2763 0 3177 4398 4585 2839 1868 5278 4141 3354 1331 3215 7038 6128 3431 3533 2796 7098 3756 6125 4314 2858 3827 3513 3156 6673 6504 7003 5858 540 6060 5447 5771 3964 1731 1875 4862 3260 4745 7042 6104 4944 4742 4482 3509 2278 4080 1458 473 3565 6348 5265 1584 2610 2302 1908 4668 3912 5097 4150 6705 6708 3049 3411 6501 3773 2325 4250 261 3567 494 3063 5285 3759 3555 2603 6399 7123 2223 6743 6191 5624 5918 6046 2523 4988 1221 5721 
15 3000 677 4801 1125 2083 2668 2406 3178 1755 3850 4028 2204 856 2949 3177 0 3629 4229 3093 2446 2127 1585 1029 2368 2154 4002 4863 3222 3121 1285 4449 5104 3001 5616 598 2947 3110 4186 4810 3665 4270 2783 2890 2884 4632 2603 1409 2686 3501 3411 2205 1966 5037 3274 2303 3411 1392 2291 1217 3270 2701 2838 492 4975 4635 2539 4171 2361 1934 1950 3531 4675 2830 4420 3897 128 328 3326 2039 3333 3211 3083 4540 3211 665 2854 3427 4015 606 3719 4534 3186 3930 3260 2481 3395 2899 1530 4213 3738 3236 
16 3000 4303 2660 4329 5320 5920 4749 4036 1952 1509 2878 3761 4107 1659 4398 3629 0 698 6192 5194 4827 5166 2623 4742 1538 6697 1744 1000 866 4703 3877 2855 5593 3089 4064 702 885 2207 2556 3837 3963 4108 3857 4927 1094 4586 2579 5299 5924 935 5674 2906 2993 3570 5760 754 4559 5819 4281 373 2944 3938 4020 1982 1018 2815 2809 5380 4761 5408 575 1053 888 3031 3914 3624 3443 5234 5649 6090 459 4143 2214 4004 2968 2437 702 1529 3397 3442 3792 5939 3943 6284 4291 2876 4584 2404 629 3800 2710 
17 3000 4906 3023 4839 5800 6593 5103 4190 2498 1306 3429 4073 4758 1838 4585 4229 698 0 6623 5591 5518 5791 3250 5101 2084 7395 1850 1200 1187 5234 4440 2396 6290 2536 4623 1289 1204 1935 2898 4479 4554 4801 4052 5625 963 5284 3256 5669 6235 1556 6196 3604 3347 4231 6411 1389 5225 6357 4773 986 3135 4149 4644 2116 706 3042 2615 5817 5191 6057 745 518 1580 3527 4540 4213 4068 5929 6221 6457 1153 4324 1816 4148 3564 3108 887 1247 3939 4062 4337 6309 4566 6972 4989 3507 5279 2892 636 3818 3352 
18 3000 2726 7848 2007 1012 3952 1660 3215 4282 5738 7120 2687 3448 4867 2839 3093 6192 6623 0 1073 4425 2760 3978 1642 4676 5593 7715 5433 5438 1826 7512 6455 5029 7022 2494 5499 5420 5708 7843 6680 7313 5642 3110 5380 7282 5220 4480 1118 1303 6267 1212 5050 8101 6304 3320 6218 3642 1373 1987 5821 3777 2980 3094 7870 7196 3770 5303 813 1433 3226 5879 7132 5585 7510 6917 3007 3419 5780 1880 715 5870 3009 6130 3281 3542 5944 5736 5905 2952 6788 7609 713 6949 4663 5223 6487 5584 3794 6821 4047 6329 
19 3000 2300 7018 1331 844 4039 603 2203 3331 4672 6381 1613 3023 3811 1868 2446 5194 5591 1073 0 4189 2696 3172 579 3706 5670 6773 4394 4412 1397 6881 5389 4925 5957 1882 4511 4394 4635 7000 6112 6712 5187 2066 5102 6288 4884 3733 272 1072 5345 1459 4393 7290 5719 3425 5280 3361 1707 1229 4826 2703 1938 2606 6943 6185 2698 4240 442 517 3225 4850 6104 4643 6761 6343 2334 2770 5530 2069 933 4898 2001 5057 2268 2747 5206 4704 4837 2138 6151 6957 778 6376 4761 4827 5788 5223 2824 5823 3036 5615 
20 3000 1916 4832 2943 3513 1285 4346 5303 3428 5550 3768 4323 1282 4749 5278 2127 4827 5518 4425 4189 0 1690 2529 4302 3712 1961 5456 4805 4643 2792 3670 6943 886 7403 2444 4285 4639 6024 4904 2736 3392 1524 5016 959 5580 876 2284 4459 5249 4218 3231 1999 4946 2480 1535 4308 829 3139 3100 4545 4784 4960 1713 5465 5695 4609 6140 3931 3746 1366 4959 5846 3939 4141 2962 2249 1972 1357 2638 4910 4368 5201 6321 5337 2503 2892 4905 5695 2731 3064 3829 4790 2984 1462 1026 3085 1249 3444 5270 5856 3038 
21 3000 931 5942 1693 1922 1365 2998 4283 3338 5430 4998 3314 1145 4520 4141 1585 5166 5791 2760 2696 1690 0 2543 2953 3731 2976 6243 4807 4703 1363 5135 6642 2276 7168 1424 4502 4693 5734 5980 4227 4888 3069 4024 2649 6122 2534 2707 2967 3706 4831 1553 2918 6124 3899 811 4861 1006 1449 1867 4818 4092 3935 1147 6318 6154 3958 5653 2364 2342 535 5107 6219 4328 5393 4465 1634 1724 3032 950 3300 4731 4135 6102 4332 2242 3913 5007 5596 2054 4453 5268 3194 4492 2078 2599 4308 2909 3100 5726 4986 4199 
22 3000 1690 3871 1972 2994 3412 2958 3220 902 3047 3216 2377 1528 2220 3354 1029 2623 3250 3978 3172 2529 2543 0 2929 1232 4491 3841 2340 2206 2248 3801 4415 3402 4885 1554 1961 2198 3495 3865 3152 3677 2578 2933 3012 3606 2674 614 3370 4153 2385 3203 1391 4130 2752 3170 2381 2036 3307 1997 2274 2426 2925 1396 3962 3619 2234 3631 3194 2660 2814 2585 3675 1803 3591 3361 1054 819 3428 3069 4101 2193 3188 3801 3232 436 2048 2498 3200 1037 3082 3851 3947 3396 3891 2454 2654 2865 984 3194 3570 2470 
23 3000 2386 6704 1359 1298 4318 44 1637 2947 4133 6140 1060 3067 3295 1331 2368 4742 5101 1642 579 4302 2953 2929 0 3297 5917 6367 3900 3934 1591 6711 4813 5093 5381 1880 4074 3915 4069 6675 5991 6564 5152 1489 5173 5836 4925 3523 571 1237 4965 1931 4237 6988 5592 3730 4887 3475 2180 1205 4381 2142 1362 2630 6551 5716 2150 3663 986 617 3489 4366 5617 4252 6508 6215 2244 2671 5610 2471 1356 4474 1438 4492 1701 2531 4977 4217 4296 1938 5985 6772 1209 6249 5031 4833 5582 5243 2431 5368 2467 5399 
24 3000 2830 3516 2791 3786 4644 3311 2936 416 1837 3218 2406 2759 1114 3215 2154 1538 2084 4676 3706 3712 3731 1232 3297 0 5666 3071 1108 977 3168 4049 3257 4562 3695 2541 835 968 2355 3464 3648 4017 3442 2695 4063 2613 3714 1470 3836 4517 1682 4137 2126 3827 3281 4393 1591 3267 4286 2745 1165 1890 2742 2589 3253 2556 1708 2625 3863 3251 4036 1377 2551 961 3521 3808 2131 2022 4445 4137 4622 1194 2985 2618 2923 1490 2248 1277 1984 1864 3413 4038 4469 3842 5109 3453 2869 3828 884 2159 2992 2667 
25 3000 3620 6219 4600 4874 1646 5962 7120 5390 7503 5101 6132 3149 6711 7038 4002 6697 7395 5593 5670 1961 2976 4491 5917 5666 0 7089 6751 6581 4327 4641 8904 1109 9360 4187 6200 6578 7986 6320 3796 4333 2790 6842 1847 7351 2152 4217 5941 6659 5999 4402 3796 6248 3724 2278 6114 2610 4220 4772 6440 6699 6771 3536 7049 7501 6531 8095 5321 5313 2444 6878 7683 5818 5411 3955 4114 3898 1724 3721 6209 6242 6996 8280 7160 4448 4519 6833 7646 4606 4257 4834 6119 3961 930 2452 4501 2285 5396 7087 7733 4525 
26 3000 5494 1377 5757 6779 6694 6380 5776 3442 3123 2222 5438 5105 3404 6128 4863 1744 1850 7715 6773 5456 6243 3841 6367 3071 7089 0 2743 2608 6077 3162 4209 6054 4256 5391 2317 2627 3780 1230 3549 3370 4303 5588 5241 918 4948 3538 6907 7580 1459 7041 3473 1652 3452 6688 1496 5442 7149 5742 2048 4681 5664 5151 268 1228 4544 4446 6904 6305 6360 2288 1558 2131 2131 3515 4895 4603 5428 6892 7693 1901 5876 3661 5745 4258 2584 2432 3086 4794 3059 3006 7539 3531 6893 4652 2639 4812 3949 1243 5538 2577 
27 3000 3891 3602 3702 4634 5752 3903 3055 1472 785 3646 2875 3865 669 3431 3222 1000 1200 5433 4394 4805 4807 2340 3900 1108 6751 2743 0 213 4113 4598 2255 5643 2639 3543 720 204 1425 3509 4387 4633 4397 2892 5096 2016 4746 2534 4469 5039 1738 5061 3094 3934 4062 5491 1568 4376 5235 3622 773 1973 2981 3676 2983 1843 1862 1909 4631 4004 5133 482 1718 1233 3862 4507 3183 3118 5457 5141 5257 1037 3172 1592 3019 2568 2938 328 906 2849 4061 4543 5109 4539 6214 4471 3488 4822 1769 1558 2800 3298 
28 3000 3795 3417 3660 4613 5614 3939 3170 1366 989 3437 2927 3734 799 3533 3121 866 1187 5438 4412 4643 4703 2206 3934 977 6581 2608 213 0 4062 4386 2460 5472 2831 3471 507 19 1638 3328 4175 4420 4198 2993 4910 1926 4561 2364 4499 5094 1541 5019 2901 3749 3851 5371 1374 4237 5185 3590 590 2078 3076 3565 2840 1783 1952 2117 4631 4005 5013 442 1694 1020 3658 4294 3090 2999 5267 5072 5289 840 3277 1796 3138 2461 2726 311 1099 2780 3848 4332 5140 4326 6061 4283 3275 4629 1715 1461 2958 3085 
29 3000 930 6082 440 815 2729 1636 2973 2752 4603 5310 2040 1664 3677 2796 1285 4703 5234 1826 1397 2792 1363 2248 1591 3168 4327 6077 4113 4062 0 5687 5644 3535 6196 697 4002 4047 4775 6088 4861 5489 3858 2731 3712 5759 3505 2692 1668 2459 4617 972 3227 6321 4482 2153 4596 1965 1123 585 4332 2960 2631 1279 6206 5722 2863 4573 1167 986 1899 4499 5716 3983 5702 5098 1215 1605 4137 1100 2163 4324 2811 5174 3026 1820 4138 4373 4774 1307 4962 5783 2031 5130 3440 3468 4667 3853 2347 5316 3722 4513 
30 3000 4803 1877 5573 6502 4916 6742 6897 4148 5316 1012 6151 4120 5030 7098 4449 3877 4440 7512 6881 3670 5135 3801 6711 4049 4641 3162 4598 4386 5687 0 6728 3851 6957 5040 3881 4398 6005 2018 934 308 2147 6627 2976 3851 2842 3193 7107 7912 2943 6473 2488 1767 1236 5197 3126 4132 6469 5654 3880 5918 6643 4425 2997 4126 5728 6496 6809 6364 4977 4376 4432 3373 1035 717 4552 4121 2934 6038 7781 3596 6904 6076 6895 4181 1821 4442 5373 4775 729 197 7633 701 4801 2644 1187 2524 4579 3860 7040 1388 
31 3000 5714 5419 5204 5917 7758 4794 3328 3514 1471 5734 3799 5870 2195 3756 5104 2855 2396 6455 5389 6943 6642 4415 4813 3257 8904 4209 2255 2460 5644 6728 0 7808 567 5245 2948 2455 922 5295 6612 6800 6648 3364 7318 3290 6968 4728 5349 5631 3784 6473 5340 5743 6302 7402 3602 6410 6692 5070 2867 2726 3493 5593 4477 2984 2791 1155 5753 5173 7051 2360 2662 3452 5879 6715 5029 5093 7693 6743 6046 3148 3526 665 3264 4521 5167 2317 1375 4588 6255 6647 5927 6746 8291 6701 5681 7064 3579 3033 2584 5500 
32 3000 2720 5272 3740 4190 1264 5137 6168 4296 6399 4164 5183 2147 5617 6125 3001 5593 6290 5029 4925 886 2276 3402 5093 4562 1109 6054 5643 5472 3535 3851 7808 0 8258 3271 5091 5470 6891 5362 2944 3549 1812 5883 881 6272 1112 3109 5198 5964 4914 3816 2699 5336 2795 1803 5023 1643 3680 3905 5333 5670 5822 2565 6031 6412 5496 7023 4626 4513 1808 5768 6587 4712 4504 3138 3121 2858 999 3165 5575 5137 6059 7179 6204 3389 3470 5723 6540 3607 3362 4033 5467 3151 950 1403 3524 1343 4329 5995 6736 3523 
33 3000 6238 5535 5755 6481 8257 5362 3887 3982 1863 5951 4366 6364 2679 4314 5616 3089 2536 7022 5957 7403 7168 4885 5381 3695 9360 4256 2639 2831 6196 6957 567 8258 0 5780 3292 2829 1434 5403 6910 7052 7028 3930 7734 3343 7384 5159 5916 6190 4024 7034 5732 5851 6619 7918 3844 6899 7251 5625 3163 3290 4059 6102 4522 3031 3350 1721 6320 5739 7566 2656 2699 3778 6063 6998 5546 5589 8097 7293 6610 3435 4087 1084 3823 5017 5480 2642 1733 5115 6529 6863 6492 7027 8773 7110 5959 7460 4086 3157 3129 5787 
34 3000 567 5386 551 1484 2703 1921 2935 2126 4097 4626 1948 1187 3173 2858 598 4064 4623 2494 1882 2444 1424 1554 1880 2541 4187 5391 3543 3471 697 5040 5245 3271 5780 0 3366 3458 4346 5391 4242 4856 3307 2661 3294 5102 3045 1997 2134 2950 3933 1649 2562 5627 3854 2225 3918 1630 1765 678 3695 2667 2585 750 5516 5080 2534 4233 1768 1382 1901 3900 5092 3314 5017 4476 518 926 3732 1600 2748 3669 2809 4727 2978 1133 3452 3783 4266 694 4312 5128 2604 4508 3366 2962 3994 3368 1778 4668 3591 3835 
35 3000 3623 2983 3627 4619 5320 4084 3494 1250 1481 2939 3121 3472 1215 3827 2947 702 1289 5499 4511 4285 4502 1961 4074 835 6200 2317 720 507 4002 3881 2948 5091 3292 3366 0 517 2143 2905 3672 3913 3740 3289 4488 1783 4140 2003 4625 5273 1086 4972 2462 3311 3354 5124 937 3947 5119 3579 329 2399 3358 3355 2526 1720 2248 2617 4686 4069 4769 677 1729 513 3172 3789 2936 2778 4829 4956 5415 422 3579 2282 3468 2283 2224 653 1575 2696 3341 3830 5263 3820 5726 3855 2768 4186 1706 1325 3369 2578 
36 3000 3784 3435 3645 4597 5607 3920 3151 1355 984 3450 2907 3726 780 3513 3110 885 1204 5420 4394 4639 4693 2198 3915 968 6578 2627 204 19 4047 4398 2455 5470 2829 3458 517 0 1629 3346 4183 4430 4201 2973 4910 1946 4560 2360 4480 5075 1557 5004 2902 3766 3858 5361 1390 4230 5170 3574 608 2058 3056 3555 2859 1802 1933 2104 4613 3988 5004 459 1712 1030 3673 4303 3079 2990 5267 5058 5271 856 3258 1791 3118 2450 2734 326 1097 2766 3858 4345 5121 4335 6055 4283 3285 4630 1700 1481 2940 3094 
37 3000 4804 4860 4335 5100 6836 4056 2723 2596 699 5035 3023 4948 1275 3156 4186 2207 1935 5708 4635 6024 5734 3495 4069 2355 7986 3780 1425 1638 4775 6005 922 6891 1434 4346 2143 1629 0 4749 5813 6051 5775 2696 6418 2897 6069 3824 4625 4998 3091 5634 4461 5192 5485 6487 2911 5487 5845 4210 2128 1932 2819 4674 4044 2620 1962 705 4972 4373 6135 1650 2342 2657 5222 5933 4114 4171 6800 5869 5359 2411 2905 422 2665 3599 4363 1567 696 3681 5485 5941 5230 5964 7369 5807 4911 6178 2659 2542 2114 4722 
38 3000 5365 148 5837 6856 6185 6695 6370 3749 4057 1225 5861 4842 4110 6673 4810 2556 2898 7843 7000 4904 5980 3865 6675 3464 6320 1230 3509 3328 6088 2018 5295 5362 5403 5391 2905 3346 4749 0 2583 2265 3552 6145 4500 2079 4253 3402 7173 7912 1824 7012 3066 448 2595 6290 1968 5070 7079 5860 2739 5285 6199 4991 1015 2387 5122 5365 7055 6500 5995 3130 2718 2524 994 2493 4873 4507 4606 6748 7933 2499 6436 4699 6349 4301 2072 3247 4058 4895 2092 1844 7778 2502 6265 3977 1839 4044 4264 2262 6273 1866 
39 3000 3956 2466 4787 5675 3984 6025 6346 3659 5153 1364 5529 3251 4714 6504 3665 3837 4479 6680 6112 2736 4227 3152 5991 3648 3796 3549 4387 4175 4861 934 6612 2944 6910 4242 3672 4183 5813 2583 0 662 1213 6065 2064 4071 1912 2540 6349 7162 2923 5605 1768 2460 401 4265 3094 3221 5588 4882 3751 5437 6066 3585 3442 4307 5243 6224 6005 5598 4050 4260 4578 3162 1626 239 3778 3342 2072 5143 6990 3475 6329 5947 6352 3488 1449 4294 5237 4055 495 1100 6846 269 3890 1710 976 1605 4028 3971 6584 1128 
40 3000 4594 2129 5395 6305 4628 6597 6818 4085 5370 1165 6044 3898 5032 7003 4270 3963 4554 7313 6712 3392 4888 3677 6564 4017 4333 3370 4633 4420 5489 308 6800 3549 7052 4856 3913 4430 6051 2265 662 0 1868 6544 2676 4016 2554 3064 6944 7753 3028 6253 2327 2044 1009 4923 3208 3882 6241 5483 3938 5864 6555 4219 3220 4281 5672 6517 6623 6196 4712 4441 4578 3400 1271 430 4378 3944 2627 5801 7602 3655 6816 6143 6820 4041 1769 4497 5435 4625 608 503 7456 408 4499 2366 1155 2228 4495 3992 6997 1354 
41 3000 2930 3460 3858 4658 2775 5190 5771 3314 5182 2353 4866 2198 4556 5858 2783 4108 4801 5642 5187 1524 3069 2578 5152 3442 2790 4303 4397 4198 3858 2147 6648 1812 7028 3307 3740 4201 5775 3552 1213 1868 0 5481 949 4624 717 2039 5441 6257 3308 4515 1316 3527 992 3055 3445 2067 4472 3979 3916 5001 5459 2588 4258 4803 4808 6062 5024 4690 2853 4402 5020 3280 2698 1438 2908 2490 1144 4005 6020 3676 5719 5989 5789 2799 1761 4394 5298 3280 1571 2309 5883 1461 2733 497 1718 508 3553 4410 6147 1735 
42 3000 3228 6204 2338 2724 5355 1463 291 2494 2903 5877 713 3737 2225 540 2890 3857 4052 3110 2066 5016 4024 2933 1489 2695 6842 5588 2892 2993 2731 6627 3364 5883 3930 2661 3289 2973 2696 6145 6065 6544 5481 0 5750 4908 5446 3534 1994 2302 4330 3340 4320 6519 5668 4835 4207 4248 3583 2167 3540 919 129 3319 5808 4729 1043 2209 2469 1968 4536 3374 4566 3620 6200 6263 2767 3090 6188 3779 2682 3712 291 3114 320 2684 4808 3221 3049 2292 5937 6644 2562 6298 6027 5280 5442 5702 2049 4448 1005 5243 
43 3000 2805 4405 3820 4456 1999 5215 6040 3858 5872 3293 5081 2106 5161 6060 2884 4927 5625 5380 5102 959 2649 3012 5173 4063 1847 5241 5096 4910 3712 2976 7318 881 7734 3294 4488 4910 6418 4500 2064 2676 949 5750 0 5522 350 2594 5370 6170 4182 4190 2029 4461 1919 2410 4306 1752 4098 3968 4699 5404 5707 2544 5203 5684 5218 6627 4865 4641 2297 5163 5882 4065 3626 2260 3013 2659 441 3595 5851 4480 5958 6671 6068 3109 2675 5136 6002 3463 2482 3155 5727 2275 1826 636 2667 462 3989 5278 6521 2682 
44 3000 5296 2217 5398 6399 6753 5843 5069 3021 2266 2852 4848 5021 2685 5447 4632 1094 963 7282 6288 5580 6122 3606 5836 2613 7351 918 2016 1926 5759 3851 3290 6272 3343 5102 1783 1946 2897 2079 4071 4016 4624 4908 5522 0 5200 3446 6394 7014 1363 6731 3587 2521 3896 6659 1282 5428 6866 5357 1462 3989 4996 4988 1186 311 3874 3579 6469 5852 6315 1535 644 1802 2859 4084 4641 4416 5768 6669 7185 1435 5189 2753 5032 3984 2863 1688 2210 4452 3607 3719 7034 4106 7042 4900 3104 5127 3489 468 4752 2990 
45 3000 2584 4166 3582 4272 2074 4966 5737 3512 5522 3064 4787 1864 4813 5771 2603 4586 5284 5220 4884 876 2534 2674 4925 3714 2152 4948 4746 4561 3505 2842 6968 1112 7384 3045 4140 4560 6069 4253 1912 2554 717 5446 350 5200 0 2246 5148 5955 3854 4048 1684 4241 1710 2404 3974 1578 3975 3723 4354 5077 5407 2295 4920 5356 4890 6283 4668 4410 2242 4815 5549 3721 3414 2127 2731 2360 754 3484 5661 4137 5661 6321 5763 2789 2370 4787 5652 3168 2289 3012 5533 2146 2018 300 2414 375 3654 4948 6200 2410 
46 3000 1978 3392 2477 3478 3341 3553 3818 1281 3296 2652 2990 1580 2567 3964 1409 2579 3256 4480 3733 2284 2707 614 3523 1470 4217 3538 2534 2364 2692 3193 4728 3109 5159 1997 2003 2360 3824 3402 2540 3064 2039 3534 2594 3446 2246 0 3943 4737 2127 3609 787 3629 2140 3213 2169 1988 3681 2527 2274 2975 3530 1620 3624 3511 2781 4048 3718 3216 2869 2675 3622 1695 3036 2747 1479 1105 2984 3376 4654 2122 3794 4086 3828 993 1474 2620 3434 1598 2471 3248 4502 2782 3723 1992 2061 2381 1530 3080 4126 1883 
47 3000 2565 7196 1582 1096 4307 575 2098 3473 4702 6585 1628 3286 3865 1731 2686 5299 5669 1118 272 4459 2967 3370 571 3836 5941 6907 4469 4499 1668 7107 5349 5198 5916 2134 4625 4480 4625 7173 6349 6944 5441 1994 5370 6394 5148 3943 0 816 5491 1694 4620 7472 5955 3692 5420 3631 1938 1469 4935 2703 1865 2864 7084 6279 2718 4195 666 753 3496 4932 6185 4783 6961 6579 2571 3007 5799 2322 791 5020 1892 5047 2164 2952 5413 4784 4865 2345 6378 7178 641 6612 5030 5087 6003 5485 2959 5927 2931 5827 
48 3000 3371 7941 2398 1786 5015 1216 2303 4178 5174 7368 2167 4096 4402 1875 3501 5924 6235 1303 1072 5249 3706 4153 1237 4517 6659 7580 5039 5094 2459 7912 5631 5964 6190 2950 5273 5075 4998 7912 7162 7753 6257 2302 6170 7014 5955 4737 816 0 6192 2295 5427 8225 6767 4388 6108 4424 2516 2285 5571 3149 2180 3678 7770 6875 3207 4482 1341 1569 4223 5515 6754 5476 7739 7391 3385 3820 6596 2967 597 5681 2107 5415 2367 3743 6200 5363 5328 3140 7183 7979 598 7425 5738 5899 6798 6295 3660 6546 3083 6618 
49 3000 4051 1898 4299 5323 5398 4981 4549 2019 2394 1951 4087 3707 2300 4862 3411 935 1556 6267 5345 4218 4831 2385 4965 1682 5999 1459 1738 1541 4617 2943 3784 4914 4024 3933 1086 1557 3091 1824 2923 3028 3308 4330 4182 1363 3854 2127 5491 6192 0 5582 2225 2226 2679 5328 182 4088 5692 4289 972 3462 4389 3718 1603 1502 3301 3642 5458 4867 4989 1444 1713 720 2132 2988 3439 3160 4450 5445 6271 701 4621 3136 4527 2799 1570 1527 2437 3336 2513 2863 6117 3016 5679 3554 1952 3803 2534 1101 4455 1795 
50 3000 1683 7000 1359 633 2756 1970 3535 3722 5515 6178 2723 2355 4595 3260 2205 5674 6196 1212 1459 3231 1553 3203 1931 4137 4402 7041 5061 5019 972 6473 6473 3816 7034 1649 4972 5004 5634 7012 5605 6253 4515 3340 4190 6731 4048 3609 1694 2295 5582 0 4071 7226 5245 2123 5564 2473 250 1447 5302 3751 3223 2066 7165 6693 3683 5365 1028 1373 2014 5459 6682 4954 6574 5845 2154 2505 4582 681 1809 5296 3346 6043 3596 2782 5021 5330 5686 2279 5759 6585 1728 5875 3473 4074 5515 4418 3305 6288 4345 5374 
51 3000 2388 3024 3088 4038 3220 4269 4605 2019 3878 2110 3765 1790 3240 4745 1966 2906 3604 5050 4393 1999 2918 1391 4237 2126 3796 3473 3094 2901 3227 2488 5340 2699 5732 2562 2462 2902 4461 3066 1768 2327 1316 4320 2029 3587 1684 787 4620 5427 2225 4071 0 3208 1367 3245 2326 2009 4101 3166 2669 3754 4315 2005 3501 3716 3559 4748 4328 3876 2937 3135 3888 2036 2507 1984 2066 1638 2367 3725 5294 2454 4578 4683 4616 1721 995 3113 3999 2298 1758 2568 5146 2019 3457 1394 1445 1728 2313 3297 4906 1305 
52 3000 5560 333 6094 7104 6232 7010 6751 4089 4498 1179 6207 4998 4523 7042 5037 2993 3347 8101 7290 4946 6124 4130 6988 3827 6248 1652 3934 3749 6321 1767 5743 5336 5851 5627 3311 3766 5192 448 2460 2044 3527 6519 4461 2521 4241 3629 7472 8225 2226 7226 3208 0 2542 6381 2379 5183 7280 6127 3161 5673 6569 5181 1418 2831 5505 5801 7324 6783 6100 3566 3163 2906 837 2334 5108 4724 4524 6926 8222 2913 6810 5147 6732 4564 2219 3680 4502 5167 1990 1577 8068 2336 6259 3979 1862 3999 4599 2711 6681 1935 
53 3000 3584 2494 4397 5297 3753 5626 5949 3275 4836 1377 5129 2890 4360 6104 3274 3570 4231 6304 5719 2480 3899 2752 5592 3281 3724 3452 4062 3851 4482 1236 6302 2795 6619 3854 3354 3858 5485 2595 401 1009 992 5668 1919 3896 1710 2140 5955 6767 2679 5245 1367 2542 0 3988 2842 2897 5236 4490 3455 5050 5668 3210 3375 4114 4856 5875 5620 5205 3755 3963 4368 2849 1708 623 3385 2949 2012 4802 6603 3186 5931 5636 5956 3087 1139 3988 4927 3656 584 1371 6458 657 3724 1468 812 1458 3635 3755 6199 906 
54 3000 1698 6234 2502 2609 632 3774 5093 4020 6147 5217 4125 1654 5252 4944 2303 5760 6411 3320 3425 1535 811 3170 3730 4393 2278 6688 5491 5371 2153 5197 7402 1803 7918 2225 5124 5361 6487 6290 4265 4923 3055 4835 2410 6659 2404 3213 3692 4388 5328 2123 3245 6381 3988 0 5380 1245 1947 2675 5427 4891 4746 1823 6735 6720 4752 6436 3057 3114 357 5756 6813 4894 5602 4493 2373 2373 2716 1443 3930 5312 4943 6844 5142 2929 4225 5667 6310 2823 4567 5351 3842 4516 1351 2558 4523 2770 3834 6289 5797 4446 
55 3000 4062 2050 4266 5286 5470 4901 4420 1949 2213 2134 3988 3748 2144 4742 3411 754 1389 6218 5280 4308 4861 2381 4887 1591 6114 1496 1568 1374 4596 3126 3602 5023 3844 3918 937 1390 2911 1968 3094 3208 3445 4207 4306 1282 3974 2169 5420 6108 182 5564 2326 2379 2842 5380 0 4146 5682 4248 797 3329 4270 3738 1664 1389 3172 3467 5408 4809 5038 1262 1577 636 2311 3164 3433 3173 4584 5450 6203 534 4498 2953 4397 2785 1723 1348 2255 3304 2689 3046 6049 3192 5771 3674 2126 3935 2460 973 4304 1965 
56 3000 1089 5021 2116 2704 1377 3519 4531 2928 5077 4036 3544 547 4221 4482 1392 4559 5225 3642 3361 829 1006 2036 3475 3267 2610 5442 4376 4237 1965 4132 6410 1643 6899 1630 3947 4230 5487 5070 3221 3882 2067 4248 1752 5428 1578 1988 3631 4424 4088 2473 2009 5183 2897 1245 4146 0 2412 2276 4239 4093 4184 929 5491 5499 3928 5531 3113 2916 927 4598 5607 3681 4428 3459 1504 1321 2172 1938 4098 4105 4418 5815 4568 1891 2998 4522 5233 1995 3456 4268 3975 3486 1887 1607 3342 1945 2842 5068 5124 3248 
57 3000 1719 7062 1537 883 2579 2220 3781 3870 5709 6212 2958 2350 4785 3509 2291 5819 6357 1373 1707 3139 1449 3307 2180 4286 4220 7149 5235 5185 1123 6469 6692 3680 7251 1765 5119 5170 5845 7079 5588 6241 4472 3583 4098 6866 3975 3681 1938 2516 5692 250 4101 7280 5236 1947 5682 2412 0 1641 5448 3974 3466 2101 7266 6837 3901 5590 1273 1618 1871 5622 6836 5079 6609 5827 2253 2576 4479 515 2009 5432 3593 6252 3842 2896 5066 5497 5880 2422 5762 6587 1938 5856 3290 4019 5542 4348 3470 6428 4588 5407 
58 3000 1187 5868 174 1042 3220 1248 2419 2336 4069 5179 1466 1862 3148 2278 1217 4281 4773 1987 1229 3100 1867 1997 1205 2745 4772 5742 3622 3590 585 5654 5070 3905 5625 678 3579 3574 4210 5860 4882 5483 3979 2167 3968 5357 3723 2527 1469 2285 4289 1447 3166 6127 4490 2675 4248 2276 1641 0 3908 2377 2072 1427 5890 5297 2284 3991 1197 716 2391 4031 5267 3619 5564 5113 1105 1540 4404 1683 2131 3929 2268 4614 2469 1562 4001 3898 4240 965 4924 5732 1981 5146 3914 3640 4572 4047 1884 4904 3148 4403 
59 3000 3945 2829 3956 4947 5607 4389 3731 1580 1436 2906 3411 3774 1384 4080 3270 373 986 5821 4826 4545 4818 2274 4381 1165 6440 2048 773 590 4332 3880 2867 5333 3163 3695 329 608 2128 2739 3751 3938 3916 3540 4699 1462 4354 2274 4935 5571 972 5302 2669 3161 3455 5427 797 4239 5448 3908 0 2635 3615 3671 2270 1391 2496 2670 5008 4390 5073 509 1404 636 3104 3849 3262 3093 5024 5284 5727 283 3828 2207 3701 2607 2316 562 1497 3026 3387 3813 5575 3879 5994 4063 2814 4377 2031 999 3547 2634 
60 3000 3200 5353 2523 3191 5337 2130 1096 1781 2024 5108 1090 3550 1305 1458 2701 2944 3135 3777 2703 4784 4092 2426 2142 1890 6699 4681 1973 2078 2960 5918 2726 5670 3290 2667 2399 2058 1932 5285 5437 5864 5001 919 5404 3989 5077 2975 2703 3149 3462 3751 3754 5673 5050 4891 3329 4093 3974 2377 2635 0 1013 3182 4906 3810 194 1616 3041 2450 4559 2455 3650 2767 5410 5619 2595 2812 5831 4060 3457 2821 1200 2354 1068 2299 4100 2301 2180 2106 5256 5917 3321 5654 5957 4872 4732 5287 1448 3530 1152 4530 
61 3000 3153 6256 2245 2604 5272 1335 349 2524 3013 5908 639 3678 2316 473 2838 3938 4149 2980 1938 4960 3935 2925 1362 2742 6771 5664 2981 3076 2631 6643 3493 5822 4059 2585 3358 3056 2819 6199 6066 6555 5459 129 5707 4996 5407 3530 1865 2180 4389 3223 4315 6569 5668 4746 4270 4184 3466 2072 3615 1013 0 3257 5881 4821 1123 2337 2343 1850 4451 3463 4664 3676 6236 6267 2712 3048 6147 3671 2555 3780 263 3238 396 2659 4827 3310 3162 2245 5949 6664 2433 6302 5949 5247 5461 5669 2064 4534 1121 5263 
62 3000 383 4968 1288 2090 2176 2672 3603 2204 4324 4113 2618 439 3431 3565 492 4020 4644 3094 2606 1713 1147 1396 2630 2589 3536 5151 3676 3565 1279 4425 5593 2565 6102 750 3355 3555 4674 4991 3585 4219 2588 3319 2544 4988 2295 1620 2864 3678 3718 2066 2005 5181 3210 1823 3738 929 2101 1427 3671 3182 3257 0 5243 5012 3024 4663 2438 2119 1467 3963 5072 3188 4510 3823 587 577 2983 1760 3433 3587 3493 5025 3639 1109 2965 3867 4487 1076 3705 4529 3295 3854 2774 2222 3449 2623 2016 4585 4197 3309 
63 3000 5594 1164 5898 6923 6717 6565 6002 3613 3383 2093 5637 5175 3638 6348 4975 1982 2116 7870 6943 5465 6318 3962 6551 3253 7049 268 2983 2840 6206 2997 4477 6031 4522 5516 2526 2859 4044 1015 3442 3220 4258 5808 5203 1186 4920 3624 7084 7770 1603 7165 3501 1418 3375 6735 1664 5491 7266 5890 2270 4906 5881 5243 0 1495 4765 4707 7061 6469 6414 2535 1825 2301 1961 3392 5014 4705 5369 6993 7867 2105 6097 3928 5972 4386 2576 2676 3349 4935 2948 2833 7713 3406 6888 4628 2566 4765 4124 1504 5781 2524 
64 3000 5306 2524 5347 6335 6841 5721 4878 2971 2010 3121 4708 5071 2505 5265 4635 1018 706 7196 6185 5695 6154 3619 5716 2556 7501 1228 1843 1783 5722 4126 2984 6412 3031 5080 1720 1802 2620 2387 4307 4281 4803 4729 5684 311 5356 3511 6279 6875 1502 6693 3716 2831 4114 6720 1389 5499 6837 5297 1391 3810 4821 5012 1495 0 3705 3310 6385 5763 6371 1363 332 1828 3147 4332 4635 4436 5947 6662 7070 1425 5005 2458 4837 3978 3050 1516 1942 4415 3852 4000 6920 4355 7158 5056 3334 5302 3416 431 4523 3209 
65 3000 3057 5186 2423 3139 5187 2142 1248 1588 1985 4924 1089 3384 1204 1584 2539 2815 3042 3770 2698 4609 3958 2234 2150 1708 6531 4544 1862 1952 2863 5728 2791 5496 3350 2534 2248 1933 1962 5122 5243 5672 4808 1043 5218 3874 4890 2781 2718 3207 3301 3683 3559 5505 4856 4752 3172 3928 3901 2284 2496 194 1123 3024 4765 3705 0 1712 3016 2412 4417 2344 3560 2599 5230 5425 2437 2638 5644 3964 3485 2671 1332 2379 1227 2118 3909 2191 2147 1951 5064 5729 3345 5460 5798 4683 4541 5097 1254 3411 1347 4340 
66 3000 4737 5468 4134 4793 6839 3643 2179 2771 1324 5555 2663 4984 1517 2610 4171 2809 2615 5303 4240 6140 5653 3631 3663 2625 8095 4446 1909 2117 4573 6496 1155 7023 1721 4233 2617 2104 705 5365 6224 6517 6062 2209 6627 3579 6283 4048 4195 4482 3642 5365 4748 5801 5875 6436 3467 5531 5590 3991 2670 1616 2337 4663 4707 3310 1712 0 4611 4043 6094 2235 3040 3123 5771 6362 4082 4212 7029 5673 4891 2943 2375 1031 2116 3650 4783 2126 1368 3614 5933 6447 4771 6395 7418 6039 5364 6429 2699 3203 1477 5169 
67 3000 2097 7064 1243 447 3680 1017 2623 3469 4963 6368 1955 2831 4078 2302 2361 5380 5817 813 442 3931 2364 3194 986 3863 5321 6904 4631 4631 1167 6809 5753 4626 6320 1768 4686 4613 4972 7055 6005 6623 5024 2469 4865 6469 4668 3718 666 1341 5458 1028 4328 7324 5620 3057 5408 3113 1273 1197 5008 3041 2343 2438 7061 6385 3016 4611 0 626 2882 5072 6325 4773 6755 6240 2263 2690 5284 1663 996 5057 2424 5392 2687 2759 5190 4930 5131 2160 6080 6895 864 6272 4403 4636 5751 5019 2981 6008 3453 5586 
68 3000 1836 6515 832 759 3706 661 2163 2864 4343 5866 1379 2545 3454 1908 1934 4761 5191 1433 517 3746 2342 2660 617 3251 5313 6305 4004 4005 986 6364 5173 4513 5739 1382 4069 3988 4373 6500 5598 6196 4690 1968 4641 5852 4410 3216 753 1569 4867 1373 3876 6783 5205 3114 4809 2916 1618 716 4390 2450 1850 2119 6469 5763 2412 4043 626 0 2878 4447 5700 4174 6246 5829 1820 2256 5074 1866 1440 4446 1977 4791 2224 2233 4690 4304 4512 1624 5634 6439 1287 5862 4421 4340 5271 4742 2367 5389 2972 5098 
69 3000 1360 5944 2217 2437 831 3534 4800 3662 5791 4945 3824 1301 4897 4668 1950 5408 6057 3226 3225 1366 535 2814 3489 4036 2444 6360 5133 5013 1899 4977 7051 1808 7566 1901 4769 5004 6135 5995 4050 4712 2853 4536 2297 6315 2242 2869 3496 4223 4989 2014 2937 6100 3755 357 5038 927 1871 2391 5073 4559 4451 1467 6414 6371 4417 6094 2882 2878 0 5399 6461 4544 5335 4283 2022 2015 2643 1356 3797 4961 4656 6490 4847 2572 3925 5310 5954 2480 4328 5124 3698 4308 1543 2361 4251 2615 3480 5940 5486 4165 
70 3000 4207 3232 4100 5056 5974 4369 3534 1782 951 3394 3349 4110 1149 3912 3531 575 745 5879 4850 4959 5107 2585 4366 1377 6878 2288 482 442 4499 4376 2360 5768 2656 3900 677 459 1650 3130 4260 4441 4402 3374 5163 1535 4815 2675 4932 5515 1444 5459 3135 3566 3963 5756 1262 4598 5622 4031 509 2455 3463 3963 2535 1363 2344 2235 5072 4447 5399 0 1254 1127 3572 4357 3506 3392 5500 5500 5722 788 3653 1702 3497 2867 2824 153 996 3212 3895 4304 5573 4387 6395 4529 3322 4854 2153 1082 3249 3143 
71 3000 5350 2855 5328 6298 6963 5620 4699 2967 1768 3423 4592 5160 2356 5097 4675 1053 518 7132 6104 5846 6219 3675 5617 2551 7683 1558 1718 1694 5716 4432 2662 6587 2699 5092 1729 1712 2342 2718 4578 4578 5020 4566 5882 644 5549 3622 6185 6754 1713 6682 3888 3163 4368 6813 1577 5607 6836 5267 1404 3650 4664 5072 1825 332 3560 3040 6325 5700 6461 1254 0 1926 3463 4612 4665 4495 6161 6685 6974 1502 4836 2154 4656 4012 3281 1401 1681 4415 4132 4310 6826 4636 7307 5250 3602 5512 3383 613 4302 3467 
72 3000 3494 2586 3643 4660 5037 4267 3846 1312 1991 2445 3367 3244 1680 4150 2830 888 1580 5585 4643 3939 4328 1803 4252 961 5818 2131 1233 1020 3983 3373 3452 4712 3778 3314 513 1030 2657 2524 3162 3400 3280 3620 4065 1802 3721 1695 4783 5476 720 4954 2036 2906 2849 4894 636 3681 5079 3619 636 2767 3676 3188 2301 1828 2599 3123 4773 4174 4544 1127 1926 0 2697 3276 2842 2614 4388 4868 5566 429 3912 2787 3827 2187 1715 1139 2078 2684 2828 3327 5412 3307 5395 3429 2254 3740 1823 1399 3798 2065 
73 3000 4893 861 5513 6502 5425 6534 6452 3713 4524 397 5813 4288 4376 6705 4420 3031 3527 7510 6761 4141 5393 3591 6508 3521 5411 2131 3862 3658 5702 1035 5879 4504 6063 5017 3172 3673 5222 994 1626 1271 2698 6200 3626 2859 3414 3036 6961 7739 2132 6574 2507 837 1708 5602 2311 4428 6609 5564 3104 5410 6236 4510 1961 3147 5230 5771 6755 6246 5335 3572 3463 2697 0 1513 4503 4097 3687 6229 7686 2827 6488 5245 6441 4013 1566 3659 4558 4622 1153 875 7534 1519 5431 3158 1086 3164 4198 2919 6483 1202 
74 3000 4194 2369 5019 5912 4201 6249 6542 3838 5264 1300 5737 3490 4859 6708 3897 3914 4540 6917 6343 2962 4465 3361 6215 3808 3955 3515 4507 4294 5098 717 6715 3138 6998 4476 3789 4303 5933 2493 239 430 1438 6263 2260 4084 2127 2747 6579 7391 2988 5845 1984 2334 623 4493 3164 3459 5827 5113 3849 5619 6267 3823 3392 4332 5425 6362 6240 5829 4283 4357 4612 3276 1513 0 4008 3573 2237 5382 7224 3570 6530 6053 6547 3706 1578 4399 5342 4278 480 895 7079 35 4086 1936 1038 1808 4221 4011 6762 1214 
75 3000 708 4867 1022 2000 2758 2282 3054 1725 3795 4113 2078 974 2887 3049 128 3624 4213 3007 2334 2249 1634 1054 2244 2131 4114 4895 3183 3090 1215 4552 5029 3121 5546 518 2936 3079 4114 4873 3778 4378 2908 2767 3013 4641 2731 1479 2571 3385 3439 2154 2066 5108 3385 2373 3433 1504 2253 1105 3262 2595 2712 587 5014 4635 2437 4082 2263 1820 2022 3506 4665 2842 4503 4008 0 435 3454 2028 3228 3214 2957 4474 3087 657 2937 3399 3961 491 3823 4634 3080 4041 3361 2609 3487 3027 1466 4216 3621 3325 
76 3000 891 4494 1452 2408 2667 2708 3381 1648 3786 3705 2426 777 2911 3411 328 3443 4068 3419 2770 1972 1724 819 2671 2022 3898 4603 3118 2999 1605 4121 5093 2858 5589 926 2778 2990 4171 4507 3342 3944 2490 3090 2659 4416 2360 1105 3007 3820 3160 2505 1638 4724 2949 2373 3173 1321 2576 1540 3093 2812 3048 577 4705 4436 2638 4212 2690 2256 2015 3392 4495 2614 4097 3573 435 0 3098 2288 3660 3011 3300 4507 3409 572 2533 3298 3947 808 3391 4205 3513 3606 3208 2215 3068 2636 1521 4009 3890 2910 
77 3000 3237 4501 4255 4870 2238 5652 6479 4258 6238 3383 5522 2544 5551 6501 3326 5234 5929 5780 5530 1357 3032 3428 5610 4445 1724 5428 5457 5267 4137 2934 7693 999 8097 3732 4829 5267 6800 4606 2072 2627 1144 6188 441 5768 754 2984 5799 6596 4450 4582 2367 4524 2012 2716 4584 2172 4479 4404 5024 5831 6147 2983 5369 5947 5644 7029 5284 5074 2643 5500 6161 4388 3687 2237 3454 3098 0 3970 6266 4794 6398 7040 6506 3541 2905 5481 6363 3903 2534 3124 6145 2245 1927 993 2805 650 4409 5551 6953 2850 
78 3000 1399 6722 1540 1226 2076 2513 4002 3723 5672 5832 3111 1943 4745 3773 2039 5649 6221 1880 2069 2638 950 3069 2471 4137 3721 6892 5141 5072 1100 6038 6743 3165 7293 1600 4956 5058 5869 6748 5143 5801 4005 3779 3595 6669 3484 3376 2322 2967 5445 681 3725 6926 4802 1443 5450 1938 515 1683 5284 4060 3671 1760 6993 6662 3964 5673 1663 1866 1356 5500 6685 4868 6229 5382 2028 2288 3970 0 2490 5242 3826 6265 4059 2685 4707 5383 5843 2292 5341 6163 2407 5411 2792 3542 5152 3858 3373 6244 4781 5027 
79 3000 3094 7951 2207 1396 4562 1355 2735 4254 5470 7305 2401 3828 4648 2325 3333 6090 6457 715 933 4910 3300 4101 1356 4622 6209 7693 5257 5289 2163 7781 6046 5575 6610 2748 5415 5271 5359 7933 6990 7602 6020 2682 5851 7185 5661 4654 791 597 6271 1809 5294 8222 6603 3930 6203 4098 2009 2131 5727 3457 2555 3433 7867 7070 3485 4891 996 1440 3797 5722 6974 5566 7686 7224 3228 3660 6266 2490 0 5810 2530 5781 2801 3673 6128 5573 5631 3064 7051 7862 154 7257 5281 5632 6703 6013 3744 6718 3547 6533 
