FILE: 2411EuclS.txt
100 100 0 
1 3000 0 5634 5421 3977 4705 3140 588 1922 2044 4833 4107 7128 4062 6398 6341 6156 5221 2879 4330 1600 6561 713 5154 5094 3854 2475 3517 3762 1096 4464 5123 2701 6885 4592 2380 2314 4068 5245 6207 2797 2691 4822 2176 2530 1976 5939 3747 6114 1971 2060 267 2530 4390 3537 4851 1298 5473 3724 2330 4551 6330 3593 1982 5750 3341 1973 5032 3160 4775 2796 3056 5635 1360 3468 3369 4627 1154 2332 2716 2457 3620 5059 2449 3640 5429 2341 6371 5712 5043 3968 4216 3571 1802 2117 4514 1806 5627 5413 4366 4004 
2 3000 5634 0 459 4773 2866 2692 5149 4764 3606 4304 3188 1493 5220 877 874 4384 4660 5096 1335 6093 1183 5100 1298 1181 1887 4082 3022 1898 4697 1337 514 6380 1362 2033 7289 3431 5615 1708 1527 4822 4338 2391 4434 4316 7009 1484 2620 4644 5294 3574 5901 3501 1839 4570 4019 5814 3132 4587 4802 3678 4298 2095 6682 2029 3110 5792 4959 2855 3306 3341 3933 1831 4292 4822 4815 1730 4486 4647 3856 3769 2041 2102 4383 5436 1745 4781 4641 1606 1200 3465 3264 4641 4014 5226 1345 4390 4995 594 3008 4540 
3 3000 5421 459 0 4334 3100 2623 4963 4428 3425 4528 2745 1768 5350 1300 1313 4720 4908 5123 1263 5993 1626 4852 839 722 1591 3725 2621 1777 4534 995 533 6358 1466 2232 7188 3162 5179 2026 1975 4844 4345 1932 4089 4304 6890 1910 2219 4967 4950 3370 5688 3177 1416 4145 4252 5698 3452 4155 4439 3222 4650 1990 6585 2413 3148 5731 5180 2512 2847 3305 3538 1409 4064 4400 4891 1287 4267 4285 3848 3431 1915 2388 4019 5523 1304 4417 4983 1203 1457 3607 3436 4215 3739 4873 978 4079 5265 142 2557 4098 
4 3000 3977 4773 4334 0 5998 4154 4013 2059 3523 6974 1590 5942 6932 5634 5645 7878 7436 5985 4149 5473 5956 3304 3562 3634 3232 1735 1891 3892 4026 3530 4460 6453 5394 5310 6356 2762 853 5644 6133 5757 5340 2524 1868 5179 5952 5967 2244 7998 2112 3326 4140 2257 2941 466 6822 5124 6718 295 1647 1304 7933 3939 5940 6208 4942 5650 7471 2394 1750 4537 1273 3481 3234 523 6198 3046 3376 1651 4971 2028 3848 5764 1598 6738 3384 1636 8151 3705 5101 5807 5874 414 2701 1950 3486 2312 7882 4225 1811 242 
5 3000 4705 2866 3100 5998 0 1921 4117 4909 2975 1438 4720 3891 2507 3024 2919 1885 1808 2812 2156 4379 2933 4505 3668 3513 2917 4549 4153 2156 3610 2989 2569 4211 4098 879 5468 3452 6688 1241 2177 2605 2295 4433 4728 2384 5311 1927 3890 2040 5424 3105 4931 3870 3578 5616 1154 4229 791 5724 5178 5386 1936 2069 4883 1385 1374 3891 2093 3605 5190 1934 4777 4389 3742 5789 2335 3675 3829 5034 2037 4168 2170 820 4846 2856 4218 5164 2160 4238 1665 904 605 5692 3870 5440 3082 4423 2180 3219 4712 5823 
6 3000 3140 2692 2623 4154 1921 0 2590 2999 1152 2835 3060 4147 3094 3346 3275 3756 3297 2576 1369 3401 3464 2768 2741 2616 1485 2632 2406 862 2096 1913 2188 3741 4041 1504 4597 1530 4799 2121 3066 2292 1779 3082 2807 1710 4323 2799 2243 3854 3524 1236 3397 1960 2266 3746 2670 3129 2699 3869 3257 3737 3840 644 3989 2656 824 3109 3377 1804 3642 700 2900 3433 1947 3901 2474 2455 2084 3112 1273 2253 742 1997 2926 3112 3222 3243 4024 3384 1912 1665 1720 3821 1972 3531 2002 2517 3739 2670 3131 4000 
7 3000 588 5149 4963 4013 4117 2590 0 1978 1543 4266 3911 6640 3563 5889 5827 5578 4664 2397 3828 1465 6036 769 4761 4689 3428 2374 3271 3259 511 4032 4635 2463 6429 4021 2482 1957 4224 4679 5653 2282 2130 4535 2149 1964 2105 5383 3449 5543 2179 1595 821 2269 4024 3554 4276 1112 4884 3740 2406 4419 5749 3078 1976 5176 2755 1674 4493 2837 4594 2212 2956 5289 994 3529 2849 4261 780 2369 2129 2266 3116 4482 2424 3176 5077 2412 5797 5344 4501 3381 3628 3599 1536 2302 4089 1720 5077 4966 4149 4004 
8 3000 1922 4764 4428 2059 4909 2999 1978 0 1977 5553 2396 6196 5215 5624 5595 6679 6002 4150 3666 3425 5871 1246 3916 3906 2881 753 1975 3185 2078 3438 4303 4439 5807 4453 4302 1500 2261 4982 5759 3960 3624 3277 363 3451 3898 5528 2325 6729 545 1818 2099 1267 3118 1615 5469 3080 5694 1802 429 2717 6791 3113 3881 5553 3615 3643 5943 1916 3008 3094 1242 4214 1376 1558 4468 3333 1448 410 3369 997 3075 4951 576 4932 4033 433 6934 4352 4582 4452 4605 1650 1043 532 3450 486 6445 4374 2683 2083 
9 3000 2044 3606 3425 3523 2975 1152 1543 1977 0 3586 2847 5097 3408 4355 4296 4704 4039 2514 2289 2666 4517 1617 3282 3196 1926 1819 2145 1720 1113 2517 3092 3311 4891 2655 3838 787 4029 3270 4192 2265 1821 3236 1870 1666 3507 3930 2184 4751 2466 198 2309 1291 2596 3071 3492 2338 3766 3228 2307 3472 4823 1548 3255 3808 1643 2551 4010 1573 3519 1116 2260 3868 795 3164 2676 2828 938 2182 1455 1495 1577 3145 2058 3236 3652 2297 4958 3893 3014 2474 2632 3138 940 2500 2581 1494 4485 3434 3020 3423 
10 3000 4833 4304 4528 6974 1438 2835 4266 5553 3586 0 5869 5277 1383 4424 4317 1388 462 2227 3499 4028 4294 4845 5051 4898 4138 5364 5236 3364 3818 4320 3995 3506 5523 2295 4926 4251 7574 2655 3489 2154 2141 5724 5454 2303 4873 3269 5038 1288 6011 3763 5007 4735 4864 6551 296 3995 1493 6685 5893 6546 1612 3219 4410 2652 2031 3461 654 4639 6407 2478 5706 5779 4225 6685 1641 4991 4241 5767 2213 5003 3334 2233 5628 1886 5598 5883 1563 5642 3103 1169 1172 6624 4525 6063 4416 5076 908 4643 5908 6829 
11 3000 4107 3188 2745 1590 4720 3060 3911 2396 2847 5869 0 4364 6096 4044 4057 6600 6325 5339 2695 5326 4369 3398 1974 2043 1814 1673 703 2563 3721 1989 2898 6124 3838 3945 6393 2089 2440 4184 4582 5075 4592 993 2044 4459 6011 4433 833 6758 2772 2664 4338 1658 1370 1458 5675 4972 5378 1433 2183 677 6622 2668 5876 4731 3884 5337 6433 1308 685 3609 1165 1983 2940 1724 5411 1457 3143 2069 4139 1654 2559 4360 1829 6016 1851 2161 6876 2181 3612 4708 4712 1519 2376 2641 1933 2316 6760 2635 294 1353 
12 3000 7128 1493 1768 5942 3891 4147 6640 6196 5097 5277 4364 0 6381 873 975 4988 5554 6424 2815 7544 999 6589 2396 2353 3349 5487 4351 3383 6183 2762 2005 7757 658 3204 8737 4911 6795 2652 1836 6162 5702 3425 5855 5700 8470 2017 3952 5290 6715 5067 7394 4946 3134 5812 4981 7276 3885 5797 6196 4722 4832 3574 8128 2659 4462 7214 5916 4280 4296 4763 5269 2547 5784 6074 6078 2961 5979 6044 5242 5198 3527 3071 5777 6670 2588 6174 5205 2297 2391 4652 4403 5877 5492 6635 2745 5846 5812 1824 4130 5700 
13 3000 4062 5220 5350 6932 2507 3094 3563 5215 3408 1383 6096 6381 0 5508 5406 2683 1508 1186 4163 2929 5436 4264 5712 5569 4567 5217 5407 3851 3219 4908 4824 2207 6531 3206 3666 4179 7406 3732 4680 1285 1601 6175 5207 1770 3673 4434 5308 2493 5590 3606 4181 4689 5345 6478 1624 2989 2817 6636 5608 6762 2931 3657 3207 3867 2310 2350 1142 4793 6713 2487 5667 6435 3839 6561 747 5518 3783 5508 1974 4903 3773 3319 5429 546 6234 5604 2792 6344 4050 1755 1979 6545 4277 5676 5003 4779 1774 5443 6199 6829 
14 3000 6398 877 1300 5634 3024 3346 5889 5624 4355 4424 4044 873 5508 0 108 4223 4717 5559 2069 6726 357 5898 2102 2008 2743 4952 3900 2636 5416 2212 1322 6902 1159 2331 7915 4256 6479 1783 1075 5299 4846 3200 5299 4851 7659 1199 3498 4515 6158 4345 6664 4357 2710 5442 4128 6469 3066 5454 5674 4503 4089 2810 7305 1845 3607 6377 5067 3722 4112 3934 4811 2496 5077 5695 5206 2587 5263 5518 4395 4632 2778 2205 5255 5796 2463 5652 4455 2247 1528 3778 3530 5512 4838 6093 2222 5238 4993 1411 3851 5398 
15 3000 6341 874 1313 5645 2919 3275 5827 5595 4296 4317 4057 975 5406 108 0 4117 4609 5467 2016 6648 314 5848 2129 2029 2715 4930 3894 2580 5351 2198 1291 6813 1265 2234 7835 4215 6488 1678 972 5208 4758 3229 5274 4765 7583 1091 3493 4408 6131 4291 6606 4328 2713 5445 4021 6394 2958 5461 5653 4528 3984 2749 7225 1737 3520 6294 4960 3700 4142 3855 4802 2549 5025 5696 5108 2599 5209 5497 4310 4606 2721 2099 5236 5697 2508 5632 4349 2302 1438 3678 3428 5516 4796 6069 2213 5204 4885 1431 3870 5410 
16 3000 6156 4384 4720 7878 1885 3756 5578 6679 4704 1388 6600 4988 2683 4223 4117 0 1180 3615 3980 5415 3994 6101 5403 5248 4790 6385 6039 4038 5106 4803 4224 4868 5382 2679 6304 5273 8553 2693 3161 3539 3482 6260 6532 3633 6260 3030 5773 321 7170 4860 6344 5717 5417 7488 1307 5375 1276 7601 6981 7262 261 3954 5796 2394 3063 4849 1595 5486 7050 3594 6646 6096 5416 7653 3029 5491 5462 6843 3464 6008 4055 2357 6673 3219 5948 6969 276 5914 3278 2245 2073 7564 5635 7204 4892 6193 1089 4854 6582 7706 
17 3000 5221 4660 4908 7436 1808 3297 4664 6002 4039 462 6325 5554 1508 4717 4609 1180 0 2516 3921 4326 4560 5265 5462 5308 4585 5824 5696 3810 4229 4747 4378 3707 5838 2684 5156 4711 8034 2978 3736 2484 2534 6163 5909 2702 5134 3537 5494 988 6453 4218 5385 5197 5303 7014 670 4322 1686 7147 6346 7003 1434 3670 4669 2900 2494 3750 435 5100 6858 2935 6169 6187 4665 7146 1935 5423 4673 6222 2648 5464 3784 2564 6086 2049 6011 6337 1285 6043 3465 1631 1619 7086 4978 6509 4842 5526 447 5027 6360 7291 
18 3000 2879 5096 5123 5985 2812 2576 2397 4150 2514 2227 5339 6424 1186 5559 5467 3615 2516 0 3865 1809 5564 3120 5316 5189 4036 4249 4635 3428 2095 4489 4633 1399 6454 3245 2726 3301 6385 3883 4909 283 796 5582 4186 892 2648 4639 4610 3489 4484 2709 2994 3801 4811 5522 2361 1822 3375 5690 4559 5979 3838 3212 2188 4178 1985 1236 2239 4036 5995 1878 4749 6008 2790 5575 586 5014 2702 4474 1302 3973 3316 3520 4427 787 5796 4557 3777 5960 4033 1908 2207 5583 3286 4581 4578 3743 2866 5191 5485 5907 
19 3000 4330 1335 1263 4149 2156 1369 3828 3666 2289 3499 2695 2815 4163 2069 2016 3980 3921 3865 0 4762 2256 3832 1564 1415 918 3067 2260 569 3367 832 824 5095 2673 1301 5959 2224 4933 1497 2100 3585 3084 2283 3373 3041 5675 1885 1913 4174 4211 2275 4596 2412 1438 3843 3251 4480 2722 3908 3786 3328 3973 760 5352 2059 1904 4478 4133 1870 3080 2042 3076 2294 3009 4063 3658 1519 3193 3629 2586 2710 712 1672 3382 4296 2105 3767 4255 2184 962 2462 2343 3919 2800 4168 925 3243 4320 1325 2633 3942 
20 3000 1600 6093 5993 5473 4379 3401 1465 3425 2666 4028 5326 7544 2929 6726 6648 5415 4326 1809 4762 0 6809 2182 5939 5845 4578 3836 4659 4217 1614 5150 5586 1121 7435 4572 1196 3284 5642 5249 6280 1882 2085 5867 3613 2000 945 6003 4788 5298 3555 2794 1568 3669 5262 5017 4138 356 5046 5203 3851 5862 5632 4008 593 5653 3200 580 4036 4166 6012 2794 4415 6534 2387 4983 2393 5495 2191 3825 2404 3704 4078 4955 3888 2416 6319 3858 5584 6556 5231 3500 3795 5060 2957 3694 5222 3185 4667 6022 5548 5469 
21 3000 6561 1183 1626 5956 2933 3464 6036 5871 4517 4294 4369 999 5436 357 314 3994 4560 5564 2256 6809 0 6086 2443 2343 2995 5215 4195 2811 5553 2494 1573 6927 1431 2318 7989 4471 6798 1709 837 5312 4877 3543 5554 4894 7748 1025 3795 4294 6409 4521 6824 4604 3021 5752 3998 6565 2886 5770 5939 4843 3846 2968 7380 1661 3647 6435 4928 3985 4456 4014 5100 2853 5259 6002 5180 2911 5438 5782 4445 4885 2949 2117 5523 5753 2817 5918 4216 2604 1577 3734 3471 5823 5051 6351 2513 5471 4813 1745 4183 5722 
22 3000 713 5100 4852 3304 4505 2768 769 1246 1617 4845 3398 6589 4264 5898 5848 6101 5265 3120 3832 2182 6086 0 4525 4475 3265 1763 2820 3275 1050 3874 4596 3222 6306 4266 3074 1696 3466 4888 5802 2978 2751 4134 1473 2577 2674 5543 3069 6097 1409 1573 941 1847 3746 2855 4820 1842 5292 3042 1670 3838 6253 3129 2635 5423 3132 2440 5132 2499 4063 2572 2344 4972 832 2805 3532 3981 686 1652 2642 1752 3138 4752 1748 3907 4770 1677 6336 5061 4620 3863 4079 2893 1142 1534 3916 1093 5692 4832 3660 3317 
23 3000 5154 1298 839 3562 3668 2741 4761 3916 3282 5051 1974 2396 5712 2102 2129 5403 5462 5316 1564 5939 2443 4525 0 154 1360 3176 1987 1892 4387 827 1204 6444 1913 2789 7119 2840 4413 2733 2807 5033 4520 1099 3560 4448 6790 2725 1601 5628 4408 3182 5417 2729 798 3415 4793 5618 4126 3405 3860 2401 5357 2105 6531 3181 3419 5754 5690 2047 2013 3440 2894 730 3800 3677 5171 585 4013 3714 4014 2936 1999 3045 3446 5812 550 3838 5672 644 2132 4025 3904 3481 3384 4312 739 3629 5847 705 1758 3322 
24 3000 5094 1181 722 3634 3513 2616 4689 3906 3196 4898 2043 2353 5569 2008 2029 5248 5308 5189 1415 5845 2343 4475 154 0 1270 3173 2003 1762 4305 707 1055 6331 1904 2635 7028 2784 4483 2580 2677 4906 4394 1210 3553 4326 6704 2587 1609 5474 4406 3103 5359 2699 792 3470 4640 5527 3972 3467 3867 2500 5204 1977 6438 3033 3282 5648 5539 2017 2124 3316 2918 881 3736 3729 5035 607 3949 3719 3888 2919 1873 2891 3451 5676 705 3845 5518 776 1979 3878 3753 3537 3337 4315 626 3603 5693 598 1842 3396 
25 3000 3854 1887 1591 3232 2917 1485 3428 2881 1926 4138 1814 3349 4567 2743 2715 4790 4585 4036 918 4578 2995 3265 1360 1270 0 2222 1342 775 3035 610 1423 5105 3040 2130 5759 1571 4014 2412 2976 3754 3241 1612 2559 3151 5433 2779 1004 4958 3416 1836 4120 1614 781 2925 3921 4258 3564 2989 2946 2472 4808 928 5171 2977 2262 4400 4736 994 2279 2162 2171 1992 2493 3148 3960 977 2701 2789 2739 1890 811 2554 2532 4597 1776 2926 5067 1984 1878 3008 2966 3001 2148 3355 661 2503 5008 1567 1795 3026 
26 3000 2475 4082 3725 1735 4549 2632 2374 753 1819 5364 1673 5487 5217 4952 4930 6385 5824 4249 3067 3836 5215 1763 3176 3173 2222 0 1222 2639 2315 2745 3641 4759 5078 3992 4821 1117 2214 4462 5167 4024 3619 2526 390 3455 4427 4950 1578 6468 1232 1626 2691 687 2382 1272 5243 3480 5316 1442 724 2075 6472 2607 4346 5039 3352 3954 5819 1230 2316 2890 584 3460 1511 1344 4478 2591 1671 567 3275 382 2548 4482 315 5006 3280 703 6650 3600 4013 4217 4326 1334 966 1148 2749 670 6271 3662 1953 1675 
27 3000 3517 3022 2621 1891 4153 2406 3271 1975 2145 5236 703 4351 5407 3900 3894 6039 5696 4635 2260 4659 4195 2820 1987 2003 1342 1222 0 2015 3047 1706 2644 5431 3900 3429 5751 1395 2676 3753 4283 4372 3892 1324 1613 3757 5376 4102 402 6179 2438 1963 3760 1001 1217 1590 5055 4307 4850 1648 1877 1355 6078 2084 5219 4319 3228 4648 5783 614 1376 2923 917 2238 2284 1824 4716 1402 2493 1735 3444 1075 1985 3876 1468 5317 2058 1855 6314 2379 3217 4068 4093 1665 1737 2333 1682 1781 6135 2539 890 1692 
28 3000 3762 1898 1777 3892 2156 862 3259 3185 1720 3364 2563 3383 3851 2636 2580 4038 3810 3428 569 4217 2811 3275 1892 1762 775 2639 2015 0 2800 1068 1384 4602 3219 1417 5414 1708 4632 1823 2582 3145 2634 2368 2914 2571 5122 2344 1734 4195 3731 1711 4027 1961 1514 3543 3146 3927 2834 3631 3344 3231 4068 218 4809 2400 1542 3957 3967 1517 3053 1561 2733 2600 2448 3743 3283 1670 2629 3188 2128 2267 143 1880 2955 3924 2393 3325 4314 2535 1398 2243 2192 3620 2271 3701 1161 2742 4233 1815 2564 3703 
29 3000 1096 4697 4534 4026 3610 2096 511 2078 1113 3818 3721 6183 3219 5416 5351 5106 4229 2095 3367 1614 5553 1050 4387 4305 3035 2315 3047 2800 0 3629 4183 2446 5997 3512 2750 1670 4336 4172 5152 1936 1704 4255 2167 1531 2405 4881 3175 5083 2388 1206 1332 2064 3679 3560 3810 1267 4381 3740 2500 4279 5270 2611 2187 4666 2245 1643 4084 2553 4407 1701 2875 4951 808 3573 2483 3914 650 2432 1644 2129 2656 3971 2430 2883 4737 2500 5331 4989 4008 2891 3131 3613 1378 2488 3693 1719 4651 4545 3937 3986 
30 3000 4464 1337 995 3530 2989 1913 4032 3438 2517 4320 1989 2762 4908 2212 2198 4803 4747 4489 832 5150 2494 3874 827 707 610 2745 1706 1068 3629 0 938 5624 2432 2130 6337 2179 4353 2236 2602 4205 3693 1457 3103 3621 6019 2445 1311 5003 3964 2437 4730 2183 640 3283 4077 4837 3538 3319 3465 2577 4787 1279 5744 2761 2605 4944 4947 1523 2289 2613 2606 1532 3103 3526 4351 688 3311 3310 3186 2441 1172 2471 3046 4992 1327 3444 5078 1471 1643 3251 3156 3356 2752 3891 96 3084 5150 959 1878 3307 
31 3000 5123 514 533 4460 2569 2188 4635 4303 3092 3995 2898 2005 4824 1322 1291 4224 4378 4633 824 5586 1573 4596 1204 1055 1423 3641 2644 1384 4183 938 0 5896 1853 1699 6782 2938 5287 1537 1686 4356 3865 2216 3983 3834 6499 1558 2249 4462 4840 3063 5390 3036 1527 4221 3721 5304 2950 4254 4365 3447 4167 1583 6175 1977 2650 5294 4647 2411 3113 2849 3538 1873 3784 4464 4380 1478 3977 4209 3375 3314 1527 1876 3949 5009 1734 4344 4491 1692 947 3077 2903 4294 3521 4778 974 3915 4740 649 2755 4233 
32 3000 2701 6380 6358 6453 4211 3741 2463 4439 3311 3506 6124 7757 2207 6902 6813 4868 3707 1399 5095 1121 6927 3222 6444 6331 5105 4759 5431 4602 2446 5624 5896 0 7741 4613 1465 4036 6687 5265 6295 1623 2055 6542 4585 2064 1535 6023 5495 4696 4623 3478 2687 4482 5848 5989 3685 1403 4758 6172 4868 6709 5108 4384 1094 5575 3295 804 3349 4881 6806 3053 5322 7097 3254 5981 1922 6069 3088 4824 2524 4571 4475 4911 4855 1661 6881 4872 4993 7082 5374 3308 3606 6039 3823 4755 5707 4141 3978 6410 6317 6425 
33 3000 6885 1362 1466 5394 4098 4041 6429 5807 4891 5523 3838 658 6531 1159 1265 5382 5838 6454 2673 7435 1431 6306 1913 1904 3040 5078 3900 3219 5997 2432 1853 7741 0 3325 8632 4611 6246 2867 2232 6182 5700 2870 5456 5678 8342 2353 3511 5672 6310 4836 7151 4584 2696 5295 5230 7147 4210 5267 5770 4145 5249 3427 8026 2997 4470 7148 6173 3905 3710 4700 4808 1943 5526 5560 6159 2497 5731 5623 5218 4816 3361 3289 5354 6773 2012 5748 5615 1702 2481 4778 4556 5357 5183 6219 2395 5490 6131 1473 3588 5152 
34 3000 4592 2033 2232 5310 879 1504 4021 4453 2655 2295 3945 3204 3206 2331 2234 2679 2684 3245 1301 4572 2318 4266 2789 2635 2130 3992 3429 1417 3512 2130 1699 4613 3325 0 5730 2955 6044 677 1708 2994 2573 3584 4224 2606 5517 1431 3129 2873 4990 2738 4840 3304 2738 4957 2023 4362 1433 5048 4669 4598 2681 1393 5125 1159 1372 4157 2947 2929 4372 1834 4138 3510 3450 5151 2874 2819 3580 4517 2172 3611 1470 497 4302 3467 3340 4652 2955 3359 844 1456 1234 5034 3452 4983 2221 3980 3059 2347 3911 5120 
35 3000 2380 7289 7188 6356 5468 4597 2482 4302 3838 4926 6393 8737 3666 7915 7835 6304 5156 2726 5959 1196 7989 3074 7119 7028 5759 4821 5751 5414 2750 6337 6782 1465 8632 5730 0 4407 6401 6403 7438 2881 3186 6997 4547 3129 406 7161 5912 6145 4310 3952 2223 4750 6427 5917 5082 1501 6087 6105 4708 6888 6537 5205 609 6782 4359 1580 4809 5293 7075 3980 5406 7700 3467 5844 3299 6661 3257 4712 3558 4744 5274 6091 4822 3120 7485 4719 6440 7730 6412 4570 4870 5951 4019 4464 6408 4153 5440 7216 6632 6384 
36 3000 2314 3431 3162 2762 3452 1530 1957 1500 787 4251 2089 4911 4179 4256 4215 5273 4711 3301 2224 3284 4471 1696 2840 2784 1571 1117 1395 1708 1670 2179 2938 4036 4611 2955 4407 0 3322 3484 4290 3052 2602 2589 1279 2451 4047 4050 1506 5352 2041 591 2577 509 2078 2320 4126 2937 4228 2468 1728 2696 5365 1618 3856 4053 2235 3253 4720 886 2769 1784 1490 3334 969 2436 3454 2315 1186 1582 2210 752 1589 3451 1400 4021 3125 1714 5537 3400 3105 3100 3210 2390 583 2028 2219 1038 5159 3138 2283 2650 
37 3000 4068 5615 5179 853 6688 4799 4224 2261 4029 7574 2440 6795 7406 6479 6488 8553 8034 6385 4933 5642 6798 3466 4413 4483 4014 2214 2676 4632 4336 4353 5287 6687 6246 6044 6401 3322 0 6418 6950 6180 5805 3376 2202 5636 5995 6776 3050 8653 2098 3838 4184 2845 3778 1091 7444 5307 7430 1033 1836 2132 8623 4657 6050 6988 5553 5897 8034 3115 2579 5103 1912 4328 3595 899 6661 3891 3696 1911 5483 2570 4574 6512 1977 7160 4235 1836 8822 4554 5892 6420 6514 1015 3128 1951 4313 2642 8482 5072 2664 1095 
38 3000 5245 1708 2026 5644 1241 2121 4679 4982 3270 2655 4184 2652 3732 1783 1678 2693 2978 3883 1497 5249 1709 4888 2733 2580 2412 4462 3753 1823 4172 2236 1537 5265 2867 677 6403 3484 6418 0 1035 3641 3237 3671 4727 3276 6194 760 3410 2942 5525 3335 5496 3781 2875 5327 2362 5040 1427 5399 5162 4804 2629 1869 5799 576 2049 4828 3305 3321 4525 2507 4539 3410 4063 5539 3477 2901 4205 5007 2847 4088 1916 422 4777 4044 3270 5144 2957 3222 604 2027 1762 5403 4013 5505 2313 4522 3295 2161 4104 5438 
39 3000 6207 1527 1975 6133 2177 3066 5653 5759 4192 3489 4582 1836 4680 1075 972 3161 3736 4909 2100 6280 837 5802 2807 2677 2976 5167 4283 2582 5152 2602 1686 6295 2232 1708 7438 4290 6950 1035 0 4672 4272 3878 5472 4312 7225 277 3900 3459 6304 4231 6463 4511 3212 5872 3192 6064 2056 5917 5886 5131 3018 2690 6833 838 3080 5864 4113 3960 4786 3519 5146 3355 4971 6107 4483 3161 5129 5729 3880 4810 2704 1393 5482 5029 3272 5867 3387 3123 1188 3029 2748 5947 4850 6266 2650 5323 3979 2116 4441 5909 
40 3000 2797 4822 4844 5757 2605 2292 2282 3960 2265 2154 5075 6162 1285 5299 5208 3539 2484 283 3585 1882 5312 2978 5033 4906 3754 4024 4372 3145 1936 4205 4356 1623 6182 2994 2881 3052 6180 3641 4672 0 513 5304 3978 618 2767 4400 4339 3436 4316 2461 2934 3555 4530 5296 2255 1841 3206 5462 4363 5720 3751 2929 2317 3956 1712 1333 2248 3770 5727 1595 4512 5725 2589 5357 572 4732 2517 4271 1019 3737 3033 3288 4213 982 5513 4360 3716 5677 3772 1701 2001 5358 3065 4406 4295 3540 2861 4910 5217 5673 
41 3000 2691 4338 4345 5340 2295 1779 2130 3624 1821 2141 4592 5702 1601 4846 4758 3482 2534 796 3084 2085 4877 2751 4520 4394 3241 3619 3892 2634 1704 3693 3865 2055 5700 2573 3186 2602 5805 3237 4272 513 0 4797 3607 175 3017 3997 3843 3425 4020 2019 2867 3111 4018 4884 2174 1957 2970 5044 4011 5244 3670 2417 2593 3596 1240 1605 2380 3284 5238 1082 4081 5211 2248 4961 859 4219 2211 3909 506 3312 2521 2909 3828 1425 4999 4006 3688 5164 3319 1417 1710 4949 2676 4098 3782 3181 2950 4408 4725 5244 
42 3000 4822 2391 1932 2524 4433 3082 4535 3277 3236 5724 993 3425 6175 3200 3229 6260 6163 5582 2283 5867 3543 4134 1099 1210 1612 2526 1324 2368 4255 1457 2216 6542 2870 3584 6997 2589 3376 3671 3878 5304 4797 0 2915 4690 6634 3772 1085 6457 3703 3084 5070 2292 860 2445 5494 5523 4995 2404 3121 1307 6245 2538 6443 4170 3873 5788 6334 1703 915 3735 2100 990 3540 2712 5550 772 3755 2993 4305 2398 2421 3926 2737 6182 864 3098 6535 1191 3070 4612 4552 2503 3024 3582 1370 3105 6576 1803 722 2281 
43 3000 2176 4434 4089 1868 4728 2807 2149 363 1870 5454 2044 5855 5207 5299 5274 6532 5909 4186 3373 3613 5554 1473 3560 3553 2559 390 1613 2914 2167 3103 3983 4585 5456 4224 4547 1279 2202 4727 5472 3978 3607 2915 0 3437 4148 5247 1965 6598 861 1691 2376 961 2764 1406 5352 3261 5506 1591 450 2398 6633 2859 4098 5301 3475 3782 5876 1579 2669 2978 904 3851 1397 1405 4462 2976 1518 313 3307 668 2812 4719 276 4958 3671 436 6793 3990 4304 4328 4462 1454 938 797 3111 448 6355 4031 2329 1855 
44 3000 2530 4316 4304 5179 2384 1710 1964 3451 1666 2303 4459 5700 1770 4851 4765 3633 2702 892 3041 2000 4894 2577 4448 4326 3151 3455 3757 2571 1531 3621 3834 2064 5678 2606 3129 2451 5636 3276 4312 618 175 4690 3437 0 2940 4036 3720 3583 3845 1864 2711 2958 3923 4722 2326 1847 3080 4884 3839 5106 3817 2353 2528 3657 1247 1552 2554 3152 5109 1010 3924 5131 2074 4796 1025 4129 2035 3738 460 3153 2453 2964 3660 1570 4918 3834 3843 5092 3327 1527 1812 4786 2508 3923 3709 3009 3120 4362 4598 5087 
45 3000 1976 7009 6890 5952 5311 4323 2105 3898 3507 4873 6011 8470 3673 7659 7583 6260 5134 2648 5675 945 7748 2674 6790 6704 5433 4427 5376 5122 2405 6019 6499 1535 8342 5517 406 4047 5995 6194 7225 2767 3017 6634 4148 2940 0 6948 5549 6119 3904 3612 1817 4374 6084 5514 5007 1194 5962 5701 4304 6497 6486 4916 466 6596 4145 1434 4810 4932 6691 3733 5011 7356 3097 5439 3233 6320 2884 4309 3348 4359 4981 5899 4422 3133 7142 4315 6411 7395 6170 4424 4722 5547 3640 4058 6087 3757 5444 6913 6253 5981 
46 3000 5939 1484 1910 5967 1927 2799 5383 5528 3930 3269 4433 2017 4434 1199 1091 3030 3537 4639 1885 6003 1025 5543 2725 2587 2779 4950 4102 2344 4881 2445 1558 6023 2353 1431 7161 4050 6776 760 277 4400 3997 3772 5247 4036 6948 0 3726 3319 6073 3973 6195 4287 3069 5693 2973 5787 1871 5744 5667 5001 2906 2441 6556 647 2803 5588 3902 3753 4672 3243 4951 3313 4712 5923 4220 3036 4868 5509 3603 4588 2461 1129 5266 4772 3214 5647 3268 3091 945 2765 2489 5768 4605 6039 2500 5086 3799 2052 4306 5747 
47 3000 3747 2620 2219 2244 3890 2243 3449 2325 2184 5038 833 3952 5308 3498 3493 5773 5494 4610 1913 4788 3795 3069 1601 1609 1004 1578 402 1734 3175 1311 2249 5495 3511 3129 5912 1506 3050 3410 3900 4339 3843 1085 1965 3720 5549 3726 0 5927 2808 2020 3999 1221 819 1974 4842 4442 4560 2017 2260 1508 5799 1835 5362 3969 3066 4729 5608 622 1405 2824 1319 1916 2455 2215 4640 1015 2670 2113 3372 1371 1727 3559 1845 5257 1723 2237 6049 2034 2858 3881 3879 2047 1945 2711 1282 2080 5928 2137 891 2031 
48 3000 6114 4644 4967 7998 2040 3854 5543 6729 4751 1288 6758 5290 2493 4515 4408 321 988 3489 4174 5298 4294 6097 5628 5474 4958 6468 6179 4195 5083 5003 4462 4696 5672 2873 6145 5352 8653 2942 3459 3436 3425 6457 6598 3583 6119 3319 5927 0 7209 4914 6292 5810 5608 7599 1277 5278 1515 7717 7044 7426 559 4098 5653 2677 3123 4725 1370 5614 7229 3634 6753 6330 5439 7755 2904 5692 5472 6910 3454 6095 4202 2587 6750 3036 6176 7033 298 6154 3516 2276 2142 7674 5688 7250 5094 6245 809 5099 6753 7833 
49 3000 1971 5294 4950 2112 5424 3524 2179 545 2466 6011 2772 6715 5590 6158 6131 7170 6453 4484 4211 3555 6409 1409 4408 4406 3416 1232 2438 3731 2388 3964 4840 4623 6310 4990 4310 2041 2098 5525 6304 4316 4020 3703 861 3845 3904 6073 2808 7209 0 2321 2088 1806 3615 1727 5941 3229 6212 1905 589 2994 7290 3657 3951 6095 4110 3848 6372 2440 3332 3576 1609 4663 1789 1588 4846 3822 1810 709 3807 1526 3620 5487 970 5271 4491 610 7422 4815 5128 4933 5099 1739 1554 161 3972 1009 6893 4891 3065 2196 
50 3000 2060 3574 3370 3326 3105 1236 1595 1818 198 3763 2664 5067 3606 4345 4291 4860 4218 2709 2275 2794 4521 1573 3182 3103 1836 1626 1963 1711 1206 2437 3063 3478 4836 2738 3952 591 3838 3335 4231 2461 2019 3084 1691 1864 3612 3973 2020 4914 2321 0 2327 1094 2474 2874 3662 2458 3895 3030 2133 3283 4973 1557 3379 3883 1796 2709 4197 1403 3339 1286 2063 3747 741 2970 2874 2708 918 2004 1649 1298 1571 3233 1871 3433 3532 2123 5117 3782 3046 2640 2787 2942 775 2346 2497 1332 4665 3371 2843 3225 
51 3000 267 5901 5688 4140 4931 3397 821 2099 2309 5007 4338 7394 4181 6664 6606 6344 5385 2994 4596 1568 6824 941 5417 5359 4120 2691 3760 4027 1332 4730 5390 2687 7151 4840 2223 2577 4184 5496 6463 2934 2867 5070 2376 2711 1817 6195 3999 6292 2088 2327 0 2779 4650 3709 5038 1307 5693 3896 2493 4764 6524 3857 1879 5997 3574 2003 5180 3416 5001 3033 3267 5892 1626 3625 3507 4887 1420 2509 2925 2694 3885 5303 2644 3738 5687 2505 6555 5972 5303 4176 4431 3739 2056 2241 4779 2026 5783 5680 4601 4180 
52 3000 2530 3501 3177 2257 3870 1960 2269 1267 1291 4735 1658 4946 4689 4357 4328 5717 5197 3801 2412 3669 4604 1847 2729 2699 1614 687 1001 1961 2064 2183 3036 4482 4584 3304 4750 509 2845 3781 4511 3555 3111 2292 961 2958 4374 4287 1221 5810 1806 1094 2779 0 1933 1820 4600 3315 4633 1963 1383 2227 5798 1921 4223 4357 2709 3688 5217 682 2343 2281 983 3130 1285 1951 3963 2163 1492 1227 2719 307 1865 3794 999 4528 2931 1364 5985 3231 3345 3576 3670 1891 736 1757 2202 905 5644 3131 1883 2140 
53 3000 4390 1839 1416 2941 3578 2266 4024 3118 2596 4864 1370 3134 5345 2710 2713 5417 5303 4811 1438 5262 3021 3746 798 792 781 2382 1217 1514 3679 640 1527 5848 2696 2738 6427 2078 3778 2875 3212 4530 4018 860 2764 3923 6084 3069 819 5608 3615 2474 4650 1933 0 2732 4634 4931 4159 2748 3075 1939 5410 1693 5851 3401 3036 5124 5477 1254 1651 2941 2134 1273 3046 2985 4741 237 3261 2927 3518 2137 1576 3101 2659 5378 1058 3053 5693 1322 2284 3757 3692 2802 2604 3523 571 2831 5716 1325 1240 2711 
54 3000 3537 4570 4145 466 5616 3746 3554 1615 3071 6551 1458 5812 6478 5442 5445 7488 7014 5522 3843 5017 5752 2855 3415 3470 2925 1272 1590 3543 3560 3283 4221 5989 5295 4957 5917 2320 1091 5327 5872 5296 4884 2445 1406 4722 5514 5693 1974 7599 1727 2874 3709 1820 2732 0 6408 4666 6350 187 1218 1384 7552 3572 5490 5897 4521 5186 7037 2027 1798 4101 846 3431 2768 266 5742 2867 2910 1204 4522 1577 3488 5423 1134 6277 3308 1205 7759 3637 4803 5388 5467 76 2237 1567 3249 1847 7460 4047 1724 473 
55 3000 4851 4019 4252 6822 1154 2670 4276 5469 3492 296 5675 4981 1624 4128 4021 1307 670 2361 3251 4138 3998 4820 4793 4640 3921 5243 5055 3146 3810 4077 3721 3685 5230 2023 5082 4126 7444 2362 3192 2255 2174 5494 5352 2326 5007 2973 4842 1277 5941 3662 5038 4600 4634 6408 0 4081 1211 6536 5795 6351 1501 3012 4549 2356 1891 3582 943 4467 6198 2376 5562 5520 4165 6551 1782 4753 4196 5665 2177 4876 3125 1941 5515 2101 5343 5785 1521 5378 2820 1025 963 6482 4432 5986 4172 4987 1087 4370 5702 6670 
56 3000 1298 5814 5698 5124 4229 3129 1112 3080 2338 3995 4972 7276 2989 6469 6394 5375 4322 1822 4480 356 6565 1842 5618 5527 4258 3480 4307 3927 1267 4837 5304 1403 7147 4362 1501 2937 5307 5040 6064 1841 1957 5523 3261 1847 1194 5787 4442 5278 3229 2458 1307 3315 4931 4666 4081 0 4925 4852 3507 5506 5582 3721 921 5466 2995 700 4061 3820 5657 2554 4059 6203 2032 4636 2389 5164 1835 3477 2214 3347 3786 4765 3536 2504 5988 3514 5558 6231 4989 3372 3660 4710 2601 3364 4907 2831 4685 5722 5195 5117 
57 3000 5473 3132 3452 6718 791 2699 4884 5694 3766 1493 5378 3885 2817 3066 2958 1276 1686 3375 2722 5046 2886 5292 4126 3972 3564 5316 4850 2834 4381 3538 2950 4758 4210 1433 6087 4228 7430 1427 2056 3206 2970 4995 5506 3080 5962 1871 4560 1515 6212 3895 5693 4633 4159 6350 1211 4925 0 6450 5956 6032 1250 2779 5520 1226 2159 4529 2079 4326 5801 2720 5518 4821 4533 6532 2838 4224 4618 5810 2776 4934 2870 1081 5617 3260 4672 5942 1546 4642 2003 1553 1272 6426 4658 6226 3625 5210 1928 3585 5344 6534 
58 3000 3724 4587 4155 295 5724 3869 3740 1802 3228 6685 1433 5797 6636 5454 5461 7601 7147 5690 3908 5203 5770 3042 3405 3467 2989 1442 1648 3631 3740 3319 4254 6172 5267 5048 6105 2468 1033 5399 5917 5462 5044 2404 1591 4884 5701 5744 2017 7717 1905 3030 3896 1963 2748 187 6536 4852 6450 0 1404 1274 7660 3670 5677 5967 4653 5368 7178 2123 1704 4244 980 3381 2945 366 5902 2870 3090 1392 4676 1733 3582 5508 1318 6443 3268 1391 7873 3594 4865 5519 5590 167 2409 1745 3280 2030 7593 4051 1681 290 
59 3000 2330 4802 4439 1647 5178 3257 2406 429 2307 5893 2183 6196 5608 5674 5653 6981 6346 4559 3786 3851 5939 1670 3860 3867 2946 724 1877 3344 2500 3465 4365 4868 5770 4669 4708 1728 1836 5162 5886 4363 4011 3121 450 3839 4304 5667 2260 7044 589 2133 2493 1383 3075 1218 5795 3507 5956 1404 0 2417 7082 3297 4300 5737 3922 4072 6304 1954 2746 3420 1023 4088 1773 1138 4861 3275 1862 157 3732 1078 3246 5162 419 5339 3920 22 7241 4246 4727 4773 4909 1245 1368 461 3465 831 6792 4372 2477 1691 
60 3000 4551 3678 3222 1304 5386 3737 4419 2717 3472 6546 677 4722 6762 4503 4528 7262 7003 5979 3328 5862 4843 3838 2401 2500 2472 2075 1355 3231 4279 2577 3447 6709 4145 4598 6888 2696 2132 4804 5131 5720 5244 1307 2398 5106 6497 5001 1508 7426 2994 3283 4764 2227 1939 1384 6351 5506 6032 1274 2417 0 7279 3342 6395 5338 4561 5913 7111 1969 447 4277 1497 2209 3479 1633 6071 1970 3671 2338 4799 2158 3232 5000 2143 6669 2135 2398 7539 2444 4219 5386 5388 1417 2907 2844 2510 2745 7437 3098 700 1069 
61 3000 6330 4298 4650 7933 1936 3840 5749 6791 4823 1612 6622 4832 2931 4089 3984 261 1434 3838 3973 5632 3846 6253 5357 5204 4808 6472 6078 4068 5270 4787 4167 5108 5249 2681 6537 5365 8623 2629 3018 3751 3670 6245 6633 3817 6486 2906 5799 559 7290 4973 6524 5798 5410 7552 1501 5582 1250 7660 7082 7279 0 3997 6023 2283 3180 5069 1853 5539 7052 3721 6713 6040 5550 7724 3253 5473 5605 6942 3626 6093 4094 2321 6765 3464 5898 7070 375 5850 3225 2389 2192 7628 5747 7319 4874 6305 1349 4787 6593 7756 
62 3000 3593 2095 1990 3939 2069 644 3078 3113 1548 3219 2668 3574 3657 2810 2749 3954 3670 3212 760 4008 2968 3129 2105 1977 928 2607 2084 218 2611 1279 1583 4384 3427 1393 5205 1618 4657 1869 2690 2929 2417 2538 2859 2353 4916 2441 1835 4098 3657 1557 3857 1921 1693 3572 3012 3721 2779 3670 3297 3342 3997 0 4599 2442 1346 3741 3810 1547 3188 1343 2747 2808 2298 3761 3077 1861 2471 3143 1911 2228 117 1876 2920 3717 2600 3280 4229 2749 1501 2081 2051 3649 2164 3636 1371 2657 4099 2031 2690 3758 
63 3000 1982 6682 6585 5940 4883 3989 1976 3881 3255 4410 5876 8128 3207 7305 7225 5796 4669 2188 5352 593 7380 2635 6531 6438 5171 4346 5219 4809 2187 5744 6175 1094 8026 5125 609 3856 6050 5799 6833 2317 2593 6443 4098 2528 466 6556 5362 5653 3951 3379 1879 4223 5851 5490 4549 921 5520 5677 4300 6395 6023 4599 0 6185 3753 992 4343 4740 6561 3370 4929 7123 2937 5437 2771 6084 2733 4288 2952 4239 4670 5492 4374 2668 6908 4309 5946 7148 5802 3990 4289 5529 3500 4099 5815 3684 4978 6615 6105 5950 
64 3000 5750 2029 2413 6208 1385 2656 5176 5553 3808 2652 4731 2659 3867 1845 1737 2394 2900 4178 2059 5653 1661 5423 3181 3033 2977 5039 4319 2400 4666 2761 1977 5575 2997 1159 6782 4053 6988 576 838 3956 3596 4170 5301 3657 6596 647 3969 2677 6095 3883 5997 4357 3401 5897 2356 5466 1226 5967 5737 5338 2283 2442 6185 0 2476 5201 3275 3896 5043 2976 5113 3821 4603 6112 3718 3408 4737 5582 3253 4664 2491 702 5354 4239 3700 5720 2638 3614 1119 2273 1980 5973 4575 6077 2832 5090 3154 2554 4638 6000 
65 3000 3341 3110 3148 4942 1374 824 2755 3615 1643 2031 3884 4462 2310 3607 3520 3063 2494 1985 1904 3200 3647 3132 3419 3282 2262 3352 3228 1542 2245 2605 2650 3295 4470 1372 4359 2235 5553 2049 3080 1712 1240 3873 3475 1247 4145 2803 3066 3123 4110 1796 3574 2709 3036 4521 1891 2995 2159 4653 3922 4561 3180 1346 3753 2476 0 2792 2555 2622 4463 560 3676 4136 2384 4660 1756 3207 2460 3787 801 2984 1462 1774 3628 2395 3932 3910 3320 4058 2081 867 990 4595 2572 4141 2700 3129 2940 3223 3953 4798 
66 3000 1973 5792 5731 5650 3891 3109 1674 3643 2551 3461 5337 7214 2350 6377 6294 4849 3750 1236 4478 580 6435 2440 5754 5648 4400 3954 4648 3957 1643 4944 5294 804 7148 4157 1580 3253 5897 4828 5864 1333 1605 5788 3782 1552 1434 5588 4729 4725 3848 2709 2003 3688 5124 5186 3582 700 4529 5368 4072 5913 5069 3741 992 5201 2792 0 3456 4111 6021 2453 4518 6385 2451 5180 1822 5349 2283 4024 1991 3770 3823 4512 4051 1841 6169 4076 5013 6385 4861 2997 3296 5235 3021 3975 5022 3338 4088 5772 5537 5621 
67 3000 5032 4959 5180 7471 2093 3377 4493 5943 4010 654 6433 5916 1142 5067 4960 1595 435 2239 4133 4036 4928 5132 5690 5539 4736 5819 5783 3967 4084 4947 4647 3349 6173 2947 4809 4720 8034 3305 4113 2248 2380 6334 5876 2554 4810 3902 5608 1370 6372 4197 5180 5217 5477 7037 943 4061 2079 7178 6304 7111 1853 3810 4343 3275 2555 3456 0 5177 6992 2936 6198 6420 4584 7155 1680 5612 4572 6187 2574 5471 3927 2885 6068 1688 6237 6297 1669 6288 3758 1730 1791 7108 4938 6438 5044 5477 634 5294 6487 7337 
68 3000 3160 2855 2512 2394 3605 1804 2837 1916 1573 4639 1308 4280 4793 3722 3700 5486 5100 4036 1870 4166 3985 2499 2047 2017 994 1230 614 1517 2553 1523 2411 4881 3905 2929 5293 886 3115 3321 3960 3770 3284 1703 1579 3152 4932 3753 622 5614 2440 1403 3416 682 1254 2027 4467 3820 4326 2123 1954 1969 5539 1547 4740 3896 2622 4111 5177 0 1959 2308 1217 2476 1844 2225 4103 1486 2060 1797 2831 918 1460 3397 1538 4707 2271 1933 5760 2562 2830 3470 3508 2104 1360 2371 1534 1586 5542 2459 1452 2219 
69 3000 4775 3306 2847 1750 5190 3642 4594 3008 3519 6407 685 4296 6713 4112 4142 7050 6858 5995 3080 6012 4456 4063 2013 2124 2279 2316 1376 3053 4407 2289 3113 6806 3710 4372 7075 2769 2579 4525 4786 5727 5238 915 2669 5109 6691 4672 1405 7229 3332 3339 5001 2343 1651 1798 6198 5657 5801 1704 2746 447 7052 3188 6561 5043 4463 6021 6992 1959 0 4229 1766 1769 3625 2055 6043 1639 3827 2651 4773 2331 3073 4750 2433 6656 1707 2726 7327 2008 3930 5261 5239 1838 3060 3190 2213 2974 7285 2718 514 1513 
70 3000 2796 3341 3305 4537 1934 700 2212 3094 1116 2478 3609 4763 2487 3934 3855 3594 2935 1878 2042 2794 4014 2572 3440 3316 2162 2890 2923 1561 1701 2613 2849 3053 4700 1834 3980 1784 5103 2507 3519 1595 1082 3735 2978 1010 3733 3243 2824 3634 3576 1286 3033 2281 2941 4101 2376 2554 2720 4244 3420 4277 3721 1343 3370 2976 560 2453 2936 2308 4229 0 3263 4129 1830 4220 1820 3139 1901 3291 577 2536 1443 2277 3150 2448 3917 3409 3845 4084 2437 1358 1529 4172 2056 3615 2701 2611 3382 3358 3715 4409 
71 3000 3056 3933 3538 1273 4777 2900 2956 1242 2260 5706 1165 5269 5667 4811 4802 6646 6169 4749 3076 4415 5100 2344 2894 2918 2171 584 917 2733 2875 2606 3538 5322 4808 4138 5406 1490 1912 4539 5146 4512 4081 2100 904 3924 5011 4951 1319 6753 1609 2063 3267 983 2134 846 5562 4059 5518 980 1023 1497 6713 2747 4929 5113 3676 4518 6198 1217 1766 3263 0 3073 2067 1014 4937 2313 2239 904 3701 775 2668 4611 668 5490 2912 1001 6916 3241 4038 4542 4620 920 1502 1483 2589 1253 6615 3456 1457 1162 
72 3000 5635 1831 1409 3481 4389 3433 5289 4214 3868 5779 1983 2547 6435 2496 2549 6096 6187 6008 2294 6534 2853 4972 730 881 1992 3460 2238 2600 4951 1532 1873 7097 1943 3510 7700 3334 4328 3410 3355 5725 5211 990 3851 5131 7356 3313 1916 6330 4663 3747 5892 3130 1273 3431 5520 6203 4821 3381 4088 2209 6040 2808 7123 3821 4136 6385 6420 2476 1769 4129 3073 0 4304 3697 5883 1039 4521 3954 4705 3286 2698 3743 3693 6524 216 4065 6364 253 2818 4755 4634 3487 3836 4549 1438 3996 6569 1268 1707 3239 
73 3000 1360 4292 4064 3234 3742 1947 994 1376 795 4225 2940 5784 3839 5077 5025 5416 4665 2790 3009 2387 5259 832 3800 3736 2493 1511 2284 2448 808 3103 3784 3254 5526 3450 3467 969 3595 4063 4971 2589 2248 3540 1397 2074 3097 4712 2455 5439 1789 741 1626 1285 3046 2768 4165 2032 4533 2945 1773 3479 5550 2298 2937 4603 2384 2451 4584 1844 3625 1830 2067 4304 0 2797 3092 3283 216 1683 2018 1323 2309 3940 1648 3567 4094 1770 5661 4368 3787 3171 3359 2824 573 1855 3153 953 5105 4054 3168 3185 
74 3000 3468 4822 4400 523 5789 3901 3529 1558 3164 6685 1724 6074 6561 5695 5696 7653 7146 5575 4063 4983 6002 2805 3677 3729 3148 1344 1824 3743 3573 3526 4464 5981 5560 5151 5844 2436 899 5539 6107 5357 4961 2712 1405 4796 5439 5923 2215 7755 1588 2970 3625 1951 2985 266 6551 4636 6532 366 1138 1633 7724 3761 5437 6112 4660 5180 7155 2225 2055 4220 1014 3697 2797 0 5820 3125 2923 1159 4619 1684 3681 5623 1149 6340 3575 1128 7923 3903 5025 5528 5618 216 2292 1426 3495 1854 7594 4303 1990 639 
75 3000 3369 4815 4891 6198 2335 2474 2849 4468 2676 1641 5411 6078 747 5206 5108 3029 1935 586 3658 2393 5180 3532 5171 5035 3960 4478 4716 3283 2483 4351 4380 1922 6159 2874 3299 3454 6661 3477 4483 572 859 5550 4462 1025 3233 4220 4640 2904 4846 2874 3507 3963 4741 5742 1782 2389 2838 5902 4861 6071 3253 3077 2771 3718 1756 1822 1680 4103 6043 1820 4937 5883 3092 5820 0 4927 3038 4762 1272 4170 3189 3091 4686 641 5676 4857 3191 5812 3696 1454 1739 5808 3534 4930 4445 4032 2298 4971 5529 6100 
76 3000 4627 1730 1287 3046 3675 2455 4261 3333 2828 4991 1457 2961 5518 2587 2599 5491 5423 5014 1519 5495 2911 3981 585 607 977 2591 1402 1670 3914 688 1478 6069 2497 2819 6661 2315 3891 2901 3161 4732 4219 772 2976 4129 6320 3036 1015 5692 3822 2708 4887 2163 237 2867 4753 5164 4224 2870 3275 1970 5473 1861 6084 3408 3207 5349 5612 1486 1639 3139 2313 1039 3283 3125 4927 0 3499 3128 3716 2359 1745 3154 2860 5566 824 3252 5766 1085 2301 3902 3822 2935 2839 3726 599 3057 5831 1181 1284 2811 
77 3000 1154 4486 4267 3376 3829 2084 780 1448 938 4241 3143 5979 3783 5263 5209 5462 4673 2702 3193 2191 5438 686 4013 3949 2701 1671 2493 2629 650 3311 3977 3088 5731 3580 3257 1186 3696 4205 5129 2517 2211 3755 1518 2035 2884 4868 2670 5472 1810 918 1420 1492 3261 2910 4196 1835 4618 3090 1862 3671 5605 2471 2733 4737 2460 2283 4572 2060 3827 1901 2239 4521 216 2923 3038 3499 0 1787 2028 1512 2489 4065 1779 3485 4311 1861 5702 4584 3951 3217 3420 2963 767 1892 3362 1069 5108 4259 3375 3339 
78 3000 2332 4647 4285 1651 5034 3112 2369 410 2182 5767 2069 6044 5508 5518 5497 6843 6222 4474 3629 3825 5782 1652 3714 3719 2789 567 1735 3188 2432 3310 4209 4824 5623 4517 4712 1582 1911 5007 5729 4271 3909 2993 313 3738 4309 5509 2113 6910 709 2004 2509 1227 2927 1204 5665 3477 5810 1392 157 2338 6942 3143 4288 5582 3787 4024 6187 1797 2651 3291 904 3954 1683 1159 4762 3128 1787 0 3617 921 3091 5010 268 5250 3784 138 7104 4109 4570 4641 4773 1241 1248 598 3311 731 6668 4220 2362 1672 
79 3000 2716 3856 3848 4971 2037 1273 2129 3369 1455 2213 4139 5242 1974 4395 4310 3464 2648 1302 2586 2404 4445 2642 4014 3888 2739 3275 3444 2128 1644 3186 3375 2524 5218 2172 3558 2210 5483 2847 3880 1019 506 4305 3307 460 3348 3603 3372 3454 3807 1649 2925 2719 3518 4522 2177 2214 2776 4676 3732 4799 3626 1911 2952 3253 801 1991 2574 2831 4773 577 3701 4705 2018 4619 1272 3716 2028 3617 0 2945 2014 2553 3508 1885 4493 3724 3694 4658 2874 1252 1507 4591 2368 3868 3276 2903 3086 3909 4259 4860 
