FILE: 2511EuclS.txt
100 100 0 
1 3000 0 4067 1321 972 3241 6177 5844 807 5076 6720 5675 6728 2024 1359 2762 6032 7592 6592 3909 4990 3130 4028 1790 4536 5869 5722 6049 1033 1363 6325 4258 5679 1470 5389 1391 4463 3962 1417 1623 6947 844 6285 4000 3703 6009 2745 5187 4479 6123 7710 5484 5223 5810 2236 6783 5249 4453 6466 5407 3280 4605 3819 5860 2665 5167 6535 5092 5264 6647 3269 3266 2188 2418 5671 2869 6529 5682 3715 4875 7424 4361 1210 2176 3485 5830 5333 6909 4864 1779 5335 2295 5267 6082 2662 7056 4034 5093 3411 4041 4884 
2 3000 4067 0 3892 3834 2484 2210 1850 3319 4044 2722 3676 3110 2513 4531 2766 1998 3767 2977 273 2276 951 2383 3741 2166 2777 2368 2575 3723 4574 2320 882 1688 4234 3625 2711 4456 2599 3714 3770 4473 4089 2675 1903 478 3253 1659 3866 3241 3050 3766 3261 1477 4122 4300 2905 3196 2717 3113 2454 2592 3626 1591 4111 3914 1112 3044 2383 3197 2659 1263 3437 2904 2336 1872 1200 3187 1699 1923 3240 3575 2122 3584 3089 587 3201 2040 2864 2389 2706 1303 1868 1405 2032 3973 3263 1425 3010 3740 2502 2108 
3 3000 1321 3892 0 2174 3908 6101 5464 1056 5919 6306 4619 6074 2648 652 3541 5691 7633 6736 3669 5374 3080 3110 2926 3711 6193 5945 6239 2190 698 6211 3800 5305 354 4307 1809 5488 4600 2563 328 5921 530 6424 4432 3655 6450 3053 5968 3381 5309 7658 4496 4739 4682 940 6781 5845 5057 5721 4622 2297 5422 3138 4741 3779 4993 5838 4275 5857 6226 3493 2055 1224 3016 5700 2815 5776 5301 2931 5551 7447 4811 340 3080 3320 6300 4664 6734 4013 2462 5194 2529 5251 5765 1348 7112 4316 5668 2150 3091 5239 
4 3000 972 3834 2174 0 2467 5782 5678 1257 4164 6555 6071 6749 1421 2324 1942 5832 7088 6039 3735 4325 2888 4360 819 4767 5218 5139 5478 119 2331 5952 4221 5515 2390 5819 1216 3498 3174 451 2429 7290 1773 5742 3342 3405 5285 2281 4299 4949 6291 7266 5821 5158 6277 3115 6323 4453 3670 6567 5571 3711 3709 3979 6317 1693 4875 6595 5295 4469 6489 2809 3894 2719 1768 5218 2664 6635 5522 3962 4043 6935 3676 1963 1313 3290 5092 5407 6565 5103 1179 5013 1966 4859 5863 3448 6551 3475 4311 4089 4399 4240 
5 3000 3241 2484 3908 2467 0 3744 4157 2890 2065 4952 5916 5566 1268 4357 546 4213 4811 3719 2572 1910 1921 4313 1889 4381 2798 2803 3149 2354 4383 3949 3274 4015 4241 5782 2099 2057 720 2097 3995 6875 3770 3445 999 2024 2820 1165 2069 5145 5517 5075 5541 3952 6290 4723 4137 2008 1213 5597 4880 4067 1562 3599 6299 1616 3155 5521 4741 2023 4908 1254 4690 3623 892 3106 1939 5672 4033 3799 1653 4682 1258 3577 1177 2245 2625 4509 4583 4673 1487 3205 1568 2874 4197 4740 4286 1349 1854 4979 4408 1855 
6 3000 6177 2210 6101 5782 3744 0 1463 5473 4294 1690 4823 2871 4367 6737 4228 1254 1597 1186 2447 2196 3070 4156 5480 3664 1852 1389 1236 5664 6779 221 2584 1483 6444 4923 4788 5161 3399 5559 5980 5083 6279 1036 2764 2485 2443 3501 3993 4898 3560 1556 4395 2103 5334 6491 739 3085 3164 3268 3360 4617 4086 3479 5291 5360 1145 3037 3533 3074 1699 2973 5474 5097 4063 653 3339 3328 1511 3832 3439 1396 2645 5790 4752 2782 2551 2839 842 3708 4603 924 3889 922 1138 6120 1155 2412 2983 5760 4274 2124 
7 3000 5844 1850 5464 5678 4157 1463 0 5064 5265 878 3389 1548 4361 6116 4527 272 2882 2647 1949 3164 2790 2978 5584 2393 3136 2633 2598 5569 6162 1369 1665 165 5778 3516 4528 5938 4055 5564 5276 3629 5750 2467 3331 2308 3734 3497 5006 3614 2098 2629 2968 809 3902 5663 2120 4153 3983 1844 1930 3595 4951 2456 3855 5692 1033 1641 2149 4147 810 3048 4419 4319 4162 1771 3020 1909 163 2777 4394 2681 3377 5193 4913 2391 3794 1427 1533 2363 4557 1081 3714 1572 392 5193 2550 2858 4008 4679 3087 3035 
8 3000 807 3319 1056 1257 2890 5473 5064 0 4874 5936 4925 5921 1621 1471 2496 5260 6935 5971 3144 4475 2404 3251 1921 3739 5328 5132 5445 1237 1499 5610 3460 4899 1363 4652 808 4434 3596 1577 1237 6182 895 5660 3502 2987 5532 2158 4934 3757 5321 7020 4714 4426 5090 1966 6107 4863 4067 5659 4603 2533 4380 3012 5137 2750 4428 5727 4293 4876 5862 2652 2641 1483 2004 5000 2136 5722 4901 2918 4542 6759 3878 765 2024 2732 5368 4525 6179 4069 1419 4607 1657 4577 5315 2215 6402 3457 4692 2832 3272 4352 
9 3000 5076 4044 5919 4164 2065 4294 5265 4874 0 5878 7700 6804 3277 6311 2378 5218 4701 3663 4227 2124 3807 6216 3387 6164 2586 2937 3202 4073 6332 4515 4922 5164 6238 7614 4118 1150 1523 3721 6032 8505 5719 3518 2145 3686 2170 3184 336 7073 7031 5135 7294 5345 8120 6766 4340 1231 1331 6984 6487 6072 503 5450 8118 2628 4247 6844 6427 1245 5860 3078 6736 5688 2935 3675 3898 7058 5190 5701 872 4652 1943 5597 2904 4028 1964 6036 5080 6417 3456 4185 3629 3709 5155 6804 4282 2618 1311 7030 6321 2236 
10 3000 6720 2722 6306 6555 4952 1690 878 5936 5878 0 3712 1286 5227 6958 5351 743 2684 2800 2828 3753 3666 3656 6443 3020 3536 3057 2926 6444 7004 1502 2508 1043 6613 3906 5407 6639 4782 6434 6105 3639 6608 2711 4073 3172 4131 4357 5596 4180 2239 2293 3329 1574 4215 6456 2116 4706 4650 1804 2349 4342 5610 3236 4155 6517 1797 1532 2651 4697 84 3892 5135 5139 5016 2223 3898 1846 1038 3532 5008 2504 4067 6044 5763 3269 4231 1942 1274 2910 5427 1763 4589 2188 756 5955 2507 3622 4583 5375 3753 3646 
11 3000 5675 3676 4619 6071 5916 4823 3389 4925 7700 3712 0 2636 5327 5152 5998 3641 6260 5982 3475 5911 3994 1721 6430 1541 6225 5740 5812 6005 5196 4754 2795 3343 4772 345 4916 7972 6209 6214 4303 1306 5116 5758 5555 4014 6780 4797 7537 1246 1520 5954 435 2745 512 4217 5508 6864 6383 2048 1463 2395 7259 2322 468 6964 3943 2316 1341 6864 3637 4687 2637 3492 5389 4956 4007 2048 3316 2185 6914 6062 5798 4540 6033 3695 6773 1985 4865 1287 5379 4135 4605 4581 3768 3569 5939 5094 6681 2689 1673 5746 
12 3000 6728 3110 6074 6749 5566 2871 1548 5921 6804 1286 2636 0 5557 6710 5876 1654 3969 4034 3102 4712 3945 3087 6793 2427 4655 4156 4083 6650 6757 2713 2529 1639 6340 2890 5542 7434 5544 6713 5824 2367 6457 3908 4816 3588 5255 4747 6551 3378 1117 3561 2318 1637 3109 6036 3383 5701 5508 591 1545 3879 6475 2947 3039 7023 2557 320 1908 5695 1238 4372 4559 4854 5428 3293 4121 607 1614 3147 5935 3790 4896 5864 6179 3530 5327 1411 2560 2195 5717 2627 4845 3120 1752 5462 3785 4330 5555 4748 3155 4580 
13 3000 2024 2513 2648 1421 1268 4367 4361 1621 3277 5227 5327 5557 0 3088 913 4492 5671 4631 2464 2970 1613 3622 1236 3868 3854 3739 4074 1302 3115 4541 3050 4201 2976 5132 841 2983 1979 1211 2755 6437 2502 4330 1979 2054 3985 880 3320 4371 5254 5845 5007 3927 5627 3490 4902 3256 2458 5454 4554 3181 2778 3047 5652 1637 3498 5442 4333 3270 5167 1396 3663 2514 395 3797 1450 5526 4212 3141 2921 5515 2337 2322 706 2027 3807 4298 5159 4193 251 3622 742 3444 4512 3571 5133 2062 3091 3930 3694 2869 
14 3000 1359 4531 652 2324 4357 6737 6116 1471 6311 6958 5152 6710 3088 0 3942 6342 8257 7342 4312 5923 3697 3711 3133 4329 6760 6534 6835 2372 47 6851 4452 5957 382 4829 2277 5782 5066 2759 889 6458 591 7030 4961 4277 6989 3597 6388 3905 5920 8294 5059 5390 5172 1079 7409 6334 5538 6344 5242 2893 5823 3781 5237 4007 5635 6468 4890 6347 6878 4063 2531 1856 3474 6321 3429 6397 5953 3563 6010 8073 5339 947 3419 3954 6830 5302 7379 4623 2875 5834 3079 5877 6416 1680 7733 4882 6163 2565 3683 5794 
15 3000 2762 2766 3541 1942 546 4228 4527 2496 2378 5351 5998 5876 913 3942 0 4607 5344 4256 2806 2455 2048 4337 1343 4486 3344 3340 3687 1833 3964 4427 3481 4378 3859 5835 1747 2096 1233 1557 3662 7027 3350 3978 1525 2289 3358 1211 2446 5134 5734 5595 5646 4243 6339 4400 4653 2511 1728 5859 5067 3991 1884 3677 6356 1166 3557 5806 4894 2527 5301 1503 4536 3410 643 3602 1993 5933 4394 3833 2115 5211 1803 3221 636 2425 3159 4738 5061 4795 1078 3629 1446 3337 4602 4482 4816 1816 2369 4812 4422 2397 
16 3000 6032 1998 5691 5832 4213 1254 272 5260 5218 743 3641 1654 4492 6342 4607 0 2622 2440 2124 3101 2947 3249 5704 2665 3000 2502 2435 5721 6388 1137 1901 399 6009 3776 4700 5936 4065 5700 5510 3830 5964 2280 3350 2438 3600 3619 4949 3886 2313 2359 3223 1078 4154 5911 1878 4078 3960 2015 2187 3856 4926 2713 4105 5774 1058 1791 2416 4071 694 3150 4684 4558 4274 1640 3187 2076 411 3039 4346 2422 3365 5414 5020 2559 3674 1691 1261 2633 4695 1047 3866 1509 126 5449 2307 2890 3942 4946 3357 2982 
17 3000 7592 3767 7633 7088 4811 1597 2882 6935 4701 2684 6260 3969 5671 8257 5344 2622 0 1104 4017 2949 4561 5738 6669 5219 2163 2012 1667 6969 8298 1572 4180 2955 7980 6398 6203 5756 4287 6809 7530 6321 7773 1366 3819 3979 2536 4854 4366 6454 4873 540 5845 3627 6773 8066 865 3497 3908 4480 4810 6214 4660 5075 6722 6385 2739 4213 5029 3481 2738 4325 7071 6670 5324 1937 4830 4525 2978 5427 3970 204 3569 7312 5935 4318 2737 4309 1419 5230 5919 2515 5300 2381 2496 7711 538 3613 3482 7357 5855 2968 
18 3000 6592 2977 6736 6039 3719 1186 2647 5971 3663 2800 5982 4034 4631 7342 4256 2440 1104 0 3246 1845 3657 5178 5589 4746 1084 915 569 5920 7381 1321 3562 2658 7088 6063 5213 4684 3183 5742 6662 6270 6832 312 2734 3095 1547 3846 3334 5966 4745 1475 5550 3240 6489 7245 752 2440 2806 4451 4521 5540 3584 4446 6450 5283 2120 4214 4670 2425 2825 3327 6395 5857 4271 1121 3920 4510 2686 4800 2895 1009 2470 6406 4856 3474 1723 3997 1635 4824 4881 1900 4318 1584 2322 6948 621 2569 2405 6694 5299 1868 
19 3000 3909 273 3669 3735 2572 2447 1949 3144 4227 2828 3475 3102 2464 4312 2806 2124 4017 3246 0 2522 855 2126 3699 1948 3047 2641 2848 3627 4356 2545 708 1785 4007 3407 2579 4583 2754 3645 3535 4325 3887 2945 2081 556 3516 1646 4063 2988 2945 3999 3067 1466 3908 4048 3154 3423 2908 3053 2314 2319 3795 1331 3901 3933 1324 3008 2209 3425 2760 1322 3164 2652 2327 2136 1072 3127 1791 1657 3442 3823 2328 3368 3077 444 3458 1939 3068 2190 2639 1529 1778 1669 2173 3709 3519 1620 3235 3467 2244 2354 
20 3000 4990 2276 5374 4325 1910 2196 3164 4475 2124 3753 5911 4712 2970 5923 2455 3101 2949 1845 2522 0 2487 4647 3798 4433 893 949 1285 4208 5956 2417 3132 3076 5727 5886 3674 2970 1338 3988 5370 6562 5367 1601 991 2091 1085 2325 1847 5511 5044 3274 5484 3345 6375 6037 2376 996 991 4938 4575 4740 1890 3851 6358 3441 2173 4776 4582 991 3736 1895 5535 4725 2583 1559 2697 5009 3103 4166 1255 2841 654 5033 3077 2508 969 4086 3012 4631 3219 2084 2847 1595 3034 5876 2443 1080 843 5842 4765 168 
21 3000 3130 951 3080 2888 1921 3070 2790 2404 3807 3666 3994 3945 1613 3697 2048 2947 4561 3657 855 2487 0 2416 2849 2461 3205 2898 3174 2779 3737 3206 1455 2626 3432 3863 1762 3978 2284 2790 3007 4982 3215 3346 1745 585 3564 842 3702 3267 3696 4621 3623 2315 4371 3616 3719 3225 2566 3858 3020 2307 3333 1679 4379 3131 2037 3835 2846 3231 3600 728 3063 2258 1509 2624 269 3931 2634 1900 3120 4379 2084 2754 2247 414 3456 2714 3780 2759 1784 2206 925 2185 2983 3399 4036 1417 3032 3369 2518 2329 
22 3000 4028 2383 3110 4360 4313 4156 2978 3251 6216 3656 1721 3087 3622 3711 4337 3249 5738 5178 2126 4647 2416 0 4709 663 5145 4709 4869 4291 3758 4165 1621 2858 3331 1509 3195 6367 4696 4493 2824 2935 3561 4904 4106 2587 5636 3161 6093 867 2210 5569 1465 2170 2007 2955 4894 5524 4941 2658 1557 819 5747 795 2029 5260 3062 2814 1195 5528 3571 3140 1490 1902 3712 4065 2374 2706 2841 516 5491 5534 4401 2965 4329 2202 5584 1750 4491 917 3664 3287 2915 3618 3360 2375 5309 3691 5333 1719 121 4479 
23 3000 1790 3741 2926 819 1889 5480 5584 1921 3387 6443 6430 6793 1236 3133 1343 5704 6669 5589 3699 3798 2849 4709 0 5027 4687 4674 5020 760 3142 5668 4281 5425 3172 6208 1538 2679 2548 373 3150 7591 2568 5305 2854 3275 4683 2087 3546 5386 6464 6899 6139 5164 6688 3864 5953 3790 3035 6681 5757 4154 2951 4210 6720 875 4689 6674 5517 3806 6385 2564 4467 3273 1436 4876 2678 6752 5437 4259 3348 6530 3145 2677 735 3264 4479 5522 6297 5358 1090 4796 1958 4567 5717 4135 6137 3087 3665 4692 4766 3737 
24 3000 4536 2166 3711 4767 4381 3664 2393 3739 6164 3020 1541 2427 3868 4329 4486 2665 5219 4746 1948 4433 2461 663 5027 0 4832 4368 4490 4688 4376 3649 1301 2287 3952 1459 3565 6435 4669 4849 3439 2569 4137 4488 4021 2478 5359 3277 6009 1235 1602 5013 1161 1599 1959 3610 4395 5363 4853 2017 913 1457 5720 821 1954 5493 2630 2159 565 5364 2936 3147 2151 2488 3893 3654 2492 2068 2267 820 5390 5015 4276 3538 4568 2154 5330 1094 3923 335 3948 2846 3131 3233 2782 3037 4819 3568 5177 2368 743 4266 
25 3000 5869 2777 6193 5218 2798 1852 3136 5328 2586 3536 6225 4655 3854 6760 3344 3000 2163 1084 3047 893 3205 5145 4687 4832 0 503 639 5101 6796 2057 3548 3091 6547 6247 4534 3601 2187 4881 6168 6717 6215 939 1878 2723 600 3169 2259 5989 5176 2560 5790 3522 6714 6811 1760 1357 1766 4978 4812 5351 2501 4362 6687 4296 2297 4777 4884 1343 3539 2700 6178 5463 3470 1365 3441 5044 3119 4699 1811 2088 1546 5854 3969 3141 702 4294 2553 4981 4104 2132 3682 1652 2905 6601 1705 1878 1322 6485 5266 985 
26 3000 5722 2368 5945 5139 2803 1389 2633 5132 2937 3057 5740 4156 3739 6534 3340 2502 2012 915 2641 949 2898 4709 4674 4368 503 0 346 5020 6571 1603 3098 2587 6300 5770 4356 3878 2281 4833 5897 6215 6007 653 1820 2375 1100 2983 2625 5542 4673 2325 5305 3025 6232 6514 1437 1711 1934 4474 4318 4959 2782 3934 6203 4372 1803 4274 4399 1699 3056 2480 5798 5146 3371 863 3149 4541 2616 4278 2107 1896 1557 5610 3943 2783 1176 3799 2144 4505 3990 1631 3475 1159 2409 6269 1498 1688 1629 6103 4830 955 
27 3000 6049 2575 6239 5478 3149 1236 2598 5445 3202 2926 5812 4083 4074 6835 3687 2435 1667 569 2848 1285 3174 4869 5020 4490 639 346 0 5359 6873 1433 3248 2573 6592 5863 4677 4179 2622 5177 6180 6216 6315 323 2165 2631 1212 3305 2881 5686 4676 1996 5377 3073 6312 6784 1138 1971 2261 4440 4370 5165 3079 4109 6279 4717 1874 4225 4479 1957 2934 2794 6012 5405 3710 858 3431 4504 2602 4458 2396 1555 1902 5906 4288 3029 1339 3846 1914 4604 4325 1677 3789 1257 2332 6517 1158 2017 1910 6315 4990 1300 
28 3000 1033 3723 2190 119 2354 5664 5569 1237 4073 6444 6005 6650 1302 2372 1833 5721 6969 5920 3627 4208 2779 4291 760 4688 5101 5020 5359 0 2381 5835 4120 5405 2420 5757 1127 3429 3064 386 2434 7218 1810 5623 3225 3291 5172 2163 4203 4894 6203 7147 5750 5055 6219 3131 6204 4344 3559 6473 5484 3655 3614 3895 6258 1635 4760 6498 5212 4360 6379 2691 3862 2681 1649 5099 2557 6542 5413 3885 3937 6816 3559 1964 1207 3183 4979 5313 6448 5023 1061 4897 1855 4741 5751 3444 6432 3356 4201 4064 4332 4123 
29 3000 1363 4574 698 2331 4383 6779 6162 1499 6332 7004 5196 6757 3115 47 3964 6388 8298 7381 4356 5956 3737 3758 3142 4376 6796 6571 6873 2381 0 6894 4498 6002 428 4873 2307 5795 5093 2768 936 6502 614 7069 4993 4318 7021 3631 6411 3950 5967 8336 5105 5436 5215 1112 7451 6362 5566 6391 5289 2939 5845 3828 5279 4017 5679 6515 4937 6376 6924 4099 2574 1903 3502 6362 3469 6444 5999 3610 6036 8114 5371 989 3437 3997 6862 5349 7423 4670 2900 5877 3114 5918 6461 1718 7774 4918 6192 2605 3730 5828 
30 3000 6325 2320 6211 5952 3949 221 1369 5610 4515 1502 4754 2713 4541 6851 4427 1137 1572 1321 2545 2417 3206 4165 5668 3649 2057 1603 1433 5835 6894 0 2624 1413 6551 4868 4939 5382 3615 5739 6080 4962 6404 1209 2974 2624 2644 3671 4213 4885 3450 1458 4329 2066 5266 6574 755 3303 3384 3134 3292 4660 4307 3514 5221 5564 1223 2894 3485 3293 1517 3145 5514 5183 4246 871 3473 3192 1439 3864 3660 1368 2862 5904 4943 2900 2759 2777 634 3673 4775 1016 4044 1101 1014 6186 1186 2610 3203 5796 4282 2345 
31 3000 4258 882 3800 4221 3274 2584 1665 3460 4922 2508 2795 2529 3050 4452 3481 1901 4180 3562 708 3132 1455 1621 4281 1301 3548 3098 3248 4120 4498 2624 0 1508 4113 2753 3019 5291 3460 4186 3611 3616 4101 3283 2778 1265 4063 2291 4748 2444 2253 4069 2378 966 3246 4017 3322 4071 3597 2405 1607 2035 4497 896 3233 4584 1458 2394 1505 4072 2430 2020 2890 2657 2964 2445 1602 2477 1503 1249 4122 3978 3005 3535 3701 1056 4031 1260 3040 1508 3197 1684 2324 1996 1985 3582 3726 2306 3887 3176 1743 2966 
32 3000 5679 1688 5305 5515 4015 1483 165 4899 5164 1043 3343 1639 4201 5957 4378 399 2955 2658 1785 3076 2626 2858 5425 2287 3091 2587 2573 5405 6002 1413 1508 0 5620 3454 4364 5817 3931 5403 5119 3643 5588 2462 3205 2149 3686 3338 4912 3515 2104 2726 2916 689 3854 5513 2169 4069 3873 1889 1879 3457 4841 2314 3810 5543 919 1705 2075 4063 975 2894 4287 4164 4006 1732 2856 1957 28 2639 4295 2752 3264 5032 4758 2226 3737 1364 1637 2276 4395 995 3550 1493 503 5049 2600 2728 3920 4550 2968 2942 
33 3000 1470 4234 354 2390 4241 6444 5778 1363 6238 6613 4772 6340 2976 382 3859 6009 7980 7088 4007 5727 3432 3331 3172 3952 6547 6300 6592 2420 428 6551 4113 5620 0 4450 2142 5774 4937 2802 515 6078 626 6776 4782 4005 6802 3405 6295 3526 5541 8000 4677 5042 4799 788 7127 6189 5399 5968 4865 2512 5743 3419 4863 4037 5331 6096 4513 6201 6533 3847 2157 1490 3350 6049 3168 6021 5616 3193 5887 7794 5161 693 3377 3665 6651 4934 7068 4244 2782 5534 2881 5599 6086 1335 7461 4670 6013 2204 3302 5592 
34 3000 5389 3625 4307 5819 5782 4923 3516 4652 7614 3906 345 2890 5132 4829 5835 3776 6398 6063 3407 5886 3863 1509 6208 1459 6247 5770 5863 5757 4873 4868 2753 3454 4450 0 4682 7839 6111 5979 3988 1636 4810 5827 5475 3932 6789 4645 7465 926 1774 6115 579 2823 508 3882 5624 6821 6309 2311 1590 2118 7163 2184 521 6769 3988 2569 1392 6823 3829 4571 2306 3202 5216 5011 3854 2318 3429 2002 6847 6197 5735 4239 5838 3590 6771 2091 5019 1266 5171 4190 4422 4617 3902 3232 6054 5026 6636 2348 1443 5720 
35 3000 1391 2711 1809 1216 2099 4788 4528 808 4118 5407 4916 5542 841 2277 1747 4700 6203 5213 2579 3674 1762 3195 1538 3565 4534 4356 4677 1127 2307 4939 3019 4364 2142 4682 0 3774 2797 1298 1915 6107 1703 4904 2697 2324 4726 1373 4159 3849 5076 6319 4644 3968 5157 2653 5391 4057 3263 5351 4357 2616 3619 2768 5192 2232 3796 5382 4085 4070 5338 1886 2964 1777 1208 4279 1513 5419 4369 2770 3746 6033 3071 1481 1375 2141 4561 4192 5529 3900 682 3957 903 3876 4742 2767 5667 2672 3885 3209 3245 3554 
36 3000 4463 4456 5488 3498 2057 5161 5938 4434 1150 6639 7972 7434 2983 5782 2096 5936 5756 4684 4583 2970 3978 6367 2679 6435 3601 3878 4179 3429 5795 5382 5291 5817 5774 7839 3774 0 1890 3047 5657 8906 5200 4502 2618 4026 3259 3206 1470 7189 7506 6159 7594 5877 8347 6394 5313 2261 2001 7536 6897 6076 1100 5656 8357 1818 4904 7430 6779 2277 6610 3292 6632 5496 2738 4515 3992 7611 5839 5853 1789 5689 2573 5194 2415 4288 3043 6496 5983 6722 3092 4888 3532 4453 5892 6540 5306 3106 2278 6907 6459 3037 
37 3000 3962 2599 4600 3174 720 3399 4055 3596 1523 4782 6209 5544 1979 5066 1233 4065 4287 3183 2754 1338 2284 4696 2548 4669 2187 2281 2622 3064 5093 3615 3460 3931 4937 6111 2797 1890 0 2788 4669 7071 4481 2935 727 2201 2135 1689 1447 5551 5640 4602 5812 3992 6618 5389 3686 1287 495 5651 5053 4553 1053 3936 6619 2109 3023 5541 4964 1302 4748 1556 5236 4228 1591 2746 2377 5726 3953 4181 951 4177 755 4265 1868 2520 1932 4632 4239 4935 2204 3020 2169 2612 4028 5365 3779 1217 1137 5534 4800 1332 
38 3000 1417 3714 2563 451 2097 5559 5564 1577 3721 6434 6214 6713 1211 2759 1557 5700 6809 5742 3645 3988 2790 4493 373 4849 4881 4833 5177 386 2768 5739 4186 5403 2802 5979 1298 3047 2788 0 2795 7401 2195 5451 3019 3262 4915 2091 3865 5137 6327 7013 5940 5097 6451 3502 6067 4054 3282 6569 5612 3899 3272 4041 6487 1249 4710 6578 5356 4071 6372 2600 4164 2973 1497 4973 2593 6639 5413 4063 3630 6662 3334 2323 921 3202 4717 5408 6361 5183 1007 4832 1870 4639 5722 3792 6273 3200 3920 4379 4543 3914 
39 3000 1623 3770 328 2429 3995 5980 5276 1237 6032 6105 4303 5824 2755 889 3662 5510 7530 6662 3535 5370 3007 2824 3150 3439 6168 5897 6180 2434 936 6080 3611 5119 515 3988 1915 5657 4669 2795 0 5607 857 6351 4451 3568 6453 3070 6064 3062 5031 7533 4190 4533 4358 739 6672 5892 5113 5455 4352 2006 5532 2905 4418 3987 4857 5580 4001 5903 6025 3477 1727 974 3105 5606 2749 5508 5114 2677 5621 7340 4831 473 3242 3212 6311 4418 6585 3734 2590 5064 2546 5150 5589 1039 7015 4300 5711 1823 2799 5229 
40 3000 6947 4473 5921 7290 6875 5083 3629 6182 8505 3639 1306 2367 6437 6458 7027 3830 6321 6270 4325 6562 4982 2935 7591 2569 6717 6215 6216 7218 6502 4962 3616 3643 6078 1636 6107 8906 7071 7401 5607 0 6413 6097 6375 4881 7303 5816 8305 2553 1541 5927 1470 3221 1417 5519 5680 7550 7173 1843 2019 3670 8099 3390 1335 8059 4435 2107 2135 7548 3583 5622 3942 4776 6450 5370 5043 1795 3614 3337 7675 6136 6564 5831 7136 4630 7333 2478 4903 2243 6516 4586 5699 5075 3949 4869 6098 5890 7379 3982 2910 6407 
41 3000 844 4089 530 1773 3770 6279 5750 895 5719 6608 5116 6457 2502 591 3350 5964 7773 6832 3887 5367 3215 3561 2568 4137 6215 6007 6315 1810 614 6404 4101 5588 626 4810 1703 5200 4481 2195 857 6413 0 6521 4397 3800 6426 3046 5796 3884 5740 7834 4975 5057 5195 1398 6934 5753 4956 6132 5041 2762 5231 3510 5253 3439 5201 6234 4703 5766 6531 3528 2579 1659 2891 5835 2945 6190 5586 3337 5423 7593 4773 599 2828 3504 6263 5046 6952 4450 2286 5391 2536 5401 6030 1870 7244 4340 5584 2680 3552 5242 
42 3000 6285 2675 6424 5742 3445 1036 2467 5660 3518 2711 5758 3908 4330 7030 3978 2280 1366 312 2945 1601 3346 4904 5305 4488 939 653 323 5623 7069 1209 3283 2462 6776 5827 4904 4502 2935 5451 6351 6097 6521 0 2453 2785 1479 3539 3195 5702 4563 1674 5324 3013 6263 6936 822 2286 2582 4296 4303 5248 3402 4163 6226 5023 1857 4069 4436 2273 2726 3018 6101 5549 3974 839 3608 4357 2491 4515 2717 1243 2207 6094 4571 3166 1626 3778 1633 4580 4580 1643 4008 1293 2168 6643 844 2268 2231 6400 5025 1607 
43 3000 4000 1903 4432 3342 999 2764 3331 3502 2145 4073 5555 4816 1979 4961 1525 3350 3819 2734 2081 991 1745 4106 2854 4021 1878 1820 2165 3225 4993 2974 2778 3205 4782 5475 2697 2618 727 3019 4451 6375 4397 2453 0 1543 2029 1381 1992 4971 4926 4076 5149 3269 5980 5140 3137 1491 836 4927 4355 4053 1724 3326 5976 2608 2301 4814 4283 1499 4037 1045 4793 3879 1592 2119 1898 5001 3227 3597 1386 3686 380 4091 2123 1904 1869 3921 3606 4272 2228 2310 1906 1927 3317 5033 3291 492 1300 5097 4215 898 
44 3000 3703 478 3655 3405 2024 2485 2308 2987 3686 3172 4014 3588 2054 4277 2289 2438 3979 3095 556 2091 585 2587 3275 2478 2723 2375 2631 3291 4318 2624 1265 2149 4005 3932 2324 4026 2201 3262 3568 4881 3800 2785 1543 0 3135 1189 3533 3455 3493 4036 3612 1953 4436 4153 3135 2937 2377 3579 2870 2651 3246 1797 4433 3436 1475 3517 2763 2940 3112 788 3462 2774 1861 2044 855 3653 2161 2090 2919 3796 1816 3333 2615 420 3053 2485 3206 2735 2257 1633 1446 1601 2462 3893 3456 1105 2746 3769 2701 1925 
45 3000 6009 3253 6450 5285 2820 2443 3734 5532 2170 4131 6780 5255 3985 6989 3358 3600 2536 1547 3516 1085 3564 5636 4683 5359 600 1100 1212 5172 7021 2644 4063 3686 6802 6789 4726 3259 2135 4915 6453 7303 6426 1479 2029 3135 0 3397 1834 6490 5763 2991 6346 4098 7263 7122 2278 1014 1654 5574 5381 5786 2186 4844 7239 4190 2873 5375 5439 997 4135 2980 6595 5808 3591 1963 3779 5641 3714 5173 1515 2500 1654 6109 3994 3556 220 4868 3112 5523 4230 2718 3921 2230 3505 6958 2147 2165 1064 6903 5755 1236 
46 3000 2745 1659 3053 2281 1165 3501 3497 2158 3184 4357 4797 4747 880 3597 1211 3619 4854 3846 1646 2325 842 3161 2087 3277 3169 2983 3305 2163 3631 3671 2291 3338 3405 4645 1373 3206 1689 2091 3070 5816 3046 3539 1381 1189 3397 0 3136 3984 4537 5000 4439 3109 5152 3764 4062 2836 2080 4688 3862 2904 2688 2474 5165 2294 2618 4653 3683 2846 4298 532 3553 2544 681 2951 791 4762 3350 2650 2616 4691 1761 2712 1433 1235 3247 3551 4285 3584 1104 2742 524 2579 3636 3690 4317 1299 2651 3848 3253 2197 
47 3000 5187 3866 5968 4299 2069 3993 5006 4934 336 5596 7537 6551 3320 6388 2446 4949 4366 3334 4063 1847 3702 6093 3546 6009 2259 2625 2881 4203 6411 4213 4748 4912 6295 7465 4159 1470 1447 3865 6064 8305 5796 3195 1992 3533 1834 3136 0 6956 6817 4804 7126 5123 7969 6793 4017 913 1156 6750 6292 5992 595 5317 7963 2830 3998 6601 6248 926 5581 2976 6684 5668 2958 3383 3814 6823 4938 5582 630 4319 1745 5640 3011 3894 1629 5830 4770 6251 3516 3925 3606 3441 4882 6799 3951 2443 1014 6982 6201 1971 
48 3000 4479 3241 3381 4949 5145 4898 3614 3757 7073 4180 1246 3378 4371 3905 5134 3886 6454 5966 2988 5511 3267 867 5386 1235 5989 5542 5686 4894 3950 4885 2444 3515 3526 926 3849 7189 5551 5137 3062 2553 3884 5702 4971 3455 6490 3984 6956 0 2331 6241 1220 2830 1333 2978 5630 6392 5806 2854 1865 1239 6601 1661 1382 5998 3846 3070 1532 6395 4097 3995 1394 2290 4499 4864 3206 2881 3494 1374 6357 6250 5269 3318 5072 3068 6443 2241 5147 1271 4383 4066 3693 4429 4005 2334 6053 4559 6201 1476 755 5343 
49 3000 6123 3050 5309 6291 5517 3560 2098 5321 7031 2239 1520 1117 5254 5920 5734 2313 4873 4745 2945 5044 3696 2210 6464 1602 5176 4673 4676 6203 5967 3450 2253 2104 5541 1774 5076 7506 5640 6327 5031 1541 5740 4563 4926 3493 5763 4537 6817 2331 0 4521 1207 1699 2003 5147 4184 6037 5702 539 720 3029 6645 2319 1936 6826 2900 796 1037 6034 2170 4267 3606 4089 5203 3829 3810 554 2075 2414 6187 4681 5087 5141 5928 3308 5797 1010 3455 1296 5374 3045 4514 3537 2436 4539 4608 4436 5871 3762 2250 4893 
50 3000 7710 3766 7658 7266 5075 1556 2629 7020 5135 2293 5954 3561 5845 8294 5595 2359 540 1475 3999 3274 4621 5569 6899 5013 2560 2325 1996 7147 8336 1458 4069 2726 8000 6115 6319 6159 4602 7013 7533 5927 7834 1674 4076 4036 2991 5000 4804 6241 4521 0 5550 3414 6465 8033 946 3915 4257 4098 4526 6102 5059 4952 6410 6674 2681 3824 4772 3900 2356 4468 6952 6641 5516 2049 4890 4138 2746 5298 4370 496 3862 7347 6164 4339 3181 4045 1098 4992 6088 2469 5415 2444 2237 7641 854 3814 3881 7229 5682 3270 
51 3000 5484 3261 4496 5821 5541 4395 2968 4714 7294 3329 435 2318 5007 5059 5646 3223 5845 5550 3067 5484 3623 1465 6139 1161 5790 5305 5377 5750 5105 4329 2378 2916 4677 579 4644 7594 5812 5940 4190 1470 4975 5324 5149 3612 6346 4439 7126 1220 1207 5550 0 2311 939 4178 5084 6441 5974 1746 1038 2216 6859 1971 902 6639 3507 1998 907 6441 3252 4303 2596 3325 5048 4521 3652 1758 2890 1879 6501 5645 5384 4386 5711 3308 6341 1555 4457 877 5073 3700 4276 4146 3350 3541 5515 4683 6260 2697 1443 5320 
52 3000 5223 1477 4739 5158 3952 2103 809 4426 5345 1574 2745 1637 3927 5390 4243 1078 3627 3240 1466 3345 2315 2170 5164 1599 3522 3025 3073 5055 5436 2066 966 689 5042 2823 3968 5877 3992 5097 4533 3221 5057 3013 3269 1953 4098 3109 5123 2830 1699 3414 2311 0 3250 4885 2819 4338 4020 1659 1296 2794 4973 1667 3213 5386 1225 1569 1431 4335 1492 2740 3612 3565 3790 2215 2505 1733 671 1977 4494 3423 3404 4485 4542 1900 4118 774 2326 1607 4095 1399 3226 1869 1190 4399 3247 2776 4172 3870 2279 3194 
53 3000 5810 4122 4682 6277 6290 5334 3902 5090 8120 4215 512 3109 5627 5172 6339 4154 6773 6489 3908 6375 4371 2007 6688 1959 6714 6232 6312 6219 5215 5266 3246 3854 4799 508 5157 8347 6618 6451 4358 1417 5195 6263 5980 4436 7263 5152 7969 1333 2003 6465 939 3250 0 4184 6021 7317 6812 2518 1975 2566 7670 2692 84 7264 4439 2792 1833 7318 4141 5080 2642 3623 5718 5456 4361 2511 3828 2506 7350 6574 6236 4639 6333 4098 7250 2494 5376 1744 5661 4635 4922 5075 4280 3533 6451 5528 7132 2634 1933 6209 
54 3000 2236 4300 940 3115 4723 6491 5663 1966 6766 6456 4217 6036 3490 1079 4400 5911 8066 7245 4048 6037 3616 2955 3864 3610 6811 6514 6784 3131 1112 6574 4017 5513 788 3882 2653 6394 5389 3502 739 5519 1398 6936 5140 4153 7122 3764 6793 2978 5147 8033 4178 4885 4184 0 7203 6597 5825 5612 4513 2158 6265 3220 4253 4711 5352 5768 4150 6608 6373 4142 1584 1395 3835 6164 3371 5658 5505 2935 6340 7872 5518 1201 3980 3771 6988 4660 7045 3869 3329 5568 3245 5701 6000 651 7563 4959 6413 1549 2900 5891 
55 3000 6783 2905 6781 6323 4137 739 2120 6107 4340 2116 5508 3383 4902 7409 4653 1878 865 752 3154 2376 3719 4894 5953 4395 1760 1437 1138 6204 7451 755 3322 2169 7127 5624 5391 5313 3686 6067 6672 5680 6934 822 3137 3135 2278 4062 4017 5630 4184 946 5084 2819 6021 7203 0 3108 3366 3842 4046 5353 4214 4218 5975 5741 1875 3590 4240 3095 2150 3530 6211 5807 4571 1112 3988 3895 2194 4570 3533 669 2939 6463 5218 3462 2439 3533 893 4426 5145 1651 4487 1533 1753 6846 430 2868 3049 6498 5012 2355 
56 3000 5249 3196 5845 4453 2008 3085 4153 4863 1231 4706 6864 5701 3256 6334 2511 4078 3497 2440 3423 996 3225 5524 3790 5363 1357 1711 1971 4344 6362 3303 4071 4069 6189 6821 4057 2261 1287 4054 5892 7550 5753 2286 1491 2937 1014 2836 913 6392 6037 3915 6441 4338 7317 6597 3108 0 798 5934 5555 5530 1175 4731 7304 3226 3169 5770 5545 17 4694 2536 6282 5364 2863 2485 3389 6005 4095 5027 501 3437 1140 5507 3141 3334 794 5072 3856 5578 3486 3074 3351 2580 4005 6517 3060 1837 192 6587 5638 1144 
57 3000 4453 2717 5057 3670 1213 3164 3983 4067 1331 4650 6383 5508 2458 5538 1728 3960 3908 2806 2908 991 2566 4941 3035 4853 1766 1934 2261 3559 5566 3384 3597 3873 5399 6309 3263 2001 495 3282 5113 7173 4956 2582 836 2377 1654 2080 1156 5806 5702 4257 5974 4020 6812 5825 3366 798 0 5666 5156 4868 967 4162 6808 2548 2954 5534 5100 812 4624 1847 5587 4623 2065 2515 2697 5740 3897 4432 554 3812 616 4720 2362 2740 1446 4705 3991 5098 2688 2914 2584 2462 3909 5770 3417 1291 642 5889 5051 1040 
58 3000 6466 3113 5721 6567 5597 3268 1844 5659 6984 1804 2048 591 5454 6344 5859 2015 4480 4451 3053 4938 3858 2658 6681 2017 4978 4474 4440 6473 6391 3134 2405 1889 5968 2311 5351 7536 5651 6569 5455 1843 6132 4296 4927 3579 5574 4688 6750 2854 539 4098 1746 1659 2518 5612 3842 5934 5666 0 1104 3471 6625 2647 2448 6982 2765 280 1463 5929 1744 4366 4094 4497 5366 3614 4004 74 1861 2795 6125 4294 5050 5534 6106 3453 5627 1162 3061 1743 5593 2877 4723 3376 2130 5017 4257 4435 5777 4264 2712 4795 
59 3000 5407 2454 4622 5571 4880 3360 1930 4603 6487 2349 1463 1545 4554 5242 5067 2187 4810 4521 2314 4575 3020 1557 5757 913 4812 4318 4370 5484 5289 3292 1607 1879 4865 1590 4357 6897 5053 5612 4352 2019 5041 4303 4355 2870 5381 3862 6292 1865 720 4526 1038 1296 1975 4513 4046 5555 5156 1104 0 2367 6079 1598 1931 6141 2515 1259 364 5553 2268 3625 3014 3398 4519 3512 3118 1155 1853 1705 5662 4609 4548 4441 5235 2646 5390 524 3429 650 4667 2695 3812 3159 2314 3926 4477 3871 5380 3203 1617 4417 
60 3000 3280 2592 2297 3711 4067 4617 3595 2533 6072 4342 2395 3879 3181 2893 3991 3856 6214 5540 2319 4740 2307 819 4154 1457 5351 4959 5165 3655 2939 4660 2035 3457 2512 2118 2616 6076 4553 3899 2006 3670 2762 5248 4053 2651 5786 2904 5992 1239 3029 6102 2216 2794 2566 2158 5353 5530 4868 3471 2367 0 5583 1151 2608 4792 3479 3616 2009 5536 4258 3022 858 1108 3348 4420 2177 3520 3444 817 5423 6012 4389 2170 3873 2232 5704 2504 5056 1735 3173 3706 2545 3956 3957 1614 5750 3704 5337 1153 793 4575 
61 3000 4605 3626 5422 3709 1562 4086 4951 4380 503 5610 7259 6475 2778 5823 1884 4926 4660 3584 3795 1890 3333 5747 2951 5720 2501 2782 3079 3614 5845 4307 4497 4841 5743 7163 3619 1100 1053 3272 5532 8099 5231 3402 1724 3246 2186 2688 595 6601 6645 5059 6859 4973 7670 6265 4214 1175 967 6625 6079 5583 0 4990 7671 2241 3921 6497 6003 1192 5586 2607 6238 5185 2432 3447 3413 6699 4865 5232 690 4590 1579 5099 2429 3572 1967 5642 4899 5981 2961 3881 3127 3424 4872 6301 4206 2210 1179 6531 5851 1972 
62 3000 3819 1591 3138 3979 3599 3479 2456 3012 5450 3236 2322 2947 3047 3781 3677 2713 5075 4446 1331 3851 1679 795 4210 821 4362 3934 4109 3895 3828 3514 896 2314 3419 2184 2768 5656 3936 4041 2905 3390 3510 4163 3326 1797 4844 2474 5317 1661 2319 4952 1971 1667 2692 3220 4218 4731 4162 2647 1598 1151 4990 0 2700 4673 2353 2729 1316 4735 3153 2389 2000 1930 3077 3326 1684 2710 2302 353 4710 4872 3613 2917 3747 1422 4789 1535 3905 1148 3129 2579 2310 2870 2811 2736 4622 2902 4541 2282 913 3683 
63 3000 5860 4111 4741 6317 6299 5291 3855 5137 8118 4155 468 3039 5652 5237 6356 4105 6722 6450 3901 6358 4379 2029 6720 1954 6687 6203 6279 6258 5279 5221 3233 3810 4863 521 5192 8357 6619 6487 4418 1335 5253 6226 5976 4433 7239 5165 7963 1382 1936 6410 902 3213 84 4253 5975 7304 6808 2448 1931 2608 7671 2700 0 7289 4408 2723 1804 7305 4082 5084 2705 3673 5737 5423 4374 2439 3784 2523 7343 6524 6228 4694 6358 4099 7229 2453 5323 1727 5688 4602 4943 5045 4232 3602 6405 5521 7120 2704 1960 6193 
64 3000 2665 3914 3779 1693 1616 5360 5692 2750 2628 6517 6964 7023 1637 4007 1166 5774 6385 5283 3933 3441 3131 5260 875 5493 4296 4372 4717 1635 4017 5564 4584 5543 4037 6769 2232 1818 2109 1249 3987 8059 3439 5023 2608 3436 4190 2294 2830 5998 6826 6674 6639 5386 7264 4711 5741 3226 2548 6982 6141 4792 2241 4673 7289 0 4723 6942 5941 3243 6468 2657 5196 4009 1623 4722 3025 7055 5558 4778 2746 6266 2816 3514 931 3529 3975 5844 6198 5815 1619 4792 2363 4484 5768 4943 5868 2958 3133 5440 5330 3417 
65 3000 5167 1112 4993 4875 3155 1145 1033 4428 4247 1797 3943 2557 3498 5635 3557 1058 2739 2120 1324 2173 2037 3062 4689 2630 2297 1803 1874 4760 5679 1223 1458 919 5331 3988 3796 4904 3023 4710 4857 4435 5201 1857 2301 1475 2873 2618 3998 3846 2900 2681 3507 1225 4439 5352 1875 3169 2954 2765 2515 3479 3921 2353 4408 4723 0 2604 2606 3164 1752 2125 4337 3960 3253 1026 2298 2836 944 2706 3379 2539 2345 4690 3991 1698 2898 1997 1752 2731 3714 226 2922 644 1045 4975 2270 1835 3014 4628 3183 2033 
66 3000 6535 3044 5838 6595 5521 3037 1641 5727 6844 1532 2316 320 5442 6468 5806 1791 4213 4214 3008 4776 3835 2814 6674 2159 4777 4274 4225 6498 6515 2894 2394 1705 6096 2569 5382 7430 5541 6578 5580 2107 6234 4069 4814 3517 5375 4653 6601 3070 796 3824 1998 1569 2792 5768 3590 5770 5534 280 1259 3616 6497 2729 2723 6942 2604 0 1624 5765 1475 4305 4273 4615 5333 3412 3996 313 1677 2906 5979 4029 4919 5637 6080 3424 5435 1201 2796 1910 5591 2700 4718 3198 1900 5186 4002 4324 5618 4456 2876 4637 
67 3000 5092 2383 4275 5295 4741 3533 2149 4293 6427 2651 1341 1908 4333 4890 4894 2416 5029 4670 2209 4582 2846 1195 5517 565 4884 4399 4479 5212 4937 3485 1505 2075 4513 1392 4085 6779 4964 5356 4001 2135 4703 4436 4283 2763 5439 3683 6248 1532 1037 4772 907 1431 1833 4150 4240 5545 5100 1463 364 2009 6003 1316 1804 5941 2606 1624 0 5545 2569 3490 2650 3053 4325 3624 2917 1511 2051 1378 5621 4827 4503 4103 5024 2496 5433 728 3674 286 4431 2803 3591 3241 2540 3562 4671 3809 5365 2841 1252 4419 
68 3000 5264 3197 5857 4469 2023 3074 4147 4876 1245 4697 6864 5695 3270 6347 2527 4071 3481 2425 3425 991 3231 5528 3806 5364 1343 1699 1957 4360 6376 3293 4072 4063 6201 6823 4070 2277 1302 4071 5903 7548 5766 2273 1499 2940 997 2846 926 6395 6034 3900 6441 4335 7318 6608 3095 17 812 5929 5553 5536 1192 4735 7305 3243 3164 5765 5545 0 4686 2544 6289 5374 2877 2476 3396 6001 4090 5031 519 3422 1147 5519 3157 3339 777 5069 3844 5579 3501 3068 3362 2574 3997 6526 3045 1841 199 6594 5642 1141 
69 3000 6647 2659 6226 6489 4908 1699 810 5862 5860 84 3637 1238 5167 6878 5301 694 2738 2825 2760 3736 3600 3571 6385 2936 3539 3056 2934 6379 6924 1517 2430 975 6533 3829 5338 6610 4748 6372 6025 3583 6531 2726 4037 3112 4135 4298 5581 4097 2170 2356 3252 1492 4141 6373 2150 4694 4624 1744 2268 4258 5586 3153 4082 6468 1752 1475 2569 4686 0 3837 5051 5058 4959 2215 3831 1788 968 3448 4989 2555 4037 5965 5707 3201 4231 1859 1323 2827 5365 1727 4524 2162 719 5871 2547 3582 4568 5291 3669 3626 
70 3000 3269 1263 3493 2809 1254 2973 3048 2652 3078 3892 4687 4372 1396 4063 1503 3150 4325 3327 1322 1895 728 3140 2564 3147 2700 2480 2794 2691 4099 3145 2020 2894 3847 4571 1886 3292 1556 2600 3477 5622 3528 3018 1045 788 2980 532 2976 3995 4267 4468 4303 2740 5080 4142 3530 2536 1847 4366 3625 3022 2607 2389 5084 2657 2125 4305 3490 2544 3837 0 3749 2847 1128 2419 854 4440 2909 2625 2401 4160 1406 3154 1870 996 2848 3262 3763 3430 1629 2235 995 2050 3157 4001 3788 824 2345 4053 3244 1752 
71 3000 3266 3437 2055 3894 4690 5474 4419 2641 6736 5135 2637 4559 3663 2531 4536 4684 7071 6395 3164 5535 3063 1490 4467 2151 6178 5798 6012 3862 2574 5514 2890 4287 2157 2306 2964 6632 5236 4164 1727 3942 2579 6101 4793 3462 6595 3553 6684 1394 3606 6952 2596 3612 2642 1584 6211 6282 5587 4094 3014 858 6238 2000 2705 5196 4337 4273 2650 6289 5051 3749 0 1193 3897 5276 2895 4134 4273 1655 6138 6869 5144 2059 4315 3041 6503 3241 5899 2364 3601 4564 3125 4811 4789 945 6608 4478 6089 307 1408 5372 
72 3000 2188 2904 1224 2719 3623 5097 4319 1483 5688 5139 3492 4854 2514 1856 3410 4558 6670 5857 2652 4725 2258 1902 3273 2488 5463 5146 5405 2681 1903 5183 2657 4164 1490 3202 1777 5496 4228 2973 974 4776 1659 5549 3879 2774 5808 2544 5668 2290 4089 6641 3325 3565 3623 1395 5807 5364 4623 4497 3398 1108 5185 1930 3673 4009 3960 4615 3053 5374 5058 2847 1193 0 2783 4770 2029 4552 4158 1708 5161 6476 4250 1063 3141 2382 5689 3446 5664 2795 2430 4174 2062 4306 4642 1154 6168 3644 5175 1431 1894 4572 
73 3000 2418 2336 3016 1768 892 4063 4162 2004 2935 5016 5389 5428 395 3474 643 4274 5324 4271 2327 2583 1509 3712 1436 3893 3470 3371 3710 1649 3502 4246 2964 4006 3350 5216 1208 2738 1591 1497 3105 6450 2891 3974 1592 1861 3591 681 2958 4499 5203 5516 5048 3790 5718 3835 4571 2863 2065 5366 4519 3348 2432 3077 5737 1623 3253 5333 4325 2877 4959 1128 3897 2783 0 3475 1407 5439 4019 3213 2538 5173 1945 2685 753 1912 3412 4223 4871 4209 639 3360 806 3144 4285 3877 4787 1710 2697 4175 3794 2486 
74 3000 5671 1872 5700 5218 3106 653 1771 5000 3675 2223 4956 3293 3797 6321 3602 1640 1937 1121 2136 1559 2624 4065 4876 3654 1365 863 858 5099 6362 871 2445 1732 6049 5011 4279 4515 2746 4973 5606 5370 5835 839 2119 2044 1963 2951 3383 4864 3829 2049 4521 2215 5456 6164 1112 2485 2515 3614 3512 4420 3447 3326 5423 4722 1026 3412 3624 2476 2215 2419 5276 4770 3475 0 2893 3680 1760 3679 2812 1759 1992 5377 4143 2396 2034 2988 1493 3756 4039 821 3375 467 1550 5845 1412 1791 2369 5573 4186 1477 
75 3000 2869 1200 2815 2664 1939 3339 3020 2136 3898 3898 4007 4121 1450 3429 1993 3187 4830 3920 1072 2697 269 2374 2678 2492 3441 3149 3431 2557 3469 3473 1602 2856 3168 3854 1513 3992 2377 2593 2749 5043 2945 3608 1898 855 3779 791 3814 3206 3810 4890 3652 2505 4361 3371 3988 3389 2697 4004 3118 2177 3413 1684 4374 3025 2298 3996 2917 3396 3831 854 2895 2029 1407 2893 0 4075 2862 1861 3250 4648 2254 2488 2118 629 3663 2848 4044 2804 1596 2471 723 2455 3228 3179 4304 1617 3197 3199 2468 2542 
76 3000 6529 3187 5776 6635 5672 3328 1909 5722 7058 1846 2048 607 5526 6397 5933 2076 4525 4510 3127 5009 3931 2706 6752 2068 5044 4541 4504 6542 6444 3192 2477 1957 6021 2318 5419 7611 5726 6639 5508 1795 6190 4357 5001 3653 5641 4762 6823 2881 554 4138 1758 1733 2511 5658 3895 6005 5740 74 1155 3520 6699 2710 2439 7055 2836 313 1511 6001 1788 4440 4134 4552 5439 3680 4075 0 1929 2852 6198 4341 5123 5591 6179 3526 5695 1231 3108 1789 5664 2947 4794 3446 2190 5060 4308 4509 5849 4300 2757 4867 
77 3000 5682 1699 5301 5522 4033 1511 163 4901 5190 1038 3316 1614 4212 5953 4394 411 2978 2686 1791 3103 2634 2841 5437 2267 3119 2616 2602 5413 5999 1439 1503 28 5616 3429 4369 5839 3953 5413 5114 3614 5586 2491 3227 2161 3714 3350 4938 3494 2075 2746 2890 671 3828 5505 2194 4095 3897 1861 1853 3444 4865 2302 3784 5558 944 1677 2051 4090 968 2909 4273 4158 4019 1760 2862 1929 0 2627 4321 2775 3287 5030 4771 2233 3765 1338 1655 2253 4405 1022 3559 1521 519 5039 2625 2749 3946 4535 2951 2968 
78 3000 3715 1923 2931 3962 3799 3832 2777 2918 5701 3532 2185 3147 3141 3563 3833 3039 5427 4800 1657 4166 1900 516 4259 820 4699 4278 4458 3885 3610 3864 1249 2639 3193 2002 2770 5853 4181 4063 2677 3337 3337 4515 3597 2090 5173 2650 5582 1374 2414 5298 1879 1977 2506 2935 4570 5027 4432 2795 1705 817 5232 353 2523 4778 2706 2906 1378 5031 3448 2625 1655 1708 3213 3679 1861 2852 2627 0 4983 5224 3899 2738 3847 1696 5112 1743 4244 1152 3197 2933 2422 3222 3140 2423 4975 3191 4835 1932 619 3998 
79 3000 4875 3240 5551 4043 1653 3439 4394 4542 872 5008 6914 5935 2921 6010 2115 4346 3970 2895 3442 1255 3120 5491 3348 5390 1811 2107 2396 3937 6036 3660 4122 4295 5887 6847 3746 1789 951 3630 5621 7675 5423 2717 1386 2919 1515 2616 630 6357 6187 4370 6501 4494 7350 6340 3533 501 554 6125 5662 5423 690 4710 7343 2746 3379 5979 5621 519 4989 2401 6138 5161 2538 2812 3250 6198 4321 4983 0 3900 1117 5216 2730 3290 1294 5199 4239 5628 3139 3314 3111 2837 4283 6304 3516 1821 489 6439 5601 1364 
