FILE: 2811EuclS.txt
100 100 0 
1 3000 0 2166 2933 5118 2683 2756 2769 2169 2632 1514 5005 2595 5747 3291 5059 4257 4002 2850 3700 3577 5572 4246 3994 3650 1118 2801 5368 4981 2402 3386 4614 2731 2230 2082 5062 5585 5402 3167 2957 2653 2433 3423 2011 3637 1834 3887 1592 5184 2603 2287 2308 2994 3600 1922 4673 1040 2822 3335 776 4824 1656 3856 2273 2204 4777 985 953 4060 3271 4543 3675 1534 2871 468 1619 3066 4161 818 2042 1990 3123 1795 3908 1134 4434 2609 5794 5238 1814 3241 3025 1038 1826 1134 2181 2329 3350 1327 3392 4213 
2 3000 2166 0 3864 3963 4573 890 2178 241 3859 2257 3112 615 3635 2753 3229 2822 2571 3965 4029 3082 3505 3017 3376 3475 1794 2781 3203 2968 2877 2289 2926 3946 3195 316 2953 3419 3890 1317 1486 877 4189 3311 429 1526 2968 4423 2316 3930 1930 2435 2463 4038 1452 331 2582 3205 3917 1986 1448 2661 1236 4477 725 1067 3291 2534 2723 3819 1252 2635 4055 2213 3657 1705 3715 3786 2674 1359 3708 459 2609 3701 2284 3129 2438 2593 4708 3392 1467 1085 4642 2715 3906 2709 53 1227 2420 3044 3686 2295 
3 3000 2933 3864 0 7691 4907 3723 2270 3679 5444 1670 6944 3804 6326 6060 7079 6634 6375 5687 1156 2227 6004 6754 6769 1811 3964 5679 6512 6726 5331 2969 4447 5539 5142 4029 5733 6640 7738 5181 5253 3594 4897 6309 4047 5257 4739 1068 4515 7701 5268 1533 1511 234 4750 3537 5353 3051 5667 3276 2892 6051 2628 982 4429 4583 7127 3884 3766 6939 5090 4798 1078 1698 5786 3102 2551 5983 3847 3241 4673 3418 2165 4220 3908 2250 4910 1576 8418 5189 4471 4523 5536 3879 3874 3999 3913 4754 5969 4076 1069 4587 
4 3000 5118 3963 7691 0 5948 4556 6124 4194 4427 6021 2147 4317 5209 1946 1923 1208 1423 4284 7985 6995 5401 947 1415 7426 4018 2661 4027 2645 3303 6072 6015 4437 3929 3723 4844 4260 960 2755 2480 4631 5446 2311 3679 3201 4142 8362 3779 246 2514 6371 6399 7830 4025 4252 4757 5834 4239 5684 4840 3779 5138 8403 3294 3108 965 4600 4863 1983 3026 5401 8008 5993 3706 4754 6627 3621 6087 4515 5056 4418 6544 5460 5651 6244 5052 6552 746 6047 3313 3928 5437 4757 5973 4643 3910 2937 1769 4886 7641 5177 
5 3000 2683 4573 4907 5948 0 5326 5425 4659 1567 4027 6716 5117 8200 4052 6683 5574 5376 1776 5946 6168 8079 5353 4541 6139 2817 3311 7605 6866 2669 6068 7273 1588 2029 4371 7522 7850 6593 5124 4683 5243 502 3659 4262 5798 1914 5974 2517 6112 3876 4832 4848 4851 6009 4424 7155 1929 1807 6015 3419 7065 4336 5887 4347 4076 6040 2040 1861 4158 5362 7142 5895 4066 2306 3014 2381 2449 6840 3299 955 4544 5746 895 6569 2691 6989 5158 6419 7865 3461 5641 813 1859 1034 1868 4569 4099 4464 1530 5702 6804 
6 3000 2756 890 3723 4556 5326 0 1656 708 4721 2326 3304 284 3016 3575 3472 3360 3133 4838 3630 2456 2819 3634 4155 2932 2625 3660 2860 3027 3767 1521 2042 4810 4069 1200 2336 3028 4318 1801 2170 132 4974 4170 1318 1588 3821 4076 3184 4485 2777 2194 2218 3928 1038 914 1938 3780 4791 1159 1980 2360 1304 4159 1553 1925 3769 3308 3465 4650 1562 1815 3675 2270 4544 2340 4152 4675 1788 2029 4504 782 2037 4437 1394 3533 1679 2242 5300 2552 2358 806 5462 3476 4571 3489 926 2070 3178 3812 3305 1477 
7 3000 2769 2178 2270 6124 5425 1656 0 1940 5296 1491 4957 1839 4059 4874 5128 4954 4713 5477 1980 929 3745 5183 5529 1302 3266 4756 4278 4661 4660 772 2267 5393 4755 2457 3463 4391 5957 3396 3659 1549 5202 5347 2533 3242 4411 2440 3905 6076 4033 838 846 2498 2599 1933 3086 3564 5440 1010 2155 3846 1262 2536 2892 3188 5390 3661 3704 5909 3199 2540 2030 1438 5343 2568 3594 5512 1685 2438 4805 1745 438 4552 1660 2997 2640 693 6871 3003 3382 2447 5792 3768 4478 3837 2231 3362 4589 4083 1665 2318 
8 3000 2169 241 3679 4194 4659 708 1940 0 4013 2102 3272 461 3585 2992 3400 3044 2795 4130 3806 2841 3431 3249 3617 3238 1922 3002 3234 3098 3071 2053 2750 4102 3361 547 2900 3438 4098 1517 1721 670 4291 3541 651 1635 3114 4208 2475 4157 2165 2226 2253 3859 1433 246 2517 3209 4083 1760 1418 2698 1057 4266 966 1302 3505 2627 2799 4055 1412 2502 3835 2055 3843 1723 3672 3978 2469 1389 3816 264 2370 3777 2092 3073 2331 2371 4940 3250 1668 1080 4765 2801 3949 2806 293 1465 2661 3135 3465 2162 
9 3000 2632 3859 5444 4427 1567 4721 5296 4013 0 4146 5419 4465 7322 2595 5353 4183 4013 261 6314 6162 7267 3911 3012 6276 2112 1863 6560 5642 1270 5797 6760 98 694 3587 6673 6818 5131 4040 3522 4670 1091 2118 3466 4786 906 6460 1542 4605 2618 4910 4933 5455 5176 3818 6343 2468 266 5637 3140 6043 4058 6409 3419 3074 4614 1657 1698 2593 4336 6492 6282 4166 740 2730 3225 885 6427 2878 900 3983 5687 1443 6085 3240 6276 5228 4866 7250 2472 4823 1027 1599 1999 1498 3837 3038 3077 1368 6015 6152 
10 3000 1514 2257 1670 6021 4027 2326 1491 2102 4146 0 5368 2326 5240 4410 5486 4974 4714 4362 2217 2143 4978 5085 5116 2147 2382 4078 5186 5199 3799 2237 3676 4245 3719 2386 4584 5353 6089 3559 3592 2194 3863 4706 2393 3730 3332 2466 2983 6033 3606 805 822 1814 3357 1925 4185 2117 4333 2348 1245 4680 1058 2466 2772 2912 5473 2495 2460 5326 3507 3812 2203 59 4353 1527 2105 4542 3128 1601 3519 1838 1741 3187 3005 1507 3817 1132 6747 4386 2817 3070 4482 2550 3039 2648 2301 3083 4300 2824 1895 3528 
11 3000 5005 3112 6944 2147 6716 3304 4957 3272 5419 5368 0 3161 3090 2918 241 1352 1440 5371 6934 5694 3317 1766 2898 6208 4119 3584 1891 511 4149 4667 4207 5466 4766 3028 2805 2116 1367 1854 2092 3418 6231 3607 3058 1716 4804 7378 4216 1936 2842 5451 5477 7129 2430 3443 2804 5957 5319 4247 4442 1723 4329 7457 2740 2821 1211 4894 5156 3623 1861 3542 6979 5323 4828 4549 6624 4827 4424 4219 5761 3536 5318 6005 4013 6100 3190 5536 2704 4088 3355 2512 6432 5085 6403 5010 3069 2729 2364 5331 6609 3394 
12 3000 2595 615 3804 4317 5117 284 1839 461 4465 2326 3161 0 3152 3293 3316 3129 2896 4576 3791 2680 2983 3387 3879 3133 2381 3376 2886 2921 3491 1782 2310 4553 3806 920 2467 3074 4117 1567 1904 317 4752 3885 1039 1455 3569 4223 2924 4254 2492 2293 2318 4000 1054 693 2078 3631 4528 1434 1828 2366 1273 4298 1268 1641 3554 3087 3257 4368 1360 2041 3830 2273 4272 2161 4050 4400 2072 1836 4277 607 2241 4233 1674 3439 1871 2377 5062 2791 2081 744 5226 3260 4393 3267 647 1785 2904 3595 3459 1700 
13 3000 5747 3635 6326 5209 8200 3016 4059 3585 7322 5240 3090 3152 0 5354 3329 4181 4116 7373 5803 4330 394 4614 5629 4898 5390 5792 1208 2579 6153 3376 2057 7398 6629 3829 685 1028 4451 3350 3916 3134 7796 6080 3940 2573 6485 6297 5815 5013 4839 4858 4873 6555 2190 3831 1077 6783 7321 3050 4980 1464 4295 6430 3910 4247 4246 6161 6358 6319 3015 1538 5879 5181 6945 5308 7166 7019 2601 4974 7309 3758 4197 7334 2429 6544 1430 4752 5795 1475 4855 2558 8202 6345 7534 6331 3635 4292 4783 6670 5564 1743 
14 3000 3291 2753 6060 1946 4052 3575 4874 2992 2595 4410 2918 3293 5354 0 2815 1609 1478 2504 6538 5799 5409 1315 710 6134 2173 741 4371 3227 1382 5042 5454 2625 2022 2445 4796 4635 2544 2069 1514 3599 3549 730 2353 2823 2202 6855 1846 2081 841 4912 4941 6169 3500 2946 4560 3916 2453 4723 3169 3925 3703 6869 2034 1693 2018 2673 2931 1077 2427 4977 6544 4394 1938 2989 4723 1917 5335 2818 3134 3140 5312 3519 4912 4388 4673 5151 2545 5724 1593 3241 3623 2821 4027 2704 2705 1527 583 2940 6195 4674 
15 3000 5059 3229 7079 1923 6683 3472 5128 3400 5353 5486 241 3316 3329 2815 0 1218 1343 5293 7101 5882 3558 1610 2745 6389 4139 3503 2128 752 4086 4861 4437 5396 4711 3124 3047 2349 1125 1941 2117 3583 6193 3487 3146 1887 4769 7539 4199 1707 2808 5598 5624 7260 2629 3560 3041 5992 5241 4442 4524 1965 4456 7614 2811 2861 1008 4902 5166 3468 1989 3774 7143 5442 4742 4609 6677 4732 4641 4286 5729 3663 5497 5994 4227 6166 3422 5693 2466 4327 3368 2690 6371 5091 6407 5010 3184 2756 2280 5325 6772 3619 
16 3000 4257 2822 6634 1208 5574 3360 4954 3044 4183 4974 1352 3129 4181 1609 1218 0 261 4107 6850 5809 4327 437 1549 6255 3224 2320 3056 1748 2929 4871 4822 4219 3566 2612 3744 3310 1145 1562 1382 3440 5076 2268 2587 2001 3669 7245 3158 1125 1758 5254 5282 6788 2822 3128 3616 5097 4055 4479 3858 2719 4033 7295 2204 2098 519 3925 4193 2275 1818 4223 6877 4941 3546 3845 5842 3526 4880 3563 4630 3281 5367 4944 4444 5391 3878 5414 1944 4893 2459 2719 5208 4104 5399 4008 2770 1946 1112 4300 6508 3986 
17 3000 4002 2571 6375 1423 5376 3133 4713 2795 4013 4714 1440 2896 4116 1478 1343 261 0 3950 6600 5576 4241 537 1533 6015 2978 2159 3027 1778 2750 4649 4655 4054 3381 2356 3647 3286 1403 1332 1122 3209 4880 2171 2328 1831 3465 6992 2935 1363 1530 5001 5029 6528 2644 2874 3495 4851 3898 4262 3597 2652 3777 7040 1945 1837 776 3689 3958 2250 1609 4071 6626 4681 3398 3587 5591 3391 4689 3303 4427 3030 5129 4726 4252 5135 3731 5164 2166 4759 2209 2518 5035 3871 5172 3778 2518 1687 937 4076 6258 3822 
18 3000 2850 3965 5687 4284 1776 4838 5477 4130 261 4362 5371 4576 7373 2504 5293 4107 3950 0 6541 6354 7332 3814 2870 6483 2256 1790 6577 5615 1248 5958 6880 195 769 3683 6732 6837 5019 4063 3530 4793 1320 1973 3561 4820 1067 6696 1655 4470 2610 5117 5140 5701 5247 3944 6412 2725 53 5784 3324 6068 4231 6648 3488 3131 4520 1867 1929 2407 4371 6590 6512 4380 579 2921 3486 682 6565 3047 1160 4115 5876 1703 6213 3492 6364 5432 4695 7352 2545 4900 1154 1825 2258 1717 3940 3080 3013 1612 6239 6252 
19 3000 3700 4029 1156 7985 5946 3630 1980 3806 6314 2217 6934 3791 5803 6538 7101 6850 6600 6541 0 1476 5447 7038 7231 919 4593 6269 6193 6642 6015 2464 3795 6411 5926 4262 5282 6280 7893 5314 5505 3517 5885 6893 4312 5218 5533 493 5200 7959 5707 1629 1600 1329 4575 3733 4936 4039 6516 2854 3434 5793 2860 635 4694 4927 7309 4684 4615 7502 5148 4270 92 2214 6563 3744 3643 6754 3213 3786 5609 3570 1670 5200 3392 3255 4455 1435 8728 4514 4956 4427 6522 4716 4912 4825 4081 5104 6349 4958 344 4128 
20 3000 3577 3082 2227 6995 6168 2456 929 2841 6162 2143 5694 2680 4330 5799 5882 5809 5576 6354 1476 0 3971 6061 6448 569 4171 5685 4775 5352 5577 1050 2321 6260 5646 3370 3825 4844 6771 4247 4551 2369 5988 6276 3452 4000 5291 1969 4811 6934 4958 1340 1326 2459 3274 2854 3491 4259 6318 1468 3033 4409 2178 2108 3803 4110 6225 4512 4528 6837 4018 2801 1555 2102 6245 3433 4142 6418 1736 3336 5618 2662 493 5320 1935 3597 3003 1020 7741 3046 4311 3195 6596 4602 5181 4682 3134 4282 5501 4904 1271 2679 
21 3000 5572 3505 6004 5401 8079 2819 3745 3431 7267 4978 3317 2983 394 5409 3558 4327 4241 7332 5447 3971 0 4754 5729 4536 5286 5804 1482 2806 6129 3041 1678 7346 6577 3723 613 1345 4684 3366 3936 2929 7690 6129 3839 2593 6412 5941 5743 5215 4845 4557 4570 6235 2093 3673 927 6599 7280 2734 4798 1622 4067 6076 3847 4200 4435 6039 6225 6404 3018 1205 5524 4919 6926 5144 6946 7011 2236 4818 7206 3583 3860 7203 2095 6322 1164 4435 6013 1081 4795 2454 8119 6220 7376 6214 3511 4261 4849 6550 5216 1452 
22 3000 4246 3017 6754 947 5353 3634 5183 3249 3911 5085 1766 3387 4614 1315 1610 437 537 3814 7038 6061 4754 0 1135 6485 3169 2053 3494 2180 2686 5154 5192 3939 3327 2776 4166 3747 1243 1838 1533 3703 4852 1912 2733 2369 3472 7416 3018 951 1661 5424 5452 6897 3180 3305 4025 5024 3764 4774 3920 3150 4191 7457 2347 2173 707 3816 4084 1858 2134 4608 7060 5055 3243 3860 5795 3204 5219 3604 4423 3471 5605 4773 4782 5379 4267 5605 1691 5293 2431 3045 4938 3986 5254 3881 2964 2006 931 4154 6694 4359 
23 3000 3994 3376 6769 1415 4541 4155 5529 3617 3012 5116 2898 3879 5629 710 2745 1549 1533 2870 7231 6448 5729 1135 0 6802 2877 1303 4560 3293 1927 5651 5946 3022 2535 3079 5124 4819 2197 2507 2005 4193 4041 896 2996 3200 2780 7555 2511 1602 1523 5603 5631 6879 3948 3595 4931 4582 2824 5313 3878 4169 4385 7572 2651 2341 1800 3336 3587 725 2858 5424 7239 5099 2291 3698 5397 2211 5878 3527 3666 3785 5966 4095 5447 5082 5102 5834 1908 6150 2299 3731 4022 3473 4625 3350 3326 2167 979 3559 6887 5140 
24 3000 3650 3475 1811 7426 6139 2932 1302 3238 6276 2147 6208 3133 4898 6134 6389 6255 6015 6483 919 569 4536 6485 6802 0 4371 5961 5339 5881 5797 1605 2878 6374 5806 3745 4395 5412 7248 4696 4959 2834 6003 6568 3815 4502 5433 1410 5005 7377 5292 1366 1343 2033 3802 3216 4060 4210 6451 2016 3205 4965 2442 1555 4182 4463 6688 4619 4602 7149 4489 3371 1003 2120 6423 3578 3985 6604 2300 3534 5666 3034 895 5323 2504 3490 3572 1052 8173 3595 4600 3699 6626 4688 5125 4780 3528 4638 5875 4970 770 3248 
25 3000 1118 1794 3964 4018 2817 2625 3266 1922 2112 2382 4119 2381 5390 2173 4139 3224 2978 2256 4593 4171 5286 3169 2877 4371 0 1716 4799 4177 1428 3706 4655 2205 1504 1563 4716 5040 4360 2371 2026 2566 2406 2345 1450 2996 1206 4846 639 4095 1510 3032 3059 4050 3201 1714 4359 1873 2213 3528 1171 4256 2005 4837 1539 1318 3741 804 1049 2977 2570 4422 4583 2381 2076 863 2625 2247 4315 838 1920 1873 3682 1982 3975 2228 4232 3324 4683 5172 774 2835 2847 999 2303 956 1782 1390 2255 1298 4263 4081 
26 3000 2801 2781 5679 2661 3311 3660 4756 3002 1863 4078 3584 3376 5792 741 3503 2320 2159 1790 6269 5685 5804 2053 1303 5961 1716 0 4893 3848 644 5036 5644 1899 1281 2465 5192 5156 3285 2443 1876 3657 2808 629 2352 3219 1483 6545 1241 2810 960 4669 4697 5766 3790 2897 4915 3297 1738 4762 2837 4411 3522 6542 2122 1741 2752 2054 2297 1261 2786 5235 6265 4071 1245 2577 4118 1264 5448 2483 2399 3093 5192 2802 5045 3843 4960 4937 3210 5997 1376 3485 2890 2180 3325 2055 2740 1617 1223 2256 5932 4913 
27 3000 5368 3203 6512 4027 7605 2860 4278 3234 6560 5186 1891 2886 1208 4371 2128 3056 3027 6577 6193 4775 1482 3494 4560 5339 4799 4893 0 1383 5331 3736 2769 6627 5867 3308 1108 264 3246 2521 3048 2992 7164 5101 3399 1806 5784 6677 5124 3823 3976 4983 5003 6729 1834 3474 1317 6405 6524 3338 4645 546 4151 6790 3260 3536 3070 5600 5827 5270 2246 2103 6257 5130 6101 4904 6907 6151 3174 4555 6674 3463 4525 6781 2859 6307 1811 4955 4594 2421 4157 2158 7502 5792 7058 5756 3186 3538 3788 6097 5910 2116 
28 3000 4981 2968 6726 2645 6866 3027 4661 3098 5642 5199 511 2921 2579 3227 752 1748 1778 5615 6642 5352 2806 2180 3293 5881 4177 3848 1383 0 4374 4311 3750 5695 4970 2936 2302 1615 1878 1822 2185 3150 6392 3940 2985 1472 4968 7098 4349 2440 3028 5211 5235 6920 2079 3294 2321 5968 5562 3889 4364 1223 4145 7185 2710 2859 1694 4972 5226 4017 1730 3078 6691 5151 5091 4516 6594 5108 4001 4175 5912 3361 5000 6115 3603 6044 2729 5269 3216 3596 3437 2221 6637 5166 6480 5102 2931 2796 2652 5432 6324 2952 
29 3000 2402 2877 5331 3303 2669 3767 4660 3071 1270 3799 4149 3491 6153 1382 4086 2929 2750 1248 6015 5577 6129 2686 1927 5797 1428 644 5331 4374 0 5032 5799 1321 641 2573 5523 5592 3923 2823 2283 3742 2167 1125 2453 3588 856 6252 819 3454 1361 4461 4488 5396 4061 2921 5217 2752 1195 4802 2600 4826 3399 6234 2315 1941 3379 1537 1754 1743 3140 5453 6002 3800 798 2271 3577 909 5540 2262 1755 3108 5085 2168 5160 3362 5205 4751 3835 6218 1409 3727 2285 1632 2701 1501 2844 1867 1818 1658 5688 5120 
30 3000 3386 2289 2969 6072 6068 1521 772 2053 5797 2237 4667 1782 3376 5042 4861 4871 4649 5958 2464 1050 3041 5154 5651 1605 3706 5036 3736 4311 5032 0 1501 5893 5210 2601 2824 3816 5786 3318 3686 1464 5809 5590 2702 2992 4895 2953 4333 5994 4219 1608 1614 3202 2238 2138 2472 4255 5917 421 2694 3360 1756 3075 3009 3355 5261 4208 4286 6109 3057 1839 2532 2181 5762 3116 4341 5917 914 2921 5388 1943 821 5182 947 3735 1994 1422 6814 2241 3672 2193 6376 4335 5155 4390 2337 3517 4681 4663 2200 1667 
31 3000 4614 2926 4447 6015 7273 2042 2267 2750 6760 3676 4207 2310 2057 5454 4437 4822 4655 6880 3795 2321 1678 5192 5946 2878 4655 5644 2769 3750 5799 1501 0 6850 6111 3225 1682 2760 5505 3440 3953 2090 6956 6107 3346 2824 5858 4287 5226 5880 4717 3105 3113 4681 2015 2942 1471 5572 6834 1331 3856 2577 2969 4429 3522 3906 5093 5297 5427 6525 3096 679 3876 3618 6582 4259 5759 6709 599 3990 6499 2784 2281 6378 706 5140 1021 2921 6716 742 4389 2217 7471 5453 6435 5481 2956 4027 4976 5789 3585 837 
32 3000 2731 3946 5539 4437 1588 4810 5393 4102 98 4245 5466 4553 7398 2625 5396 4219 4054 195 6411 6260 7346 3939 3022 6374 2205 1899 6627 5695 1321 5893 6850 0 769 3672 6750 6885 5154 4108 3585 4761 1126 2126 3551 4857 1000 6555 1629 4618 2676 5008 5031 5548 5256 3909 6423 2556 218 5732 3238 6112 4155 6504 3498 3150 4644 1755 1796 2582 4407 6578 6379 4264 735 2829 3307 862 6520 2975 971 4075 5786 1514 6176 3331 6360 5326 4863 7337 2551 4905 1003 1697 2066 1596 3924 3110 3117 1462 6113 6239 
33 3000 2230 3195 5142 3929 2029 4069 4755 3361 694 3719 4766 3806 6629 2022 4711 3566 3381 769 5926 5646 6577 3327 2535 5806 1504 1281 5867 4970 641 5210 6111 769 0 2914 5981 6125 4565 3346 2833 4025 1527 1682 2793 4091 403 6116 888 4087 1942 4445 4469 5180 4488 3177 5655 2342 722 5025 2614 5349 3499 6082 2730 2381 4020 1258 1401 2253 3642 5822 5903 3731 643 2228 3157 841 5801 2317 1130 3350 5162 1586 5445 3037 5598 4753 4436 6583 1784 4139 1668 1280 2140 1152 3171 2343 2454 1190 5612 5483 
34 3000 2082 316 4029 3723 4371 1200 2457 547 3587 2386 3028 920 3829 2445 3124 2612 2356 3683 4262 3370 3723 2776 3079 3745 1563 2465 3308 2936 2573 2601 3225 3672 2914 0 3153 3536 3709 1184 1244 1192 3969 2995 121 1555 2706 4641 2045 3704 1617 2649 2677 4191 1639 531 2796 3107 3634 2303 1428 2762 1421 4686 437 754 3098 2334 2541 3508 1206 2907 4284 2348 3358 1613 3673 3483 2987 1263 3483 711 2892 3513 2594 3110 2691 2830 4466 3668 1164 1272 4399 2521 3755 2503 275 918 2132 2842 3918 2569 
35 3000 5062 2953 5733 4844 7522 2336 3463 2900 6673 4584 2805 2467 685 4796 3047 3744 3647 6732 5282 3825 613 4166 5124 4395 4716 5192 1108 2302 5523 2824 1682 6750 5981 3153 0 1077 4168 2752 3322 2455 7123 5515 3266 1979 5826 5774 5156 4667 4233 4240 4257 5959 1515 3146 399 6098 6681 2465 4295 1082 3622 5899 3254 3601 3880 5482 5677 5795 2406 1045 5353 4526 6319 4623 6487 6402 2143 4289 6636 3073 3641 6654 1891 5867 830 4156 5478 1322 4201 1881 7538 5666 6849 5654 2954 3657 4238 5992 5024 1157 
36 3000 5585 3419 6640 4260 7850 3028 4391 3438 6818 5353 2116 3074 1028 4635 2349 3310 3286 6837 6280 4844 1345 3747 4819 5412 5040 5156 264 1615 5592 3816 2760 6885 6125 3536 1077 0 3459 2778 3309 3159 7413 5364 3630 2053 6037 6767 5375 4052 4237 5117 5137 6860 2020 3681 1355 6624 6784 3429 4854 784 4328 6885 3503 3786 3308 5839 6063 5531 2497 2112 6346 5296 6363 5123 7110 6414 3203 4775 6922 3660 4617 7021 2914 6506 1849 5074 4812 2347 4407 2358 7756 6031 7290 5997 3404 3792 4052 6339 6005 2167 
37 3000 5402 3890 7738 960 6593 4318 5957 4098 5131 6089 1367 4117 4451 2544 1125 1145 1403 5019 7893 6771 4684 1243 2197 7248 4360 3285 3246 1878 3923 5786 5505 5154 4565 3709 4168 3459 0 2581 2507 4414 6091 3069 3696 2801 4716 8305 4253 713 2871 6324 6351 7899 3605 4209 4145 6229 4971 5376 4996 3086 5120 8364 3319 3239 626 5040 5308 2854 2758 4855 7926 6054 4442 4990 6982 4385 5663 4706 5665 4347 6353 6016 5237 6536 4502 6462 1357 5437 3600 3593 6156 5214 6492 5113 3839 3090 2166 5392 7555 4675 
38 3000 3167 1317 5181 2755 5124 1801 3396 1517 4040 3559 1854 1567 3350 2069 1941 1562 1332 4063 5314 4247 3366 1838 2507 4696 2371 2443 2521 1822 2823 3318 3440 4108 3346 1184 2752 2778 2581 0 570 1878 4668 2774 1205 776 3271 5724 2618 2687 1490 3744 3771 5352 1443 1644 2495 4146 4010 2935 2588 2005 2553 5783 893 1055 1997 3173 3420 3114 358 2922 5346 3519 3606 2705 4784 3673 3406 2370 4180 1770 3806 4335 2970 4249 2609 3881 3498 3660 1663 1234 4984 3367 4674 3312 1268 1027 1547 3649 4975 2633 
39 3000 2957 1486 5253 2480 4683 2170 3659 1721 3522 3592 2092 1904 3916 1514 2117 1382 1122 3530 5505 4551 3936 1533 2005 4959 2026 1876 3048 2185 2283 3686 3953 3585 2833 1244 3322 3309 2507 570 0 2222 4213 2208 1209 1345 2795 5886 2165 2460 931 3894 3922 5406 1986 1771 3063 3875 3477 3329 2492 2547 2664 5930 824 753 1885 2804 3064 2574 922 3463 5528 3559 3056 2519 4570 3115 3872 2215 3730 1938 4087 3933 3441 4078 3159 4071 3224 4210 1264 1735 4489 2996 4314 2925 1433 639 1027 3252 5161 3163 
40 3000 2653 877 3594 4631 5243 132 1549 670 4670 2194 3418 317 3134 3599 3583 3440 3209 4793 3517 2369 2929 3703 4193 2834 2566 3657 2992 3150 3742 1464 2090 4761 4025 1192 2455 3159 4414 1878 2222 0 4898 4180 1306 1703 3768 3960 3138 4565 2791 2067 2090 3798 1171 852 2057 3673 4747 1124 1877 2492 1176 4040 1568 1933 3858 3232 3382 4672 1655 1900 3560 2138 4513 2246 4032 4649 1799 1943 4431 702 1939 4351 1422 3412 1781 2121 5376 2626 2337 931 5394 3397 4473 3414 917 2084 3219 3733 3190 1565 
41 3000 2433 4189 4897 5446 502 4974 5202 4291 1091 3863 6231 4752 7796 3549 6193 5076 4880 1320 5885 5988 7690 4852 4041 6003 2406 2808 7164 6392 2167 5809 6956 1126 1527 3969 7123 7413 6091 4668 4213 4898 0 3162 3857 5359 1427 5954 2052 5610 3389 4666 4684 4865 5608 4063 6764 1850 1344 5726 3125 6628 4059 5880 3915 3629 5540 1666 1532 3671 4918 6789 5840 3896 1823 2708 2451 1976 6546 2965 490 4195 5547 685 6255 2648 6620 4993 5923 7524 3009 5241 639 1503 1091 1485 4180 3641 3965 1166 5621 6449 
42 3000 3423 3311 6309 2311 3659 4170 5347 3541 2118 4706 3607 3885 6080 730 3487 2268 2171 1973 6893 6276 6129 1912 896 6568 2345 629 5101 3940 1125 5590 6107 2126 1682 2995 5515 5364 3069 2774 2208 4180 3162 0 2889 3538 1973 7173 1847 2498 1395 5288 5316 6394 4186 3458 5269 3869 1927 5297 3464 4654 4125 7171 2617 2247 2615 2638 2868 637 3130 5656 6890 4698 1394 3207 4694 1319 5951 3109 2808 3654 5784 3264 5537 4447 5362 5551 2762 6410 1969 3909 3125 2748 3810 2619 3266 2100 1312 2782 6555 5346 
43 3000 2011 429 4047 3679 4262 1318 2533 651 3466 2393 3058 1039 3940 2353 3146 2587 2328 3561 4312 3452 3839 2733 2996 3815 1450 2352 3399 2985 2453 2702 3346 3551 2793 121 3266 3630 3696 1205 1209 1306 3857 2889 0 1630 2586 4683 1924 3668 1520 2692 2720 4204 1751 599 2911 3028 3513 2411 1385 2853 1458 4724 385 659 3081 2227 2439 3410 1262 3028 4331 2357 3237 1542 3612 3362 3103 1195 3370 789 2970 3408 2712 3058 2811 2884 4419 3790 1043 1385 4282 2415 3660 2394 392 830 2060 2735 3967 2690 
44 3000 3637 1526 5257 3201 5798 1588 3242 1635 4786 3730 1716 1455 2573 2823 1887 2001 1831 4820 5218 4000 2593 2369 3200 4502 2996 3219 1806 1472 3588 2992 2824 4857 4091 1555 1979 2053 2801 776 1345 1703 5359 3538 1630 0 3988 5663 3323 3083 2265 3748 3773 5449 824 1843 1740 4659 4768 2579 2962 1269 2675 5743 1456 1734 2312 3799 4030 3843 449 2245 5262 3682 4376 3168 5222 4447 2891 2819 4869 1896 3609 4978 2458 4648 1911 3822 3918 2953 2355 804 5708 3992 5270 3952 1495 1749 2276 4293 4893 1990 
45 3000 1834 2968 4739 4142 1914 3821 4411 3114 906 3332 4804 3569 6485 2202 4769 3669 3465 1067 5533 5291 6412 3472 2780 5433 1206 1483 5784 4968 856 4895 5858 1000 403 2706 5826 6037 4716 3271 2795 3768 1427 1973 2586 3988 0 5717 670 4283 1962 4069 4093 4777 4318 2915 5485 1957 1029 4731 2258 5255 3164 5681 2575 2255 4146 856 999 2575 3541 5603 5509 3345 1046 1860 2778 1245 5521 1981 961 3078 4811 1318 5180 2638 5397 4381 4689 6359 1636 3960 1721 878 1845 749 2948 2246 2563 819 5222 5263 
46 3000 3887 4423 1068 8362 5974 4076 2440 4208 6460 2466 7378 4223 6297 6855 7539 7245 6992 6696 493 1969 5941 7416 7555 1410 4846 6545 6677 7098 6252 2953 4287 6555 6116 4641 5774 6767 8305 5724 5886 3960 5954 7173 4683 5663 5717 0 5433 8346 6034 1992 1963 1164 5040 4117 5426 4104 6674 3340 3709 6271 3224 167 5068 5279 7714 4862 4767 7791 5574 4764 421 2474 6758 3985 3619 6953 3706 4064 5713 3964 2152 5274 3884 3305 4946 1847 9102 5005 5264 4878 6593 4875 4940 4990 4475 5455 6697 5094 775 4619 
47 3000 1592 2316 4515 3779 2517 3184 3905 2475 1542 2983 4216 2924 5815 1846 4199 3158 2935 1655 5200 4811 5743 3018 2511 5005 639 1241 5124 4349 819 4333 5226 1629 888 2045 5156 5375 4253 2618 2165 3138 2052 1847 1924 3323 670 5433 0 3891 1405 3659 3685 4583 3649 2289 4817 2072 1609 4139 1800 4592 2643 5415 1905 1589 3657 826 1085 2484 2878 4949 5186 2985 1438 1456 2886 1607 4912 1476 1566 2462 4322 1795 4558 2602 4736 3956 4391 5708 968 3292 2389 977 2241 865 2294 1590 2087 1142 4874 4610 
48 3000 5184 3930 7701 246 6112 4485 6076 4157 4605 6033 1936 4254 5013 2081 1707 1125 1363 4470 7959 6934 5215 951 1602 7377 4095 2810 3823 2440 3454 5994 5880 4618 4087 3704 4667 4052 713 2687 2460 4565 5610 2498 3668 3083 4283 8346 3891 0 2585 6354 6382 7845 3907 4229 4595 5931 4424 5599 4871 3595 5125 8391 3282 3123 792 4706 4971 2203 2938 5257 7984 6002 3891 4806 6715 3814 5974 4554 5209 4388 6491 5600 5540 6315 4906 6524 836 5888 3372 3830 5621 4868 6103 4757 3878 2956 1840 5010 7616 5043 
49 3000 2603 1930 5268 2514 3876 2777 4033 2165 2618 3606 2842 2492 4839 841 2808 1758 1530 2610 5707 4958 4845 1661 1523 5292 1510 960 3976 3028 1361 4219 4717 2676 1942 1617 4233 4237 2871 1490 931 2791 3389 1395 1520 2265 1962 6034 1405 2585 0 4079 4108 5387 2833 2108 3955 3363 2557 3912 2378 3479 2865 6053 1224 863 2264 2169 2438 1890 1828 4286 5715 3586 2126 2248 4134 2184 4556 2035 2921 2303 4471 3198 4141 3731 4005 4313 3199 5046 808 2535 3609 2346 3642 2250 1883 707 746 2545 5364 3969 
50 3000 2287 2435 1533 6371 4832 2194 838 2226 4910 805 5451 2293 4858 4912 5598 5254 5001 5117 1629 1340 4557 5424 5603 1366 3032 4669 4983 5211 4461 1608 3105 5008 4445 2649 4240 5117 6324 3744 3894 2067 4666 5288 2692 3748 4069 1992 3659 6354 4079 0 28 1746 3217 2126 3853 2918 5085 1829 1861 4518 1235 2041 3077 3298 5727 3253 3240 5889 3615 3357 1642 769 5067 2218 2833 5250 2522 2202 4313 1977 971 3992 2489 2267 3429 326 7112 3841 3337 2997 5282 3324 3841 3414 2487 3475 4721 3610 1285 3115 
51 3000 2308 2463 1511 6399 4848 2218 846 2253 4933 822 5477 2318 4873 4941 5624 5282 5029 5140 1600 1326 4570 5452 5631 1343 3059 4697 5003 5235 4488 1614 3113 5031 4469 2677 4257 5137 6351 3771 3922 2090 4684 5316 2720 3773 4093 1963 3685 6382 4108 28 0 1725 3240 2154 3870 2933 5109 1840 1887 4539 1263 2013 3105 3327 5755 3276 3261 5917 3642 3369 1614 788 5092 2243 2840 5275 2528 2229 4333 2004 965 4010 2499 2277 3444 309 7140 3849 3365 3021 5301 3346 3855 3436 2515 3504 4749 3631 1256 3129 
52 3000 2994 4038 234 7830 4851 3928 2498 3859 5455 1814 7129 4000 6555 6169 7260 6788 6528 5701 1329 2459 6235 6897 6879 2033 4050 5766 6729 6920 5396 3202 4681 5548 5180 4191 5959 6860 7899 5352 5406 3798 4865 6394 4204 5449 4777 1164 4583 7845 5387 1746 1725 0 4959 3708 5578 3031 5684 3505 3009 6263 2803 1051 4584 4723 7285 3924 3792 7027 5271 5029 1245 1846 5823 3194 2478 6022 4081 3354 4662 3596 2400 4194 4140 2231 5137 1804 8552 5423 4586 4724 5503 3908 3823 4031 4085 4893 6097 4089 1279 4816 
53 3000 3600 1452 4750 4025 6009 1038 2599 1433 5176 3357 2430 1054 2190 3500 2629 2822 2644 5247 4575 3274 2093 3180 3948 3802 3201 3790 1834 2079 4061 2238 2015 5256 4488 1639 1515 2020 3605 1443 1986 1171 5608 4186 1751 824 4318 5040 3649 3907 2833 3217 3240 4959 0 1679 1167 4641 5196 1817 2851 1323 2317 5134 1759 2122 3133 3970 4169 4555 1090 1479 4628 3303 4860 3148 5096 4956 2068 2806 5121 1643 2924 5145 1636 4488 1175 3235 4742 2224 2704 368 6026 4155 5358 4141 1449 2199 2990 4480 4264 1193 
54 3000 1922 331 3537 4252 4424 914 1933 246 3818 1925 3443 693 3831 2946 3560 3128 2874 3944 3733 2854 3673 3305 3595 3216 1714 2897 3474 3294 2921 2138 2942 3909 3177 531 3146 3681 4209 1644 1771 852 4063 3458 599 1843 2915 4117 2289 4229 2108 2126 2154 3708 1679 0 2762 2963 3898 1882 1173 2936 911 4166 968 1255 3606 2397 2563 3995 1583 2725 3756 1882 3680 1477 3432 3822 2628 1145 3591 196 2370 3540 2268 2836 2565 2300 4996 3466 1536 1324 4548 2568 3704 2578 377 1428 2658 2903 3389 2385 
55 3000 4673 2582 5353 4757 7155 1938 3086 2517 6343 4185 2804 2078 1077 4560 3041 3616 3495 6412 4936 3491 927 4025 4931 4060 4359 4915 1317 2321 5217 2472 1471 6423 5655 2796 399 1355 4145 2495 3063 2057 6764 5269 2911 1740 5485 5426 4817 4595 3955 3853 3870 5578 1167 2762 0 5707 6361 2098 3904 1115 3222 5547 2925 3283 3803 5115 5305 5583 2140 794 5004 4127 6015 4238 6089 6106 1857 3907 6279 2683 3282 6283 1559 5468 495 3778 5419 1294 3872 1527 7192 5297 6467 5289 2586 3351 4016 5626 4669 813 
56 3000 1040 3205 3051 5834 1929 3780 3564 3209 2468 2117 5957 3631 6783 3916 5992 5097 4851 2725 4039 4259 6599 5024 4582 4210 1873 3297 6405 5968 2752 4255 5572 2556 2342 3107 6098 6624 6229 4146 3875 3673 1850 3869 3028 4659 1957 4104 2072 5931 3363 2918 2933 3031 4641 2963 5707 0 2715 4262 1803 5860 2605 4033 3260 3135 5612 1246 1001 4495 4279 5546 3992 2160 2953 1500 825 3153 5084 1850 1635 3024 3854 1169 4868 801 5454 3242 6461 6222 2645 4282 2489 1121 922 1250 3219 3235 4097 1155 3782 5221 
57 3000 2822 3917 5667 4239 1807 4791 5440 4083 266 4333 5319 4528 7321 2453 5241 4055 3898 53 6516 6318 7280 3764 2824 6451 2213 1738 6524 5562 1195 5917 6834 218 722 3634 6681 6784 4971 4010 3477 4747 1344 1927 3513 4768 1029 6674 1609 4424 2557 5085 5109 5684 5196 3898 6361 2715 0 5741 3287 6015 4192 6627 3437 3080 4470 1838 1906 2369 4319 6541 6487 4350 533 2886 3481 645 6520 3008 1166 4070 5839 1708 6167 3478 6314 5400 4654 7303 2494 4850 1198 1800 2266 1691 3892 3028 2961 1595 6213 6204 
58 3000 3335 1986 3276 5684 6015 1159 1010 1760 5637 2348 4247 1434 3050 4723 4442 4479 4262 5784 2854 1468 2734 4774 5313 2016 3528 4762 3338 3889 4802 421 1331 5732 5025 2303 2465 3429 5376 2935 3329 1124 5726 5297 2411 2579 4731 3340 4139 5599 3912 1829 1840 3505 1817 1882 2098 4262 5741 0 2601 2949 1679 3455 2691 3051 4859 4092 4194 5796 2661 1530 2919 2289 5553 3017 4428 5700 826 2785 5287 1693 1188 5121 664 3809 1637 1702 6423 2040 3416 1783 6271 4233 5141 4275 2031 3205 4337 4566 2575 1313 
59 3000 776 1448 2892 4840 3419 1980 2155 1418 3140 1245 4442 1828 4980 3169 4524 3858 3597 3324 3434 3033 4798 3920 3878 3205 1171 2837 4645 4364 2600 2694 3856 3238 2614 1428 4295 4854 4996 2588 2492 1877 3125 3464 1385 2962 2258 3709 1800 4871 2378 1861 1887 3009 2851 1173 3904 1803 3287 2601 0 4105 938 3712 1715 1760 4371 1516 1594 4081 2634 3768 3428 1235 3221 421 2266 3400 3424 355 2694 1221 2552 2524 3151 1686 3658 2155 5553 4468 1579 2498 3682 1641 2599 1696 1472 1918 3092 1970 3100 3437 
60 3000 4824 2661 6051 3779 7065 2360 3846 2698 6043 4680 1723 2366 1464 3925 1965 2719 2652 6068 5793 4409 1622 3150 4169 4965 4256 4411 546 1223 4826 3360 2577 6112 5349 2762 1082 784 3086 2005 2547 2492 6628 4654 2853 1269 5255 6271 4592 3595 3479 4518 4539 6263 1323 2936 1115 5860 6015 2949 4105 0 3636 6376 2719 3003 2813 5056 5282 4865 1714 1897 5853 4626 5604 4359 6368 5661 2900 4010 6138 2932 4123 6238 2540 5771 1562 4510 4399 2374 3624 1629 6975 5249 6512 5213 2642 3012 3347 5555 5498 1827 
61 3000 1656 1236 2628 5138 4336 1304 1262 1057 4058 1058 4329 1273 4295 3703 4456 4033 3777 4231 2860 2178 4067 4191 4385 2442 2005 3522 4151 4145 3399 1756 2969 4155 3499 1421 3622 4328 5120 2553 2664 1176 4059 4125 1458 2675 3164 3224 2643 5125 2865 1235 1263 2803 2317 911 3222 2605 4192 1679 938 3636 0 3266 1844 2066 4515 2452 2531 4707 2469 2960 2877 1007 4081 1359 2878 4249 2505 1183 3632 793 1686 3444 2263 2254 2904 1448 5878 3618 2157 2017 4620 2579 3468 2633 1285 2243 3489 2907 2516 2645 
62 3000 3856 4477 982 8403 5887 4159 2536 4266 6409 2466 7457 4298 6430 6869 7614 7295 7040 6648 635 2108 6076 7457 7572 1555 4837 6542 6790 7185 6234 3075 4429 6504 6082 4686 5899 6885 8364 5783 5930 4040 5880 7171 4724 5743 5681 167 5415 8391 6053 2041 2013 1051 5134 4166 5547 4033 6627 3455 3712 6376 3266 0 5109 5311 7768 4825 4722 7792 5642 4895 553 2478 6725 3974 3522 6921 3844 4067 5650 4018 2267 5201 4012 3232 5070 1921 9141 5149 5276 4964 6518 4832 4855 4949 4528 5486 6725 5042 880 4743 
63 3000 2273 725 4429 3294 4347 1553 2892 966 3419 2772 2740 1268 3910 2034 2811 2204 1945 3488 4694 3803 3847 2347 2651 4182 1539 2122 3260 2710 2315 3009 3522 3498 2730 437 3254 3503 3319 893 824 1568 3915 2617 385 1456 2575 5068 1905 3282 1224 3077 3105 4584 1759 968 2925 3260 3437 2691 1715 2719 1844 5109 0 383 2701 2343 2577 3104 1035 3141 4715 2737 3112 1812 3890 3219 3335 1479 3425 1148 3326 3522 2925 3359 2890 3264 4035 3906 947 1415 4294 2536 3823 2496 674 516 1698 2837 4350 2811 
64 3000 2204 1067 4583 3108 4076 1925 3188 1302 3074 2912 2821 1641 4247 1693 2861 2098 1837 3131 4927 4110 4200 2173 2341 4463 1318 1741 3536 2859 1941 3355 3906 3150 2381 754 3601 3786 3239 1055 753 1933 3629 2247 659 1734 2255 5279 1589 3123 863 3298 3327 4723 2122 1255 3283 3135 3080 3051 1760 3003 2066 5311 383 0 2612 2118 2368 2753 1290 3521 4941 2884 2739 1766 3818 2841 3711 1468 3139 1448 3626 3280 3305 3325 3265 3510 3837 4286 620 1786 3976 2312 3622 2256 1021 177 1423 2593 4582 3192 
65 3000 4777 3291 7127 965 6040 3769 5390 3505 4614 5473 1211 3554 4246 2018 1008 519 776 4520 7309 6225 4435 707 1800 6688 3741 2752 3070 1694 3379 5261 5093 4644 4020 3098 3880 3308 626 1997 1885 3858 5540 2615 3081 2312 4146 7714 3657 792 2264 5727 5755 7285 3133 3606 3803 5612 4470 4859 4371 2813 4515 7768 2701 2612 0 4433 4702 2508 2208 4466 7340 5438 3950 4363 6360 3912 5202 4079 5102 3750 5795 5433 4769 5910 4114 5875 1623 5095 2978 3079 5641 4610 5898 4512 3240 2463 1582 4799 6970 4257 
66 3000 985 2534 3884 4600 2040 3308 3661 2627 1657 2495 4894 3087 6161 2673 4902 3925 3689 1867 4684 4512 6039 3816 3336 4619 804 2054 5600 4972 1537 4208 5297 1755 1258 2334 5482 5839 5040 3173 2804 3232 1666 2638 2227 3799 856 4862 826 4706 2169 3253 3276 3924 3970 2397 5115 1246 1838 4092 1516 5056 2452 4825 2343 2118 4433 0 268 3270 3375 5122 4658 2512 1901 1096 2064 2099 4905 1310 1202 2529 4042 1182 4600 1826 4957 3571 5218 5858 1540 3602 2180 194 1510 183 2529 2177 2885 510 4377 4783 
67 3000 953 2723 3766 4863 1861 3465 3704 2799 1698 2460 5156 3257 6358 2931 5166 4193 3958 1929 4615 4528 6225 4084 3587 4602 1049 2297 5827 5226 1754 4286 5427 1796 1401 2541 5677 6063 5308 3420 3064 3382 1532 2868 2439 4030 999 4767 1085 4971 2438 3240 3261 3792 4169 2563 5305 1001 1906 4194 1594 5282 2531 4722 2577 2368 4702 268 0 3496 3612 5280 4584 2483 2038 1176 1825 2238 5014 1440 1103 2682 4069 978 4725 1638 5129 3563 5475 6007 1800 3801 2092 123 1254 255 2722 2433 3152 379 4317 4942 
68 3000 4060 3819 6939 1983 4158 4650 5909 4055 2593 5326 3623 4368 6319 1077 3468 2275 2250 2407 7502 6837 6404 1858 725 7149 2977 1261 5270 4017 1743 6109 6525 2582 2253 3508 5795 5531 2854 3114 2574 4672 3671 637 3410 3843 2575 7791 2484 2203 1890 5889 5917 7027 4555 3995 5583 4495 2369 5796 4081 4865 4707 7792 3104 2753 2508 3270 3496 0 3471 6034 7501 5317 1852 3836 5321 1725 6412 3726 3357 4191 6347 3838 5988 5083 5723 6144 2296 6774 2554 4308 3554 3374 4393 3244 3772 2592 1569 3392 7162 5737 
69 3000 3271 1252 5090 3026 5362 1562 3199 1412 4336 3507 1861 1360 3015 2427 1989 1818 1609 4371 5148 4018 3018 2134 2858 4489 2570 2786 2246 1730 3140 3057 3096 4407 3642 1206 2406 2497 2758 358 922 1655 4918 3130 1262 449 3541 5574 2878 2938 1828 3615 3642 5271 1090 1583 2140 4279 4319 2661 2634 1714 2469 5642 1035 1290 2208 3375 3612 3471 0 2567 5185 3462 3930 2803 4874 4004 3087 2457 4428 1676 3594 4550 2649 4316 2252 3726 3762 3303 1910 910 5260 3569 4859 3524 1211 1299 1903 3864 4814 2282 
70 3000 4543 2635 4798 5401 7142 1815 2540 2502 6492 3812 3542 2041 1538 4977 3774 4223 4071 6590 4270 2801 1205 4608 5424 3371 4422 5235 2103 3078 5453 1839 679 6578 5822 2907 1045 2112 4855 2922 3463 1900 6789 5656 3028 2245 5603 4764 4949 5257 4286 3357 3369 5029 1479 2725 794 5546 6541 1530 3768 1897 2960 4895 3141 3521 4466 5122 5280 6034 2567 0 4345 3753 6248 4145 5828 6359 1098 3843 6316 2598 2660 6251 892 5203 353 3229 6090 765 4056 1751 7267 5291 6368 5303 2655 3623 4469 5627 4027 340 
71 3000 3675 4055 1078 8008 5895 3675 2030 3835 6282 2203 6979 3830 5879 6544 7143 6877 6626 6512 92 1555 5524 7060 7239 1003 4583 6265 6257 6691 6002 2532 3876 6379 5903 4284 5353 6346 7926 5346 5528 3560 5840 6890 4331 5262 5509 421 5186 7984 5715 1642 1614 1245 4628 3756 5004 3992 6487 2919 3428 5853 2877 553 4715 4941 7340 4658 4584 7501 5185 4345 0 2202 6542 3730 3582 6734 3291 3781 5570 3596 1732 5155 3464 3205 4525 1464 8750 4597 4959 4474 6478 4687 4860 4796 4108 5118 6363 4924 371 4198 
72 3000 1534 2213 1698 5993 4066 2270 1438 2055 4166 59 5323 2273 5181 4394 5442 4941 4681 4380 2214 2102 4919 5055 5099 2120 2381 4071 5130 5151 3800 2181 3618 4264 3731 2348 4526 5296 6054 3519 3559 2138 3896 4698 2357 3682 3345 2474 2985 6002 3586 769 788 1846 3303 1882 4127 2160 4350 2289 1235 4626 1007 2478 2737 2884 5438 2512 2483 5317 3462 3753 2202 0 4362 1529 2160 4551 3071 1590 3548 1791 1695 3222 2946 1559 3758 1096 6720 4328 2801 3017 4513 2571 3082 2667 2258 3056 4276 2850 1889 3469 
73 3000 2871 3657 5786 3706 2306 4544 5343 3843 740 4353 4828 4272 6945 1938 4742 3546 3398 579 6563 6245 6926 3243 2291 6423 2076 1245 6101 5091 798 5762 6582 735 643 3358 6319 6363 4442 3606 3056 4513 1823 1394 3237 4376 1046 6758 1438 3891 2126 5067 5092 5823 4860 3680 6015 2953 533 5553 3221 5604 4081 6725 3112 2739 3950 1901 2038 1852 3930 6248 6542 4362 0 2848 3756 200 6307 2909 1554 3862 5758 2076 5935 3669 6002 5371 4128 7013 2196 4525 1731 1919 2641 1792 3626 2665 2464 1797 6248 5914 
74 3000 468 1705 3102 4754 3014 2340 2568 1723 2730 1527 4549 2161 5308 2989 4609 3845 3587 2921 3744 3433 5144 3860 3698 3578 863 2577 4904 4516 2271 3116 4259 2829 2228 1613 4623 5123 4990 2705 2519 2246 2708 3207 1542 3168 1860 3985 1456 4806 2248 2218 2243 3194 3148 1477 4238 1500 2886 3017 421 4359 1359 3974 1812 1766 4363 1096 1176 3836 2803 4145 3730 1529 2848 0 2078 3032 3838 349 2273 1562 2957 2119 3556 1559 4018 2525 5447 4857 1441 2786 3261 1220 2232 1276 1719 1902 2986 1550 3418 3811 
75 3000 1619 3715 2551 6627 2381 4152 3594 3672 3225 2105 6624 4050 7166 4723 6677 5842 5591 3486 3643 4142 6946 5795 5397 3985 2625 4118 6907 6594 3577 4341 5759 3307 3157 3673 6487 7110 6982 4784 4570 4032 2451 4694 3612 5222 2778 3619 2886 6715 4134 2833 2840 2478 5096 3432 6089 825 3481 4428 2266 6368 2878 3522 3890 3818 6360 2064 1825 5321 4874 5828 3582 2160 3756 2078 0 3954 5225 2419 2348 3452 3804 1824 5071 625 5783 3132 7266 6451 3382 4752 3076 1946 1371 2076 3738 3937 4876 1966 3437 5521 
76 3000 3066 3786 5983 3621 2449 4675 5512 3978 885 4542 4827 4400 7019 1917 4732 3526 3391 682 6754 6418 7011 3204 2211 6604 2247 1264 6151 5108 909 5917 6709 862 841 3483 6402 6414 4385 3673 3115 4649 1976 1319 3362 4447 1245 6953 1607 3814 2184 5250 5275 6022 4956 3822 6106 3153 645 5700 3400 5661 4249 6921 3219 2841 3912 2099 2238 1725 4004 6359 6734 4551 200 3032 3954 0 6446 3083 1734 4007 5929 2261 6068 3870 6107 5552 4015 7125 2319 4628 1831 2119 2827 1992 3753 2757 2464 1997 6437 6028 
77 3000 4161 2674 3847 6087 6840 1788 1685 2469 6427 3128 4424 2072 2601 5335 4641 4880 4689 6565 3213 1736 2236 5219 5878 2300 4315 5448 3174 4001 5540 914 599 6520 5801 2987 2143 3203 5663 3406 3872 1799 6546 5951 3103 2891 5521 3706 4912 5974 4556 2522 2528 4081 2068 2628 1857 5084 6520 826 3424 2900 2505 3844 3335 3711 5202 4905 5014 6412 3087 1098 3291 3071 6307 3838 5225 6446 0 3595 6103 2450 1681 5946 437 4611 1363 2327 6809 1341 4137 2177 7085 5050 5967 5089 2712 3851 4898 5384 2993 1072 
78 3000 818 1359 3241 4515 3299 2029 2438 1389 2878 1601 4219 1836 4974 2818 4286 3563 3303 3047 3786 3336 4818 3604 3527 3534 838 2483 4555 4175 2262 2921 3990 2975 2317 1263 4289 4775 4706 2370 2215 1943 2965 3109 1195 2819 1981 4064 1476 4554 2035 2202 2229 3354 2806 1145 3907 1850 3008 2785 355 4010 1183 4067 1479 1468 4079 1310 1440 3726 2457 3843 3781 1590 2909 349 2419 3083 3595 0 2511 1247 2848 2408 3291 1880 3702 2489 5222 4566 1232 2442 3490 1462 2560 1494 1371 1616 2758 1799 3451 3506 
79 3000 2042 3708 4673 5056 955 4504 4805 3816 900 3519 5761 4277 7309 3134 5729 4630 4427 1160 5609 5618 7206 4423 3666 5666 1920 2399 6674 5912 1755 5388 6499 971 1130 3483 6636 6922 5665 4180 3730 4431 490 2808 3370 4869 961 5713 1566 5209 2921 4313 4333 4662 5121 3591 6279 1635 1166 5287 2694 6138 3632 5650 3425 3139 5102 1202 1103 3357 4428 6316 5570 3548 1554 2273 2348 1734 6103 2511 0 3728 5165 543 5802 2431 6142 4639 5566 7056 2520 4755 988 1054 1101 1018 3698 3153 3522 725 5330 5976 
