FILE: 2911EuclS.txt
100 100 0 
1 3000 0 1545 4506 1805 1697 6123 1935 6205 3539 6131 253 5772 3223 4661 1921 1239 5454 4593 5487 6378 5288 2511 3888 1046 64 4274 1820 2314 2778 5979 6643 3942 5058 3730 5491 5973 6378 2795 2834 4410 1392 4056 3025 2219 4431 3568 1914 4706 3926 5467 6141 2230 4849 753 3063 2136 2151 3987 1485 5165 2199 3156 2000 7222 3443 2113 5473 3299 2500 1274 4556 2505 3956 3661 2755 3259 1647 334 2093 4344 4668 4312 2036 2321 4313 3819 2364 1345 3094 833 4373 4797 4972 4333 6429 3928 6937 5915 2314 3701 
2 3000 1545 0 6050 1475 2568 6388 3062 7240 3276 7150 1340 6691 4609 5601 525 483 5817 6027 6568 6408 6720 2352 4674 499 1592 4495 3152 3265 2668 7370 7968 5417 6071 4019 6866 6546 7520 4334 3994 4863 2936 5508 3917 3436 4441 3221 3415 5252 5460 5935 7042 3609 5973 2193 3224 2794 995 5172 274 6214 2488 4662 3334 8446 3093 3469 6899 3793 3305 2447 5710 3569 5435 3758 3755 4691 1180 1670 2245 5862 5816 4661 3468 3170 5746 4157 1132 2799 4615 1470 4810 5150 5895 5686 7678 4645 8150 6755 2967 5212 
3 3000 4506 6050 0 5873 4502 7658 3945 5308 6848 5320 4712 5487 2252 4823 6376 5725 6945 2270 4682 8396 2545 6094 4989 5551 4463 6508 3256 4290 6182 3266 4148 1353 4735 6068 3098 6737 4946 1720 3676 6085 3132 2059 4470 3621 7011 6979 2828 6021 1064 6688 5788 3088 4181 3968 5954 4860 6557 3641 5959 4650 5423 1567 3361 5132 6897 2993 2695 5462 4615 3943 3936 3997 1308 6376 4159 1980 5870 4404 5557 717 4007 6264 3008 4511 2237 6017 6777 3341 1757 4819 6101 6543 5028 2827 4438 5193 4983 5860 4889 1116 
4 3000 1805 1475 5873 0 1570 4913 2182 6009 1871 5911 1800 5396 4960 4344 1970 1084 4348 5307 5388 4954 5971 885 3359 1421 1800 3020 3611 2182 1201 6526 7011 5567 4852 2553 6009 5110 6370 4268 3017 3416 2836 4847 2714 2591 2978 1853 3047 3822 5076 4480 5730 2959 4847 1971 1754 1567 967 4137 1709 5017 1095 4741 2656 7360 1724 3890 6132 2384 2102 3072 4621 2544 5574 2283 2652 4958 294 2118 826 5862 4716 3198 2930 2019 5033 2697 1142 3092 4212 2342 3360 3683 4620 4835 6633 3296 7057 5415 1707 5258 
5 3000 1697 2568 4502 1570 0 4476 618 4678 2415 4592 1892 4165 4060 3060 3086 2086 3786 3739 4000 4826 4401 1592 2210 2212 1641 2692 2991 697 1696 4962 5478 4446 3511 2143 4447 4276 4952 3059 1469 2734 1818 3289 1378 1025 2968 2521 1728 3011 3613 3778 4526 1450 3407 1197 1642 501 2489 2628 2683 3648 931 3613 1154 5894 2425 3183 4562 1638 808 2752 3150 1013 4443 2203 1187 3979 1708 1991 1057 4610 3253 2671 1493 638 3467 2201 2688 2413 2769 2527 2701 3142 3363 3269 5140 2236 5595 4270 652 4069 
6 3000 6123 6388 7658 4913 4476 0 4550 3614 3291 3506 6276 2873 8186 2923 6877 5974 734 5672 3644 975 5932 4045 2724 6268 6076 1897 7392 4054 3732 5892 5709 8227 3234 2411 5528 1296 4315 6896 4192 1767 6117 5651 3479 4588 2036 3427 5712 1662 6595 982 2880 5081 3764 5668 3173 3997 5671 4036 6617 3415 3993 7493 4981 5311 3525 7531 5958 2837 3752 7227 3890 4111 8206 2632 3846 8023 5208 6440 4188 8096 3864 1811 5330 3938 5564 2307 5727 6826 6092 6920 1788 1334 2823 4980 5038 2550 5064 2512 3828 7774 
7 3000 1935 3062 3945 2182 618 4550 0 4277 2910 4199 2169 3838 3731 2729 3564 2589 3831 3125 3568 5014 3792 2175 2030 2656 1872 2901 2844 497 2239 4371 4919 4004 3123 2372 3857 4171 4487 2604 935 2783 1568 2671 1150 409 3274 3035 1275 2975 3022 3757 4208 861 2944 1254 2049 915 3082 2114 3141 3237 1487 3184 588 5387 2951 2982 3955 1788 822 2761 2665 571 3996 2548 834 3614 2302 2170 1653 4105 2774 2797 964 653 2851 2387 3286 2285 2195 2756 2764 3229 3040 2675 4616 2115 5093 3994 966 3601 
8 3000 6205 7240 5308 6009 4678 3614 4277 0 5353 117 6444 790 6734 1666 7761 6756 3208 3038 745 4587 2924 5447 2678 6889 6141 3932 6596 3982 5251 2559 2148 6341 1168 3971 2381 2321 705 5367 3375 3195 5398 3345 3325 3995 4508 5541 4755 2764 4385 2802 747 4149 1405 5484 4596 4471 6974 2287 7362 1040 4926 5863 4280 1720 5562 6578 2859 3762 3943 6806 1721 3717 6306 4470 3497 6486 6241 6412 5199 5943 1608 3546 4420 4069 3102 3803 7130 6168 4354 7010 3260 3367 1410 2569 1465 2793 1455 1103 4312 5895 
9 3000 3539 3276 6848 1871 2415 3291 2910 5353 0 5240 3595 4612 6437 3776 3714 2943 2876 5664 4900 3154 6230 1031 2780 3290 3515 1568 5233 2571 770 6596 6860 6862 4322 1382 6095 3829 5879 5473 3321 2229 4194 5335 2633 3229 1255 187 4138 2691 5888 3129 4873 3761 4535 3425 938 1995 2434 4108 3534 4525 1496 6028 3498 6948 238 5473 6351 1714 2269 4806 4415 2902 6858 886 2821 6376 2147 3872 1484 7010 4477 1900 3870 2346 5428 1552 2461 4669 5091 4184 2162 2287 3966 5041 6341 2611 6645 4495 1960 6482 
10 3000 6131 7150 5320 5911 4592 3506 4199 117 5240 0 6368 674 6711 1566 7672 6667 3093 3050 703 4478 2963 5342 2574 6803 6067 3816 6549 3896 5144 2625 2241 6335 1081 3858 2426 2214 810 5341 3304 3079 5342 3340 3234 3924 4392 5428 4703 2647 4384 2688 651 4091 1356 5413 4488 4377 6875 2233 7276 967 4826 5844 4215 1836 5450 6536 2905 3654 3850 6748 1673 3637 6300 4357 3413 6465 6145 6341 5100 5947 1561 3430 4364 3980 3104 3689 7030 6115 4330 6938 3144 3250 1304 2560 1559 2686 1568 993 4217 5887 
11 3000 253 1340 4712 1800 1892 6276 2169 6444 3595 6368 0 6000 3338 4889 1687 1088 5617 4844 5729 6499 5539 2563 4097 844 317 4410 1904 2531 2845 6232 6896 4097 5293 3872 5744 6164 6625 2995 3077 4580 1618 4306 3241 2464 4538 3610 2160 4889 4158 5644 6368 2483 5093 1006 3178 2309 2029 4234 1255 5404 2315 3328 2252 7473 3484 2210 5725 3465 2700 1286 4801 2737 4113 3774 2982 3393 1606 355 2183 4524 4914 4467 2289 2525 4565 3968 2235 1480 3332 645 4540 4955 5199 4587 6681 4129 7188 6136 2489 3877 
12 3000 5772 6691 5487 5396 4165 2873 3838 790 4612 674 6000 0 6671 1110 7216 6210 2427 3253 863 3838 3302 4778 2036 6372 5709 3158 6364 3482 4562 3097 2837 6394 812 3231 2812 1599 1460 5293 2999 2424 5113 3443 2788 3611 3727 4799 4503 1984 4491 2022 374 3860 1316 5082 3896 3898 6351 2080 6834 842 4302 5831 3940 2508 4828 6384 3279 3079 3389 6493 1600 3267 6362 3726 3018 6442 5643 6006 4574 6070 1508 2775 4140 3535 3249 3060 6497 5893 4305 6595 2490 2578 802 2662 2165 2116 2235 407 3729 5936 
13 3000 3223 4609 2252 4960 4060 8186 3731 6734 6437 6711 3338 6671 0 5740 4794 4426 7453 3918 6012 8728 4439 5485 5489 4147 3208 6630 1457 4214 5679 5225 6093 1006 5860 6103 4917 7561 6556 1378 4010 6441 2246 3458 4710 3610 6995 6517 2484 6540 2549 7303 7025 3105 5389 3036 5702 4543 5365 4597 4440 5850 4944 889 3222 6995 6406 1140 4623 5516 4551 2183 5083 4086 1044 6248 4343 283 4848 2983 4968 1671 5185 6503 2860 4384 3744 6115 5573 1880 2381 3173 6433 6903 6017 4186 6224 5644 6791 6977 4651 1140 
14 3000 4661 5601 4823 4344 3060 2923 2729 1666 3776 1566 4889 1110 5740 0 6125 5118 2275 2751 1124 3787 3028 3789 1024 5271 4599 2504 5317 2373 3605 3100 3158 5572 546 2414 2675 1914 2109 4369 1913 1794 4046 2774 1686 2515 3108 3964 3461 1477 3775 1942 1479 2804 891 3976 2964 2816 5308 1195 5736 749 3260 4936 2858 3172 3971 5358 3072 2121 2296 5408 967 2157 5544 2914 1907 5528 4580 4898 3533 5332 951 2124 3086 2435 2657 2257 5464 4826 3429 5485 1848 2122 312 2064 2584 1167 2869 1291 2653 5110 
15 3000 1921 525 6376 1970 3086 6877 3564 7761 3714 7672 1687 7216 4794 6125 0 1006 6318 6480 7086 6863 7174 2832 5200 923 1976 4989 3343 3783 3146 7839 8455 5655 6593 4523 7339 7063 8034 4656 4498 5376 3305 5952 4440 3930 4907 3644 3830 5769 5846 6446 7567 4072 6487 2624 3724 3319 1318 5678 440 6733 3006 4936 3806 8951 3519 3661 7356 4313 3829 2611 6220 4081 5677 4244 4273 4904 1679 1973 2759 6140 6327 5167 3914 3693 6199 4664 1384 3064 5016 1623 5321 5653 6420 6163 8179 5170 8657 7280 3492 5486 
16 3000 1239 483 5725 1084 2086 5974 2589 6756 2943 6667 1088 6210 4426 5118 1006 0 5385 5591 6086 6039 6281 1969 4196 367 1272 4077 2985 2783 2284 6918 7503 5177 5588 3586 6412 6090 7039 4024 3519 4414 2593 5079 3434 2970 4061 2910 3021 4794 5083 5490 6561 3168 5492 1798 2801 2314 951 4696 650 5731 2032 4395 2887 7969 2780 3294 6458 3333 2823 2327 5231 3089 5192 3354 3273 4481 797 1443 1801 5582 5336 4225 3044 2687 5310 3718 1151 2566 4229 1426 4363 4716 5413 5229 7204 4171 7673 6277 2488 4940 
17 3000 5454 5817 6945 4348 3786 734 3831 3208 2876 3093 5617 2427 7453 2275 6318 5385 0 5004 3114 1511 5304 3506 1992 5661 5404 1348 6675 3335 3203 5322 5220 7495 2647 1798 4929 1055 3887 6162 3458 1055 5395 4954 2748 3857 1672 3035 4981 931 5881 406 2519 4348 3146 4970 2593 3318 5162 3342 6033 2842 3371 6760 4251 4929 3115 6808 5342 2155 3042 6530 3241 3382 7475 2108 3115 7289 4640 5765 3585 7372 3226 1162 4597 3229 4882 1670 5239 6112 5363 6262 1084 670 2221 4306 4567 1816 4661 2123 3144 7043 
18 3000 4593 6027 2270 5307 3739 5672 3125 3038 5664 3050 4844 3253 3918 2751 6480 5591 5004 0 2424 6508 695 5190 3218 5559 4532 4885 4208 3216 5163 1427 2227 3366 2549 4564 1017 4619 2707 2660 2378 4311 3333 551 3034 2715 5461 5829 2701 4130 1402 4690 3535 2422 1984 3859 4725 3883 6194 1703 6039 2433 4496 3029 2709 3079 5782 4083 881 4018 3445 4661 1793 2844 3327 4981 2858 3646 5419 4657 4715 2914 1838 4567 2565 3428 281 4464 6402 3961 1717 5225 4345 4730 2896 700 2305 3437 2872 3641 3827 2942 
19 3000 5487 6568 4682 5388 4000 3644 3568 745 4900 703 5729 863 6012 1124 7086 6086 3114 2424 0 4587 2439 4885 2138 6202 5423 3589 5851 3303 4714 2258 2116 5657 577 3534 1950 2414 993 4641 2653 2860 4654 2669 2678 3270 4188 5088 4010 2480 3718 2725 1112 3406 660 4759 4082 3830 6355 1544 6680 379 4322 5148 3545 2048 5095 5835 2416 3238 3296 6063 975 3017 5622 4035 2813 5769 5607 5685 4594 5290 862 3203 3677 3408 2449 3375 6522 5423 3631 6285 2919 3122 971 1884 1493 2291 1745 1269 3681 5205 
20 3000 6378 6408 8396 4954 4826 975 5014 4587 3154 4478 6499 3838 8728 3787 6863 6039 1511 6508 4587 0 6815 4069 3407 6363 6338 2134 7809 4521 3754 6819 6670 8861 4147 2683 6436 2272 5287 7494 4811 2327 6573 6437 4045 5121 1979 3247 6244 2389 7334 1869 3856 5648 4655 6020 3320 4326 5589 4832 6657 4337 4183 8093 5506 6287 3365 7979 6853 3228 4192 7559 4751 4649 8843 2726 4405 8588 5245 6708 4329 8787 4737 2225 5874 4369 6378 2636 5608 7233 6762 7132 2322 1861 3725 5809 6003 3207 6038 3484 4176 8417 
21 3000 5288 6720 2545 5971 4401 5932 3792 2924 6230 2963 5539 3302 4439 3028 7174 6281 5304 695 2439 6815 0 5813 3659 6253 5227 5338 4849 3849 5768 789 1655 3780 2712 5064 565 4792 2453 3256 3001 4715 4020 1237 3598 3382 5929 6401 3393 4479 1890 4959 3529 3112 2168 4554 5295 4516 6870 2155 6734 2553 5126 3560 3396 2598 6361 4705 194 4549 4055 5330 2069 3475 3738 5505 3460 4160 6092 5349 5354 3244 2077 4997 3260 4054 975 4950 7076 4629 2367 5915 4756 5106 3110 1189 1893 3875 2438 3707 4448 3392 
22 3000 2511 2352 6094 885 1592 4045 2175 5447 1031 5342 2563 4778 5485 3789 2832 1969 3506 5190 4885 4069 5813 0 2769 2299 2489 2164 4233 1974 316 6284 6672 5977 4323 1735 5768 4323 5879 4612 2814 2627 3262 4790 2302 2553 2093 1059 3300 3059 5197 3668 5089 3032 4409 2451 937 1310 1665 3809 2592 4506 698 5140 2743 6911 938 4484 5957 1699 1764 3781 4224 2345 5977 1413 2359 5443 1177 2842 540 6184 4307 2376 3086 1761 4931 1892 1766 3677 4359 3156 2567 2849 4038 4635 6228 2663 6605 4748 1365 5622 
23 3000 3888 4674 4989 3359 2210 2724 2030 2678 2780 2574 4097 2036 5489 1024 5200 4196 1992 3218 2138 3407 3659 2769 0 4381 3829 1679 4824 1581 2581 3897 4088 5503 1565 1457 3419 2147 3130 4178 1479 1107 3529 3065 879 1950 2272 2967 3045 1062 3927 1813 2374 2393 1760 3270 1943 1883 4316 1518 4830 1759 2266 4773 2340 4185 2966 4921 3745 1099 1404 4790 1674 1496 5482 1943 1216 5314 3608 4159 2538 5388 1721 1348 2657 1573 3046 1319 4464 4286 3372 4721 1134 1556 1270 2526 3560 218 3880 2080 1707 5050 
24 3000 1046 499 5551 1421 2212 6268 2656 6889 3290 6803 844 6372 4147 5271 923 367 5661 5559 6202 6363 6253 2299 4381 0 1093 4371 2694 2907 2611 6915 7534 4934 5722 3866 6416 6331 7138 3836 3591 4671 2437 5035 3585 3014 4384 3263 2926 5035 4964 5748 6730 3149 5592 1709 3095 2502 1286 4770 488 5855 2292 4172 2883 8042 3133 3008 6435 3573 2986 2011 5319 3186 4951 3662 3392 4218 1144 1182 2080 5369 5427 4499 2995 2837 5278 3991 1470 2315 4123 1075 4622 4991 5571 5240 7266 4372 7749 6459 2681 4721 
25 3000 64 1592 4463 1800 1641 6076 1872 6141 3515 6067 317 5709 3208 4599 1976 1272 5404 4532 5423 6338 5227 2489 3829 1093 0 4230 1816 2254 2752 5917 6579 3915 4994 3686 5428 5917 6313 2755 2770 4359 1343 3996 2965 2154 4394 3547 1856 4652 3874 5414 6079 2166 4784 689 3026 2086 2174 3923 1538 5101 2162 3125 1935 7157 3423 2105 5412 3249 2444 1292 4491 2443 3928 3623 2693 3239 1651 369 2062 4309 4604 4265 1974 2264 4252 3772 2389 1328 3039 892 4322 4748 4910 4270 6364 3871 6873 5854 2262 3669 
26 3000 4274 4495 6508 3020 2692 1897 2901 3932 1568 3816 4410 3158 6630 2504 4989 4077 1348 4885 3589 2134 5338 2164 1679 4371 4230 0 5676 2417 1857 5551 5662 6831 3024 549 5086 2261 4522 5443 2836 737 4448 4689 2041 3049 605 1741 4155 1178 5464 1564 3380 3593 3363 3887 1276 2193 3815 3193 4720 3235 2106 6038 3421 5601 1805 5850 5423 1114 2079 5431 3329 2591 6817 760 2377 6505 3314 4599 2292 6823 3361 387 3799 2249 4699 515 3890 5099 4799 5052 673 721 2619 4199 5077 1463 5306 2989 2042 6400 
27 3000 1820 3152 3256 3611 2991 7392 2844 6596 5233 6549 1904 6364 1457 5317 3343 2985 6675 4208 5851 7809 4849 4233 4824 2694 1816 5676 0 3339 4463 5627 6431 2330 5566 5129 5219 6969 6573 1658 3422 5625 1294 3667 3964 2875 5954 5288 1860 5813 3079 6594 6735 2512 5192 1825 4602 3493 3932 4319 2982 5609 3778 1701 2492 7209 5170 318 5043 4589 3642 737 4876 3330 2355 5183 3609 1563 3466 1549 3749 2877 4988 5619 2230 3458 3966 5174 4136 577 2490 1719 5604 6065 5621 4235 6405 4936 6963 6606 3635 2229 
28 3000 2314 3265 4290 2182 697 4054 497 3982 2571 3896 2531 3482 4214 2373 3783 2783 3335 3216 3303 4521 3849 1974 1581 2907 2254 2417 3339 0 1971 4359 4829 4445 2815 1897 3841 3705 4258 3047 850 2286 2065 2820 710 673 2815 2714 1739 2488 3316 3269 3846 1224 2714 1692 1664 667 3133 1959 3380 2950 1279 3636 1012 5210 2645 3479 3998 1302 343 3231 2464 373 4434 2114 491 4088 2358 2579 1505 4504 2565 2302 1395 225 2957 1901 3321 2777 2532 3147 2267 2731 2679 2682 4465 1645 4910 3604 625 4029 
29 3000 2778 2668 6182 1201 1696 3732 2239 5251 770 5144 2845 4562 5679 3605 3146 2284 3203 5163 4714 3754 5768 316 2581 2611 2752 1857 4463 1971 0 6205 6556 6130 4145 1451 5693 4042 5708 4750 2786 2351 3440 4789 2203 2593 1777 838 3424 2792 5255 3377 4863 3100 4267 2658 673 1333 1959 3716 2909 4334 764 5294 2821 6752 733 4704 5904 1489 1718 4040 4099 2331 6128 1102 2308 5624 1494 3111 715 6306 4177 2085 3180 1749 4912 1614 2046 3900 4434 3448 2288 2551 3840 4582 6089 2458 6447 4512 1346 5761 
30 3000 5979 7370 3266 6526 4962 5892 4371 2559 6596 2625 6232 3097 5225 3100 7839 6918 5322 1427 2258 6819 789 6284 3897 6915 5917 5551 5627 4359 6205 0 883 4541 2674 5347 517 4672 1965 4044 3512 4876 4753 1978 4003 3968 6155 6775 4111 4578 2677 4949 3250 3767 2210 5234 5679 5016 7451 2494 7400 2482 5613 4348 4035 1874 6748 5489 602 4886 4522 6089 2224 3989 4498 5817 3928 4945 6669 6061 5857 3978 2191 5188 3942 4549 1691 5215 7651 5388 3138 6638 4925 5223 3102 1696 1270 4103 1759 3501 4926 4165 
31 3000 6643 7968 4148 7011 5478 5709 4919 2148 6860 2241 6896 2837 6093 3158 8455 7503 5220 2227 2116 6670 1655 6672 4088 7534 6579 5662 6431 4829 6556 883 0 5424 2648 5540 1212 4434 1454 4882 4009 4946 5485 2763 4370 4532 6266 7045 4828 4588 3544 4825 2892 4413 2327 5890 5978 5461 7960 2878 8021 2437 6032 5212 4657 1019 7034 6311 1477 5150 4940 6855 2457 4472 5381 6031 4364 5815 7181 6754 6290 4861 2386 5281 4617 4997 2465 5392 8151 6157 3942 7342 5003 5233 3072 2310 683 4275 975 3215 5348 5044 
32 3000 3942 5417 1353 5567 4446 8227 4004 6341 6862 6335 4097 6394 1006 5572 5655 5177 7495 3366 5657 8861 3780 5977 5503 4934 3915 6831 2330 4445 6130 4541 5424 0 5599 6333 4304 7462 6070 1399 4051 6536 2736 2996 4818 3786 7260 6963 2733 6565 1967 7295 6727 3238 5080 3596 6048 4890 6089 4383 5274 5553 5371 836 3434 6377 6863 2019 3949 5726 4788 3067 4795 4239 45 6550 4464 789 5498 3752 5441 687 4886 6651 3050 4643 3249 6318 6304 2619 2152 4035 6539 7004 5821 3775 5643 5683 6202 6735 4967 461 
33 3000 5058 6071 4735 4852 3511 3234 3123 1168 4322 1081 5293 812 5860 546 6593 5588 2647 2549 577 4147 2712 4323 1565 5722 4994 3024 5566 2815 4145 2674 2648 5599 0 2957 2293 2085 1564 4481 2243 2301 4327 2679 2158 2862 3626 4510 3707 1942 3719 2278 1175 3072 564 4348 3508 3306 5818 1268 6195 211 3776 5022 3171 2626 4518 5579 2726 2665 2776 5719 806 2558 5568 3458 2332 5632 5080 5275 4049 5296 728 2640 3351 2901 2509 2798 5980 5105 3497 5870 2358 2589 431 1911 2053 1714 2323 1137 3150 5140 
34 3000 3730 4019 6068 2553 2143 2411 2372 3971 1382 3858 3872 3231 6103 2414 4523 3586 1798 4564 3534 2683 5064 1735 1457 3866 3686 549 5129 1897 1451 5347 5540 6333 2957 0 4862 2590 4506 4939 2394 902 3908 4321 1604 2546 942 1570 3636 1352 5039 1933 3499 3096 3214 3338 803 1644 3400 2908 4234 3163 1582 5531 2907 5578 1596 5306 5165 610 1555 4882 3129 2102 6321 501 1911 5984 2844 4054 1787 6353 3179 644 3289 1718 4358 172 3497 4552 4338 4515 838 1130 2589 3896 4994 1265 5277 3128 1494 5909 
35 3000 5491 6866 3098 6009 4447 5528 3857 2381 6095 2426 5744 2812 4917 2675 7339 6412 4929 1017 1950 6436 565 5768 3419 6416 5428 5086 5219 3841 5693 517 1212 4304 2293 4862 0 4346 1889 3677 2994 4426 4293 1551 3492 3456 5687 6272 3642 4149 2374 4568 3014 3270 1787 4743 5174 4499 6935 1987 6901 2115 5097 4030 3533 2081 6243 5099 478 4388 4006 5650 1759 3471 4263 5326 3411 4641 6154 5584 5340 3789 1739 4729 3455 4032 1253 4734 7135 4951 2729 6166 4472 4789 2711 1183 1342 3630 1898 3219 4410 3901 
36 3000 5973 6546 6737 5110 4276 1296 4171 2321 3829 2214 6164 1599 7561 1914 7063 6090 1055 4619 2414 2272 4792 4323 2147 6331 5917 2261 6969 3705 4042 4672 4434 7462 2085 2590 4346 0 3024 6211 3579 1697 5674 4684 3022 4094 2686 4000 5168 1296 5690 708 1584 4506 2645 5397 3387 3865 5987 3106 6740 2239 4059 6793 4480 4014 4066 7058 4796 2758 3475 6932 2831 3644 7436 2995 3364 7367 5393 6261 4303 7244 2781 1962 4779 3658 4552 2431 6087 6434 5311 6802 1757 1542 1724 3953 3758 2060 3768 1222 3683 7002 
37 3000 6378 7520 4946 6370 4952 4315 4487 705 5879 810 6625 1460 6556 2109 8034 7039 3887 2707 993 5287 2453 5879 3130 7138 6313 4522 6573 4258 5708 1965 1454 6070 1564 4506 1889 3024 0 5220 3556 3786 5441 3104 3656 4161 5112 6067 4780 3376 4102 3483 1453 4224 1546 5636 5073 4808 7338 2390 7620 1373 5311 5671 4398 1078 6078 6521 2354 4229 4272 6856 1824 3953 6032 5007 3767 6296 6584 6555 5582 5614 1713 4135 4480 4376 2829 4343 7507 6190 4207 7156 3849 3999 1918 2380 775 3276 786 1803 4663 5639 
38 3000 2795 4334 1720 4268 3059 6896 2604 5367 5473 5341 2995 5293 1378 4369 4656 4024 6162 2660 4641 7494 3256 4612 4178 3836 2755 5443 1658 3047 4750 4044 4882 1399 4481 4939 3677 6211 5220 0 2704 5178 1449 2154 3449 2394 5863 5579 1336 5238 1426 5987 5647 1850 4013 2311 4649 3493 4884 3219 4239 4472 3988 599 2035 5730 5482 1466 3448 4334 3390 2277 3706 2854 1391 5150 3089 1158 4232 2684 4073 1593 3809 5276 1652 3244 2451 4929 5103 1635 1016 3108 5177 5645 4643 2841 4941 4346 5507 5600 3568 1011 
39 3000 2834 3994 3676 3017 1469 4192 935 3375 3321 3304 3077 2999 4010 1913 4498 3519 3458 2378 2653 4811 3001 2814 1479 3591 2770 2836 3422 850 2786 3512 4009 4051 2243 2394 2994 3579 3556 2704 0 2485 2139 2015 795 620 3336 3478 1590 2535 2646 3293 3373 927 2017 2109 2385 1516 3955 1179 4077 2336 2125 3302 945 4453 3422 3487 3148 1791 1068 3495 1732 477 4033 2729 503 3836 3174 3037 2355 3993 1842 2616 1202 1053 2126 2341 4149 2917 1965 3635 2489 2952 2223 1831 3685 1641 4158 3203 1449 3606 
40 3000 4410 4863 6085 3416 2734 1767 2783 3195 2229 3079 4580 2424 6441 1794 5376 4414 1055 4311 2860 2327 4715 2627 1107 4671 4359 737 5625 2286 2351 4876 4946 6536 2301 902 4426 1697 3786 5178 2485 0 4350 4172 1733 2832 1328 2412 3959 461 5025 1076 2658 3342 2671 3915 1690 2274 4290 2608 5065 2512 2382 5777 3224 4864 2457 5764 4786 1115 1988 5475 2668 2356 6518 1351 2098 6288 3701 4718 2618 6461 2688 350 3580 2175 4148 736 4393 5060 4434 5225 67 467 1889 3613 4351 895 4570 2272 2097 6091 
41 3000 1392 2936 3132 2836 1818 6117 1568 5398 4194 5342 1618 5113 2246 4046 3305 2593 5395 3333 4654 6573 4020 3262 3529 2437 1343 4448 1294 2065 3440 4753 5485 2736 4327 3908 4293 5674 5441 1449 2139 4350 0 2783 2671 1580 4774 4279 665 4523 2541 5304 5486 1255 3994 867 3461 2308 3436 3110 2873 4387 2699 1905 1200 6171 4172 1413 4211 3344 2383 1414 3680 2036 2740 4017 2315 2183 2786 1361 2735 3037 3794 4363 978 2204 3063 3938 3655 780 1729 1899 4332 4797 4354 3197 5365 3643 5905 5338 2428 2422 
42 3000 4056 5508 2059 4847 3289 5651 2671 3345 5335 3340 4306 3443 3458 2774 5952 5079 4954 551 2669 6437 1237 4790 3065 5035 3996 4689 3667 2820 4789 1978 2763 2996 2679 4321 1551 4684 3104 2154 2015 4172 2783 0 2740 2265 5243 5493 2155 4048 1050 4671 3759 1919 2130 3329 4398 3480 5713 1614 5512 2602 4092 2569 2214 3576 5437 3552 1428 3746 3079 4110 1877 2457 2960 4706 2514 3193 4943 4112 4297 2627 1950 4397 2040 3040 299 4236 5924 3410 1180 4677 4198 4613 2970 785 2786 3279 3352 3809 3443 2552 
43 3000 3025 3917 4470 2714 1378 3479 1150 3325 2633 3234 3241 2788 4710 1686 4440 3434 2748 3034 2678 4045 3598 2302 879 3585 2965 2041 3964 710 2203 4003 4370 4818 2158 1604 3492 3022 3656 3449 795 1733 2671 2740 0 1110 2544 2803 2233 1854 3435 2634 3148 1609 2137 2392 1697 1152 3681 1513 4050 2311 1673 4048 1504 4651 2764 4076 3723 1010 618 3911 1928 637 4802 1966 366 4555 2929 3287 1939 4784 2017 1833 1850 748 2806 1546 3852 3417 2757 3857 1729 2198 1986 2408 3942 972 4347 2897 1007 4379 
44 3000 2219 3436 3621 2591 1025 4588 409 3995 3229 3924 2464 3611 3610 2515 3930 2970 3857 2715 3270 5121 3382 2553 1950 3014 2154 3049 2875 673 2593 3968 4532 3786 2862 2546 3456 4094 4161 2394 620 2832 1580 2265 1110 0 3476 3365 1126 2963 2664 3741 3985 553 2629 1489 2334 1259 3489 1772 3501 2957 1857 2988 394 5032 3289 2972 3547 1940 1011 2896 2337 476 3774 2785 745 3466 2710 2417 2042 3831 2449 2897 753 890 2442 2535 3694 2346 1863 3015 2823 3293 2827 2273 4252 2074 4742 3802 1269 3365 
45 3000 4431 4441 7011 2978 2968 2036 3274 4508 1255 4392 4538 3727 6995 3108 4907 4061 1672 5461 4188 1979 5929 2093 2272 4384 4394 605 5954 2815 1777 6155 6266 7260 3626 942 5687 2686 5112 5863 3336 1328 4774 5243 2544 3476 0 1393 4548 1744 5980 1978 3929 4028 3969 4136 1369 2469 3662 3779 4685 3837 2232 6451 3827 6190 1489 6151 6018 1551 2472 5643 3931 3040 7249 774 2854 6887 3271 4763 2358 7292 3965 986 4210 2623 5266 1006 3705 5376 5280 5165 1268 1182 3217 4780 5678 2059 5898 3532 2346 6841 
46 3000 3568 3221 6979 1853 2521 3427 3035 5541 187 5428 3610 4799 6517 3964 3644 2910 3035 5829 5088 3247 6401 1059 2967 3263 3547 1741 5288 2714 838 6775 7045 6963 4510 1570 6272 4000 6067 5579 3478 2412 4279 5493 2803 3365 1393 0 4248 2873 6028 3297 5059 3891 4721 3493 1105 2119 2348 4285 3483 4712 1592 6128 3622 7136 129 5535 6524 1897 2420 4839 4597 3052 6961 1073 2980 6462 2119 3898 1549 7126 4661 2080 3990 2489 5591 1739 2360 4729 5224 4186 2344 2458 4154 5211 6527 2798 6833 4680 2096 6590 
47 3000 1914 3415 2828 3047 1728 5712 1275 4755 4138 4703 2160 4503 2484 3461 3830 3021 4981 2701 4010 6244 3393 3300 3045 2926 1856 4155 1860 1739 3424 4111 4828 2733 3707 3636 3642 5168 4780 1336 1590 3959 665 2155 2233 1126 4548 4248 0 4079 2068 4852 4875 663 3350 1224 3314 2156 3776 2470 3390 3755 2659 1909 738 5505 4154 1901 3582 3041 2081 2076 3034 1603 2727 3823 1866 2349 3059 1956 2760 2884 3148 4019 388 1924 2425 3639 3996 1414 1207 2527 3950 4420 3763 2534 4699 3184 5239 4748 2234 2343 
48 3000 4706 5252 6021 3822 3011 1662 2975 2764 2691 2647 4889 1984 6540 1477 5769 4794 931 4130 2480 2389 4479 3059 1062 5035 4652 1178 5813 2488 2792 4578 4588 6565 1942 1352 4149 1296 3376 5238 2535 461 4523 4048 1854 2963 1744 2873 4079 0 4957 781 2203 3437 2368 4163 2124 2582 4716 2444 5444 2151 2763 5834 3357 4451 2918 5930 4535 1462 2226 5715 2410 2492 6544 1812 2218 6371 4103 5003 3011 6441 2414 801 3692 2413 3991 1183 4826 5259 4431 5531 528 647 1516 3429 3972 896 4162 1814 2401 6112 
49 3000 3926 5460 1064 5076 3613 6595 3022 4385 5888 4384 4158 4491 2549 3775 5846 5083 5881 1402 3718 7334 1890 5197 3927 4964 3874 5464 3079 3316 5255 2677 3544 1967 3719 5039 2374 5690 4102 1426 2646 5025 2541 1050 3435 2664 5980 6028 2068 4957 0 5626 4809 2164 3176 3286 4975 3922 5842 2586 5411 3649 4509 1670 2458 4455 5953 2892 2075 4437 3628 3655 2914 2999 1930 5367 3139 2271 5113 3896 4669 1578 2992 5211 2147 3541 1284 4980 6061 2975 866 4396 5043 5482 3991 1836 3698 4132 4262 4853 3931 1540 
50 3000 5467 5935 6688 4480 3778 982 3757 2802 3129 2688 5644 2022 7303 1942 6446 5490 406 4690 2725 1869 4959 3668 1813 5748 5414 1564 6594 3269 3377 4949 4825 7295 2278 1933 4568 708 3483 5987 3293 1076 5304 4671 2634 3741 1978 3297 4852 781 5626 0 2114 4204 2793 4939 2737 3334 5333 3058 6140 2467 3458 6581 4134 4523 3366 6710 4990 2186 3001 6494 2909 3271 7273 2310 2996 7128 4768 5769 3691 7140 2886 1292 4464 3189 4582 1784 5424 6041 5150 6287 1126 842 1857 3997 4168 1667 4256 1717 3154 6839 
51 3000 6141 7042 5788 5730 4526 2880 4208 747 4873 651 6368 374 7025 1479 7567 6561 2519 3535 1112 3856 3529 5089 2374 6730 6079 3380 6735 3846 4863 3250 2892 6727 1175 3499 3014 1584 1453 5647 3373 2658 5486 3759 3148 3985 3929 5059 4875 2203 4809 2114 0 4233 1648 5454 4193 4248 6680 2443 7188 1178 4634 6179 4314 2431 5094 6753 3489 3390 3744 6867 1944 3637 6694 3987 3386 6793 5981 6377 4905 6385 1846 3004 4513 3894 3551 3327 6821 6266 4653 6965 2725 2758 1169 2973 2210 2437 2183 401 4076 6271 
52 3000 2230 3609 3088 2959 1450 5081 861 4149 3761 4091 2483 3860 3105 2804 4072 3168 4348 2422 3406 5648 3112 3032 2393 3149 2166 3593 2512 1224 3100 3767 4413 3238 3072 3096 3270 4506 4224 1850 927 3342 1255 1919 1609 553 4028 3891 663 3437 2164 4204 4233 0 2747 1477 2878 1772 3799 1863 3633 3132 2347 2447 303 5012 3809 2564 3290 2489 1564 2657 2436 1003 3225 3338 1244 2946 3035 2357 2505 3279 2550 3427 281 1438 2141 3080 4012 2033 1334 2955 3337 3806 3109 2104 4213 2540 4734 4094 1803 2813 
53 3000 4849 5973 4181 4847 3407 3764 2944 1405 4535 1356 5093 1316 5389 891 6487 5492 3146 1984 660 4655 2168 4409 1760 5592 4784 3363 5192 2714 4267 2210 2327 5080 564 3214 1787 2645 1546 4013 2017 2671 3994 2130 2137 2629 3969 4721 3350 2368 3176 2793 1648 2747 0 4115 3666 3280 5813 884 6074 473 3807 4535 2892 2514 4713 5181 2197 2830 2745 5404 316 2406 5048 3703 2223 5152 5052 5039 4075 4755 205 2991 3017 2840 1949 3068 5988 4763 3011 5640 2722 3012 941 1354 1822 1949 2210 1679 3143 4624 
54 3000 753 2193 3968 1971 1197 5668 1254 5484 3425 5413 1006 5082 3036 3976 2624 1798 4970 3859 4759 6020 4554 2451 3270 1709 689 3887 1825 1692 2658 5234 5890 3596 4348 3338 4743 5397 5636 2311 2109 3915 867 3329 2392 1489 4136 3493 1224 4163 3286 4939 5454 1477 4115 0 2779 1693 2589 3246 2183 4446 1955 2769 1248 6470 3379 2049 4737 2833 1938 1559 3817 1822 3602 3363 2088 3007 1921 927 1944 3903 3930 3866 1294 1750 3578 3398 2809 1250 2430 1526 3886 4333 4288 3581 5676 3337 6187 5247 1850 3289 
55 3000 3063 3224 5954 1754 1642 3173 2049 4596 938 4488 3178 3896 5702 2964 3724 2801 2593 4725 4082 3320 5295 937 1943 3095 3026 1276 4602 1664 673 5679 5978 6048 3508 803 5174 3387 5073 4649 2385 1690 3461 4398 1697 2334 1369 1105 3314 2124 4975 2737 4193 2878 3666 2779 0 1163 2600 3186 3446 3702 864 5222 2634 6127 1069 4812 5419 844 1346 4274 3522 1978 6041 597 1884 5614 2046 3395 1020 6151 3592 1447 3014 1443 4489 956 2703 4026 4197 3812 1630 1929 3188 4106 5485 1804 5822 3840 1083 5650 
56 3000 2136 2794 4860 1567 501 3997 915 4471 1995 4377 2309 3898 4543 2816 3319 2314 3318 3883 3830 4326 4516 1310 1883 2502 2086 2193 3493 667 1333 5016 5461 4890 3306 1644 4499 3865 4808 3493 1516 2274 2308 3480 1152 1259 2469 2119 2156 2582 3922 3334 4248 1772 3280 1693 1163 0 2532 2583 2947 3463 613 4061 1503 5793 2037 3683 4664 1163 535 3242 3054 1041 4884 1709 1097 4452 1776 2446 841 5016 3149 2187 1875 467 3623 1708 2709 2915 3106 2953 2236 2665 3105 3346 5068 1870 5490 3963 182 4498 
57 3000 2151 995 6557 967 2489 5671 3082 6974 2434 6875 2029 6351 5365 5308 1318 951 5162 6194 6355 5589 6870 1665 4316 1286 2174 3815 3932 3133 1959 7451 7960 6089 5818 3400 6935 5987 7338 4884 3955 4290 3436 5713 3681 3489 3662 2348 3776 4716 5842 5333 6680 3799 5813 2589 2600 2532 0 5092 1269 5984 2050 5291 3499 8325 2226 4239 7036 3309 3068 3279 5583 3487 6102 3056 3610 5410 781 2385 1777 6463 5680 4041 3727 2980 5917 3557 220 3495 4977 2361 4230 4511 5581 5755 7594 4243 8022 6357 2675 5830 
58 3000 3987 5172 3641 4137 2628 4036 2114 2287 4108 2233 4234 2080 4597 1195 5678 4696 3342 1703 1544 4832 2155 3809 1518 4770 3923 3193 4319 1959 3716 2494 2878 4383 1268 2908 1987 3106 2390 3219 1179 2608 3110 1614 1513 1772 3779 4285 2470 2444 2586 3058 2443 1863 884 3246 3186 2583 5092 0 5256 1290 3157 3770 2013 3274 4256 4320 2258 2406 2063 4519 574 1615 4354 3355 1486 4373 4317 4167 3413 4138 689 2866 2132 2120 1548 2794 5279 3881 2250 4768 2642 3031 1438 1007 2512 1737 2979 2380 2471 3922 
59 3000 1485 274 5959 1709 2683 6617 3141 7362 3534 7276 1255 6834 4440 5736 440 650 6033 6039 6680 6657 6734 2592 4830 488 1538 4720 2982 3380 2909 7400 8021 5274 6195 4234 6901 6740 7620 4239 4077 5065 2873 5512 4050 3501 4685 3483 3390 5444 5411 6140 7188 3633 6074 2183 3446 2947 1269 5256 0 6331 2683 4538 3369 8529 3355 3300 6916 3982 3445 2262 5803 3667 5294 3991 3868 4535 1415 1556 2451 5741 5911 4874 3474 3301 5758 4368 1399 2666 4578 1273 5013 5365 6034 5726 7753 4811 8235 6911 3124 5089 
60 3000 5165 6214 4650 5017 3648 3415 3237 1040 4525 967 5404 842 5850 749 6733 5731 2842 2433 379 4337 2553 4506 1759 5855 5101 3235 5609 2950 4334 2482 2437 5553 211 3163 2115 2239 1373 4472 2336 2512 4387 2602 2311 2957 3837 4712 3755 2151 3649 2467 1178 3132 473 4446 3702 3463 5984 1290 6331 0 3947 5001 3250 2426 4718 5610 2558 2858 2930 5788 766 2678 5521 3663 2463 5616 5239 5374 4220 5227 669 2851 3408 3048 2414 3005 6148 5162 3476 5971 2570 2798 637 1822 1842 1914 2122 1211 3311 5096 
61 3000 2199 2488 5423 1095 931 3993 1487 4926 1496 4826 2315 4302 4944 3260 3006 2032 3371 4496 4322 4183 5126 698 2266 2292 2162 2106 3778 1279 764 5613 6032 5371 3776 1582 5097 4059 5311 3988 2125 2382 2699 4092 1673 1857 2232 1592 2659 2763 4509 3458 4634 2347 3807 1955 864 613 2050 3157 2683 3947 0 4535 2064 6321 1494 4003 5272 1306 1094 3418 3601 1652 5368 1461 1685 4879 1356 2531 273 5542 3690 2208 2418 1071 4236 1700 2204 3206 3679 2952 2332 2701 3530 3952 5615 2201 6016 4320 687 4999 
62 3000 3156 4662 1567 4741 3613 7493 3184 5863 6028 5844 3328 5831 889 4936 4936 4395 6760 3029 5148 8093 3560 5140 4773 4172 3125 6038 1701 3636 5294 4348 5212 836 5022 5531 4030 6793 5671 599 3302 5777 1905 2569 4048 2988 6451 6128 1909 5834 1670 6581 6179 2447 4535 2769 5222 4061 5291 3770 4538 5001 4535 0 2624 6106 6028 1427 3745 4928 3980 2410 4235 3451 837 5733 3688 625 4680 2992 4605 1204 4334 5874 2242 3829 2854 5523 5508 1872 1525 3336 5776 6244 5203 3305 5334 4943 5901 6149 4143 550 
63 3000 2000 3334 3361 2656 1154 4981 588 4280 3498 4215 2252 3940 3222 2858 3806 2887 4251 2709 3545 5506 3396 2743 2340 2883 1935 3421 2492 1012 2821 4035 4657 3434 3171 2907 3533 4480 4398 2035 945 3224 1200 2214 1504 394 3827 3622 738 3357 2458 4134 4314 303 2892 1248 2634 1503 3499 2013 3369 3250 2064 2624 0 5222 3538 2581 3571 2307 1355 2552 2587 869 3424 3117 1139 3085 2734 2157 2212 3518 2701 3281 383 1209 2429 2905 3712 1974 1616 2758 3214 3684 3168 2357 4429 2467 4939 4149 1551 3023 
64 3000 7222 8446 5132 7360 5894 5311 5387 1720 6948 1836 7473 2508 6995 3172 8951 7969 4929 3079 2048 6287 2598 6911 4185 8042 7157 5601 7209 5210 6752 1874 1019 6377 2626 5578 2081 4014 1078 5730 4453 4864 6171 3576 4651 5032 6190 7136 5505 4451 4455 4523 2431 5012 2514 6470 6127 5793 8325 3274 8529 2426 6321 6106 5222 0 7144 7118 2438 5283 5258 7572 2746 4882 6335 6080 4723 6720 7561 7369 6589 5838 2646 5213 5246 5348 3278 5417 8502 6885 4749 7968 4927 5071 2993 2982 806 4340 305 2814 5658 5981 
65 3000 3443 3093 6897 1724 2425 3525 2951 5562 238 5450 3484 4828 6406 3971 3519 2780 3115 5782 5095 3365 6361 938 2966 3133 3423 1805 5170 2645 733 6748 7034 6863 4518 1596 6243 4066 6078 5482 3422 2457 4172 5437 2764 3289 1489 129 4154 2918 5953 3366 5094 3809 4713 3379 1069 2037 2226 4256 3355 4718 1494 6028 3538 7144 0 5419 6487 1884 2359 4716 4582 2989 6861 1108 2928 6355 1989 3773 1438 7034 4648 2132 3902 2419 5541 1767 2243 4612 5143 4057 2390 2525 4169 5171 6525 2804 6840 4719 2023 6493 
66 3000 2113 3469 2993 3890 3183 7531 2982 6578 5473 6536 2210 6384 1140 5358 3661 3294 6808 4083 5835 7979 4705 4484 4921 3008 2105 5850 318 3479 4704 5489 6311 2019 5579 5306 5099 7058 6521 1466 3487 5764 1413 3552 4076 2972 6151 5535 1901 5930 2892 6710 6753 2564 5181 2049 4812 3683 4239 4320 3300 5610 4003 1427 2581 7118 5419 0 4899 4752 3795 1053 4864 3439 2046 5385 3715 1246 3756 1854 3989 2583 4975 5775 2285 3614 3852 5343 4445 807 2373 2038 5746 6211 5658 4161 6318 5045 6879 6641 3816 1940 
67 3000 5473 6899 2695 6132 4562 5958 3955 2859 6351 2905 5725 3279 4623 3072 7356 6458 5342 881 2416 6853 194 5957 3745 6435 5412 5423 5043 3998 5904 602 1477 3949 2726 5165 478 4796 2354 3448 3148 4786 4211 1428 3723 3547 6018 6524 3582 4535 2075 4990 3489 3290 2197 4737 5419 4664 7036 2258 6916 2558 5272 3745 3571 2438 6487 4899 0 4661 4195 5524 2125 3624 3906 5613 3600 4343 6257 5538 5504 3400 2123 5076 3443 4201 1159 5046 7241 4823 2561 6106 4829 5168 3134 1322 1756 3960 2290 3686 4591 3567 
68 3000 3299 3793 5462 2384 1638 2837 1788 3762 1714 3654 3465 3079 5516 2121 4313 3333 2155 4018 3238 3228 4549 1699 1099 3573 3249 1114 4589 1302 1489 4886 5150 5726 2665 610 4388 2758 4229 4334 1791 1115 3344 3746 1010 1940 1551 1897 3041 1462 4437 2186 3390 2489 2830 2833 844 1163 3309 2406 3982 2858 1306 4928 2307 5283 1884 4752 4661 0 966 4391 2700 1492 5714 963 1303 5390 2657 3610 1562 5742 2764 1034 2687 1140 3801 599 3439 4016 3728 4110 1074 1503 2351 3367 4646 968 4978 3053 990 5301 
69 3000 2500 3305 4615 2102 808 3752 822 3943 2269 3850 2700 3389 4551 2296 3829 2823 3042 3445 3296 4192 4055 1764 1404 2986 2444 2079 3642 343 1718 4522 4940 4788 2776 1555 4006 3475 4272 3390 1068 1988 2383 3079 618 1011 2472 2420 2081 2226 3628 3001 3744 1564 2745 1938 1346 535 3068 2063 3445 2930 1094 3980 1355 5258 2359 3795 4195 966 0 3493 2522 633 4777 1774 595 4429 2311 2786 1349 4842 2616 1980 1738 187 3195 1565 3243 3074 2860 3332 1964 2423 2590 2872 4537 1428 4955 3475 408 4372 
70 3000 1274 2447 3943 3072 2752 7227 2761 6806 4806 6748 1286 6493 2183 5408 2611 2327 6530 4661 6063 7559 5330 3781 4790 2011 1292 5431 737 3231 4040 6089 6855 3067 5719 4882 5650 6932 6856 2277 3495 5475 1414 4110 3911 2896 5643 4839 2076 5715 3655 6494 6867 2657 5404 1559 4274 3242 3279 4519 2262 5788 3418 2410 2552 7572 4716 1053 5524 4391 3493 0 5091 3305 3091 4868 3582 2299 2891 953 3342 3601 5205 5423 2387 3306 4402 4950 3474 700 2968 991 5446 5892 5718 4591 6765 4873 7310 6697 3404 2949 
71 3000 4556 5710 3936 4621 3150 3890 2665 1721 4415 1673 4801 1600 5083 967 6220 5231 3241 1793 975 4751 2069 4224 1674 5319 4491 3329 4876 2464 4099 2224 2457 4795 806 3129 1759 2831 1824 3706 1732 2668 3680 1877 1928 2337 3931 4597 3034 2410 2914 2909 1944 2436 316 3817 3522 3054 5583 574 5803 766 3601 4235 2587 2746 4582 4864 2125 2700 2522 5091 0 2141 4764 3607 1977 4849 4815 4740 3865 4490 114 2969 2704 2603 1723 2994 5763 4448 2709 5341 2713 3042 1106 1123 2014 1879 2446 1943 2926 4337 
72 3000 2505 3569 3997 2544 1013 4111 571 3717 2902 3637 2737 3267 4086 2157 4081 3089 3382 2844 3017 4649 3475 2345 1496 3186 2443 2591 3330 373 2331 3989 4472 4239 2558 2102 3471 3644 3953 2854 477 2356 2036 2457 637 476 3040 3052 1603 2492 2999 3271 3637 1003 2406 1822 1978 1041 3487 1615 3667 2678 1652 3451 869 4882 2989 3439 3624 1492 633 3305 2141 0 4225 2379 279 3939 2709 2741 1879 4252 2246 2425 1226 585 2587 2079 3679 2789 2248 3328 2347 2817 2469 2309 4127 1607 4584 3425 986 3810 
73 3000 3956 5435 1308 5574 4443 8206 3996 6306 6858 6300 4113 6362 1044 5544 5677 5192 7475 3327 5622 8843 3738 5977 5482 4951 3928 6817 2355 4434 6128 4498 5381 45 5568 6321 4263 7436 6032 1391 4033 6518 2740 2960 4802 3774 7249 6961 2727 6544 1930 7273 6694 3225 5048 3602 6041 4884 6102 4354 5294 5521 5368 837 3424 6335 6861 2046 3906 5714 4777 3091 4764 4225 0 6541 4449 822 5506 3769 5441 644 4854 6635 3040 4634 3212 6305 6317 2636 2127 4058 6521 6986 5792 3740 5602 5663 6161 6705 4960 434 
74 3000 3661 3758 6376 2283 2203 2632 2548 4470 886 4357 3774 3726 6248 2914 4244 3354 2108 4981 4035 2726 5505 1413 1943 3662 3623 760 5183 2114 1102 5817 6031 6550 3458 501 5326 2995 5007 5150 2729 1351 4017 4706 1966 2785 774 1073 3823 1812 5367 2310 3987 3338 3703 3363 597 1709 3056 3355 3991 3663 1461 5733 3117 6080 1108 5385 5613 963 1774 4868 3607 2379 6541 0 2229 6150 2578 3992 1604 6617 3661 1037 3501 1908 4764 667 3130 4606 4627 4405 1284 1471 3091 4327 5492 1758 5779 3611 1598 6141 
75 3000 2755 3755 4159 2652 1187 3846 834 3497 2821 3413 2982 3018 4343 1907 4273 3273 3115 2858 2813 4405 3460 2359 1216 3392 2693 2377 3609 491 2308 3928 4364 4464 2332 1911 3411 3364 3767 3089 503 2098 2315 2514 366 745 2854 2980 1866 2218 3139 2996 3386 1244 2223 2088 1884 1097 3610 1486 3868 2463 1685 3688 1139 4723 2928 3715 3600 1303 595 3582 1977 279 4449 2229 0 4190 2839 3001 1933 4447 2077 2187 1483 633 2613 1871 3794 3069 2427 3582 2093 2562 2217 2277 3984 1329 4422 3163 998 4028 
76 3000 3259 4691 1980 4958 3979 8023 3614 6486 6376 6465 3393 6442 283 5528 4904 4481 7289 3646 5769 8588 4160 5443 5314 4218 3239 6505 1563 4088 5624 4945 5815 789 5632 5984 4641 7367 6296 1158 3836 6288 2183 3193 4555 3466 6887 6462 2349 6371 2271 7128 6793 2946 5152 3007 5614 4452 5410 4373 4535 5616 4879 625 3085 6720 6355 1246 4343 5390 4429 2299 4849 3939 822 6150 4190 0 4862 3041 4919 1424 4949 6364 2713 4267 3477 5989 5622 1916 2140 3280 6283 6752 5801 3930 5952 5475 6519 6754 4552 864 
77 3000 1647 1180 5870 294 1708 5208 2302 6241 2147 6145 1606 5643 4848 4580 1679 797 4640 5419 5607 5245 6092 1177 3608 1144 1651 3314 3466 2358 1494 6669 7181 5498 5080 2844 6154 5393 6584 4232 3174 3701 2786 4943 2929 2710 3271 2119 3059 4103 5113 4768 5981 3035 5052 1921 2046 1776 781 4317 1415 5239 1356 4680 2734 7561 1989 3756 6257 2657 2311 2891 4815 2709 5506 2578 2839 4862 0 1942 1095 5824 4914 3488 2979 2213 5142 2986 984 2970 4246 2109 3646 3974 4861 4974 6823 3554 7259 5673 1929 5207 
78 3000 334 1670 4404 2118 1991 6440 2170 6412 3872 6341 355 6006 2983 4898 1973 1443 5765 4657 5685 6708 5349 2842 4159 1182 369 4599 1549 2579 3111 6061 6754 3752 5275 4054 5584 6261 6555 2684 3037 4718 1361 4112 3287 2417 4763 3898 1956 5003 3896 5769 6377 2357 5039 927 3395 2446 2385 4167 1556 5374 2531 2992 2157 7369 3773 1854 5538 3610 2786 953 4740 2741 3769 3992 3001 3041 1942 0 2427 4193 4853 4629 2137 2603 4381 4139 2591 1132 3090 601 4682 5111 5210 4445 6571 4209 7090 6164 2621 3542 
79 3000 2093 2245 5557 826 1057 4188 1653 5199 1484 5100 2183 4574 4968 3533 2759 1801 3585 4715 4594 4329 5354 540 2538 2080 2062 2292 3749 1505 715 5857 6290 5441 4049 1787 5340 4303 5582 4073 2355 2618 2735 4297 1939 2042 2358 1549 2760 3011 4669 3691 4905 2505 4075 1944 1020 841 1777 3413 2451 4220 273 4605 2212 6589 1438 3989 5504 1562 1349 3342 3865 1879 5441 1604 1933 4919 1095 2427 0 5644 3956 2424 2549 1308 4451 1917 1931 3185 3827 2807 2564 2915 3803 4187 5880 2471 6285 4589 941 5084 
