FILE: 3011EuclS.txt
100 100 0 
1 3000 0 953 7021 5331 1768 506 4925 1589 5747 2833 2413 2257 3024 1860 5817 5522 6483 7724 3313 4060 4327 7798 3437 4325 6053 1011 5639 2489 4885 4654 2318 6961 2939 610 4120 1691 5154 5366 2878 7002 5422 7030 4102 2727 3282 7637 2984 2725 6754 1103 3638 5771 7500 6597 5498 3515 4382 4457 2221 6279 1801 4106 4405 4411 3141 3930 5830 6316 3885 2107 4344 5606 6265 2432 1607 7889 2098 5870 3061 3863 3307 2578 1941 2135 4047 4246 7019 4047 4864 4217 2385 2240 5882 2025 5305 4284 5153 6040 1427 5442 
2 3000 953 0 6129 4378 1226 753 3976 1601 5065 1956 1489 1662 2170 911 4926 4583 5769 6893 2362 3213 4106 7028 2623 3955 5100 903 4688 2110 4545 3891 1383 6129 2009 1195 3727 740 4665 4439 2377 6178 4492 6297 3158 2303 2346 6895 2103 1788 6126 797 2691 4827 6667 5971 4578 3175 3537 4238 1341 5430 1575 3662 3914 3609 3257 3239 4881 5517 3016 1454 3545 4655 5462 1479 1681 7076 2052 4917 2348 3012 2803 1624 1289 1950 3172 3955 6103 3953 4942 3264 1610 1655 4973 1621 4495 3343 4537 5290 1003 4869 
3 3000 7021 6129 0 2764 6341 6600 2539 6224 2710 4188 4644 4999 5150 5365 1204 1849 2334 1282 3941 4924 5471 2059 3645 4779 2167 6225 2846 5245 4927 2748 4759 981 4695 7314 4703 5421 4094 3711 4776 1101 1795 2198 3133 5036 3829 2299 5014 4788 3158 6045 4016 1801 1124 3150 3864 5025 2689 5492 4802 1002 5800 4480 4198 2784 6594 3558 1952 1493 3141 6084 2856 2197 1478 4765 6324 1611 6059 2352 5805 4933 4545 4667 5185 5768 4695 5146 499 5990 7034 3237 4680 6246 4070 5429 2005 3770 3315 2060 6517 3541 
4 3000 5331 4378 2764 0 4134 5044 715 5146 4016 2852 3021 3973 2720 3475 2042 1022 4181 4001 2046 2225 5720 4633 2828 5087 800 4840 373 4508 5513 3041 3078 3425 2471 5428 4899 3646 4914 1007 4183 3541 1220 4388 1408 4408 2194 4751 2636 2652 4994 4638 1722 966 3806 4906 1201 4880 2369 5800 3305 2808 4767 4668 4565 2718 6177 3425 821 3342 2295 3802 2749 567 3281 2904 5262 4313 5214 580 3271 2275 4209 2754 3951 4916 2015 5388 2436 6046 7247 1151 3465 3901 1544 4431 2784 1188 4177 3632 4400 4580 
5 3000 1768 1226 6341 4134 0 1866 3924 2828 5781 2489 1937 2679 1475 1158 5179 4606 6415 7277 2400 2429 5246 7547 3233 5015 4921 2127 4376 3233 5612 4517 1803 6526 1688 1513 4778 1297 5616 3917 3409 6596 4579 6900 3212 3391 2558 7471 1513 1559 6891 2022 2435 4796 7049 6742 4009 4276 4000 5376 1993 5801 2778 4678 4885 4170 4483 4016 4792 6007 3448 377 4118 4535 5946 1648 2906 7502 3272 4711 1315 2246 3807 1706 2307 3149 2473 5063 6219 5141 6160 3175 2424 472 4346 2764 4995 2967 5356 5885 352 5730 
6 3000 506 753 6600 5044 1866 0 4592 1133 5250 2422 2055 1761 2924 1631 5397 5160 5991 7265 3002 3967 3850 7317 2984 3826 5738 505 5367 1984 4390 4176 1977 6503 2740 1077 3618 1413 4648 5164 2371 6540 5046 6540 3759 2221 2928 7149 2855 2515 6251 603 3392 5420 7042 6093 5310 3016 3938 3981 1825 5831 1303 3601 3898 3948 2751 3439 5493 5847 3459 2151 3879 5280 5797 2145 1171 7421 1640 5565 3077 3766 2800 2300 1462 1648 3924 3757 6619 3597 4471 3908 1931 2327 5711 1518 4842 4054 4650 5556 1566 4936 
7 3000 4925 3976 2539 715 3924 4592 0 4576 3364 2276 2537 3369 2631 3105 1574 700 3601 3681 1617 2417 5009 4214 2153 4372 1165 4337 1078 3868 4797 2335 2616 3025 2237 5092 4186 3236 4206 1616 3517 3130 761 3867 835 3751 1668 4286 2507 2373 4385 4136 1510 872 3468 4287 1828 4183 1654 5088 2792 2344 4182 3954 3850 2004 5518 2712 904 2815 1600 3629 2034 692 2752 2504 4691 3970 4603 1030 3270 2407 3518 2370 3391 4301 2181 4676 2327 5346 6544 749 2886 3767 2215 3833 2138 1244 3481 3035 4148 3889 
8 3000 1589 1601 6224 5146 2828 1133 4576 0 4486 2301 2183 1243 3546 2170 5054 5034 5255 6712 3148 4545 2740 6644 2606 2791 5742 709 5501 1080 3328 3586 2172 5969 3184 2194 2604 1900 3686 5476 1554 5986 4874 5821 3756 1331 2952 6433 3430 2959 5397 811 3677 5321 6499 5240 5651 1983 3542 2870 1873 5355 423 2629 2958 3452 1658 2777 5437 5261 3168 3037 3380 5264 5219 2459 116 6827 509 5601 3873 4347 1937 2615 1194 596 4449 2677 6326 2465 3362 3999 1690 3249 6080 794 4314 4342 3819 4889 2585 4048 
9 3000 5747 5065 2710 4016 5781 5250 3364 4486 0 3293 3844 3490 5137 4626 2186 3084 776 2512 3722 5455 2907 2203 2548 2257 3931 4771 4314 3406 2268 1294 3978 1934 4533 6216 2259 4542 1414 4980 2938 1882 2843 1346 3273 3156 3414 1954 4958 4493 1129 4647 4177 3311 2348 994 5190 2759 1975 2901 3817 1744 4100 2086 1739 1685 4299 1827 3538 1228 2466 5669 1718 3614 1234 4172 4557 2514 4150 3984 5831 5363 2552 4163 3819 3915 5220 2617 3106 3478 4406 3611 3459 5893 5560 3779 1231 4371 738 656 5811 837 
10 3000 2833 1956 4188 2852 2489 2422 2276 2301 3293 0 552 1129 2062 1341 2984 2772 3931 4941 967 2774 3383 5114 744 2927 3442 2096 3213 1721 3498 2031 685 4177 1467 3151 2690 1300 3287 3289 1519 4230 2638 4428 1454 1684 681 5010 1885 1337 4408 1902 1584 3048 4714 4262 3482 2396 1586 3496 616 3474 1915 2518 2621 1698 3409 1576 3149 3586 1060 2383 1642 2966 3529 900 2417 5131 2368 3299 2696 2608 1740 934 1114 2076 2597 3105 4196 3529 4722 1717 613 2613 3923 1580 2562 2185 2908 3412 2541 3304 
11 3000 2413 1489 4644 3021 1937 2055 2537 2183 3844 552 0 1218 1660 791 3443 3111 4482 5452 980 2508 3724 5653 1296 3335 3689 1818 3362 1873 3921 2583 133 4690 1125 2669 3094 781 3781 3292 1808 4748 3009 4976 1704 1909 873 5556 1495 939 4957 1616 1496 3366 5225 4810 3468 2720 2111 3844 314 3979 1857 2945 3087 2245 3513 2104 3437 4119 1567 1842 2191 3227 4061 414 2299 5653 2368 3523 2238 2324 2113 517 1024 2104 2366 3472 4615 3795 4958 1872 715 2075 3899 1589 3097 2158 3443 3961 1994 3831 
12 3000 2257 1662 4999 3973 2679 1761 3369 1243 3490 1129 1218 0 2843 1629 3819 3798 4229 5555 2066 3726 2602 5565 1364 2336 4529 1296 4337 656 2933 2437 1273 4800 2341 2744 2100 1408 3003 4408 731 4828 3633 4780 2567 734 1809 5389 2689 2144 4507 1158 2657 4088 5336 4351 4597 1609 2310 2729 925 4158 827 2012 2253 2252 2309 1678 4212 4118 1924 2735 2180 4049 4071 1605 1352 5694 1241 4399 3350 3541 1145 1730 378 947 3582 2393 5087 2603 3748 2844 536 2975 5036 464 3135 3291 2908 3802 2578 3220 
13 3000 3024 2170 5150 2720 1475 2924 2631 3546 5137 2062 1660 2843 0 1377 4063 3331 5653 6208 1418 1043 5384 6606 2709 4977 3519 2960 2931 3498 5555 3844 1578 5491 612 2928 4738 1646 5334 2443 3468 5578 3355 6069 2072 3559 1725 6592 180 729 6266 2784 1134 3477 5985 6131 2539 4380 3185 5504 1922 4766 3324 4575 4683 3451 5064 3595 3438 5084 2670 1111 3420 3172 5020 1248 3651 6468 3859 3301 701 843 3765 1151 2569 3638 1026 5128 4959 5443 6590 1913 2372 1183 2890 3142 4136 1533 4881 5086 1790 5295 
14 3000 1860 911 5365 3475 1158 1631 3105 2170 4626 1341 791 1629 1377 0 4174 3738 5272 6220 1489 2395 4232 6440 2082 3932 4209 1593 3779 2249 4528 3372 658 5461 1108 1988 3692 270 4479 3534 2336 5522 3668 5768 2306 2363 1537 6347 1271 883 5733 1410 1779 3968 5992 5584 3678 3236 2893 4359 840 4744 1970 3573 3758 3036 3722 2858 4007 4904 2345 1124 2982 3773 4845 607 2274 6429 2504 4021 1754 2194 2708 734 1290 2304 2323 4017 5299 4206 5307 2377 1290 1365 4081 1834 3884 2431 4198 4752 1204 4575 
15 3000 5817 4926 1204 2042 5179 5397 1574 5054 2186 2984 3443 3819 4063 4174 0 1021 2180 2146 2781 3983 4589 2640 2457 3895 1772 5029 2264 4108 4154 1728 3560 1456 3566 6113 3778 4222 3390 3049 3652 1558 835 2347 2000 3912 2642 2723 3914 3638 3022 4847 2933 1173 1925 2955 3240 4010 1512 4631 3598 775 4630 3544 3311 1663 5546 2481 1399 1306 1939 4939 1732 1536 1247 3579 5157 2417 4919 1859 4741 3959 3466 3488 3990 4622 3744 4252 1281 5059 6174 2170 3482 5113 3550 4259 1081 2808 2587 1672 5339 2916 
16 3000 5522 4583 1849 1022 4606 5160 700 5034 3084 2772 3111 3798 3331 3738 1021 0 3181 3029 2252 3079 5115 3621 2481 4444 893 4866 1252 4227 4800 2280 3204 2416 2924 5725 4284 3846 4120 2029 3827 2529 247 3368 1431 4077 2240 3731 3206 3048 4008 4670 2207 301 2824 3929 2219 4381 1738 5179 3337 1786 4625 4047 3884 2040 5816 2843 494 2325 1900 4319 2090 532 2265 3131 5146 3330 5002 904 3969 3084 3752 3008 3875 4698 2848 4776 1628 5513 6686 1436 3358 4462 2534 4262 1867 1920 3344 2646 4818 3722 
17 3000 6483 5769 2334 4181 6415 5991 3601 5255 776 3931 4482 4229 5653 5272 2180 3181 0 1841 4238 5857 3615 1431 3192 2992 3946 5519 4433 4176 2927 1900 4616 1411 5065 6935 3015 5210 2078 5180 3704 1323 2963 569 3679 3926 3958 1178 5480 5051 856 5388 4626 3354 1712 821 5381 3531 2471 3595 4487 1520 4864 2852 2501 2249 5060 2553 3579 912 3008 6276 2297 3708 957 4780 5328 1791 4926 4040 6354 5787 3324 4754 4546 4688 5618 3343 2794 4199 5058 3981 4158 6492 5714 4537 1535 4723 1503 577 6470 1492 
18 3000 7724 6893 1282 4001 7277 7265 3681 6712 2512 4941 5452 5555 6208 6220 2146 3029 1841 0 4897 6098 5419 878 4287 4766 3445 6840 4112 5662 4757 3127 5578 764 5700 8089 4754 6231 3902 4972 5178 727 2919 1421 4140 5426 4719 1215 6057 5759 2467 6679 5080 3036 227 2520 5132 5203 3355 5409 5553 1477 6297 4564 4230 3317 6773 3937 3206 1454 3886 7057 3386 3437 1494 5646 6800 332 6460 3623 6888 6087 4862 5572 5807 6191 5862 5128 1742 5990 6893 4315 5339 7240 5350 5939 2424 4926 3239 1914 7411 3314 
19 3000 3313 2362 3941 2046 2400 3002 1617 3148 3722 967 980 2066 1418 1489 2781 2252 4238 4897 0 1885 4308 5232 1393 3802 2740 2797 2382 2682 4347 2433 1032 4157 830 3477 3572 1622 4018 2345 2481 4235 2197 4663 824 2651 352 5198 1242 861 4850 2594 623 2478 4671 4717 2532 3338 1768 4415 1278 3429 2798 3380 3425 2037 4367 2272 2521 3698 1256 2160 2008 2292 3635 887 3265 5137 3286 2563 2117 1743 2666 756 1963 3004 1684 4014 3837 4485 5683 906 1530 2343 2970 2494 2728 1225 3502 3673 2581 3922 
20 3000 4060 3213 4924 2225 2429 3967 2417 4545 5455 2774 2508 3726 1043 2395 3983 3079 5857 6098 1885 0 6158 6617 3278 5679 2999 3987 2318 4381 6231 4209 2460 5439 1389 3928 5447 2659 5892 1623 4276 5541 3178 6200 2186 4405 2237 6664 1123 1601 6561 3805 1306 3139 5886 6440 1658 5169 3486 6270 2806 4744 4293 5260 5310 3808 6007 4151 3035 5163 3060 2051 3796 2768 5099 2134 4654 6388 4824 2773 1214 201 4514 1997 3498 4583 240 5876 4643 6284 7461 1878 3214 2041 1940 4075 4325 1175 5332 5280 2768 5757 
21 3000 4327 4106 5471 5720 5246 3850 5009 2740 2907 3383 3724 2602 5384 4232 4589 5115 3615 5419 4308 6158 0 5019 2986 695 5998 3365 6088 2012 771 2877 3812 4819 4825 4926 830 4006 1547 6444 1919 4779 4879 4150 4431 1869 3967 4702 5217 4659 3356 3364 4929 5409 5254 3219 6656 1004 3391 131 3480 4469 2567 1067 1281 3075 1653 2298 5607 4080 3441 5331 3026 5555 4069 4137 2739 5404 2236 5954 5937 5991 1644 4235 2954 2205 5977 339 5777 595 1585 4796 3016 5570 7091 2489 3527 5449 2194 3534 5096 2124 
22 3000 7798 7028 2059 4633 7547 7317 4214 6644 2203 5114 5653 5565 6606 6440 2640 3621 1431 878 5232 6617 5019 0 4406 4414 4161 6861 4790 5568 4303 3145 5784 1207 6057 8214 4444 6415 3472 5629 5090 1092 3468 871 4541 5322 5006 384 6443 6086 1800 6717 5503 3684 950 1892 5804 4961 3549 4989 5706 1873 6243 4283 3932 3422 6490 3892 3878 1541 4101 7363 3483 4083 1602 5899 6722 601 6335 4319 7301 6584 4727 5847 5857 6088 6377 4759 2550 5608 6406 4771 5429 7563 6058 5904 2556 5443 2934 1763 7644 2898 
23 3000 3437 2623 3645 2828 3233 2984 2153 2606 2548 744 1296 1364 2709 2082 2457 2481 3192 4287 1393 3278 2986 4406 0 2433 3272 2584 3201 1745 2962 1292 1429 3524 2097 3814 2211 2021 2635 3467 1365 3566 2297 3697 1462 1605 1041 4286 2528 2009 3665 2410 1991 2779 4063 3519 3676 2074 959 3084 1302 2846 2185 2005 2032 985 3367 888 2925 2893 581 3124 922 2796 2839 1631 2712 4458 2526 3171 3376 3136 1393 1640 1542 2222 3073 2674 3723 3245 4452 1817 1053 3352 4115 1814 1874 2466 2187 2683 3278 2593 
24 3000 4325 3955 4779 5087 5015 3826 4372 2791 2257 2927 3335 2336 4977 3932 3895 4444 2992 4766 3802 5679 695 4414 2433 0 5332 3323 5450 1859 597 2189 3438 4146 4393 4899 240 3733 995 5849 1605 4111 4205 3543 3840 1651 3453 4115 4803 4247 2834 3280 4415 4736 4595 2687 6063 811 2734 739 3128 3777 2524 428 585 2407 2100 1665 4937 3402 2836 5054 2362 4896 3389 3749 2818 4769 2327 5295 5572 5523 1227 3827 2711 2204 5486 368 5081 1227 2279 4211 2659 5295 6494 2349 2832 4895 1527 2866 4908 1522 
25 3000 6053 5100 2167 800 4921 5738 1165 5742 3931 3442 3689 4529 3519 4209 1772 893 3946 3445 2740 2999 5998 4161 3272 5332 0 5497 713 5009 5694 3174 3761 2968 3245 6182 5168 4361 5011 1575 4636 3091 1139 4054 1997 4878 2828 4333 3431 3415 4793 5296 2494 624 3271 4727 1708 5240 2610 6065 3953 2460 5345 4931 4775 2925 6636 3715 402 3050 2699 4594 2972 479 2997 3621 5856 3770 5758 225 4069 3062 4596 3478 4556 5455 2798 5660 1766 6383 7564 1835 4051 4698 1905 4993 2736 1988 4230 3444 5178 4601 
26 3000 1011 903 6225 4840 2127 505 4337 709 4771 2096 1818 1296 2960 1593 5029 4866 5519 6840 2797 3987 3365 6861 2584 3323 5497 0 5179 1478 3890 3731 1768 6081 2675 1576 3113 1334 4143 5055 1872 6113 4734 6073 3501 1716 2669 6683 2863 2446 5758 202 3256 5137 6619 5601 5216 2514 3544 3496 1544 5424 803 3095 3394 3525 2367 2972 5227 5409 3092 2353 3455 5029 5361 2000 780 6985 1192 5337 3223 3787 2299 2159 1042 1160 3915 3261 6272 3141 4070 3691 1546 2558 5632 1016 4416 3926 4158 5098 1876 4437 
27 3000 5639 4688 2846 373 4376 5367 1078 5501 4314 3213 3362 4337 2931 3779 2264 1252 4433 4112 2382 2318 6088 4790 3201 5450 713 5179 0 4878 5869 3384 3412 3584 2742 5710 5265 3961 5256 868 4555 3704 1479 4605 1776 4780 2549 4934 2865 2935 5260 4977 2006 1112 3928 5179 1019 5252 2726 6167 3651 3011 5127 5033 4924 3072 6549 3791 912 3570 2667 4032 3105 727 3511 3222 5617 4432 5579 500 3433 2397 4582 3069 4307 5282 2129 5755 2469 6418 7618 1502 3826 4114 1286 4794 3085 1409 4508 3897 4655 4905 
28 3000 2489 2110 5245 4508 3233 1984 3868 1080 3406 1721 1873 656 3498 2249 4108 4227 4176 5662 2682 4381 2012 5568 1745 1859 5009 1478 4878 0 2441 2548 1929 4927 2997 3047 1641 2009 2666 5008 483 4938 4039 4742 3102 252 2399 5353 3345 2800 4329 1422 3287 4525 5451 4172 5203 1066 2606 2143 1582 4339 710 1616 1921 2461 1688 1726 4669 4207 2327 3328 2389 4530 4168 2261 1153 5765 814 4897 3989 4197 859 2387 958 530 4234 1845 5389 1958 3092 3408 1173 3566 5644 491 3289 3905 2743 3817 3088 2988 
29 3000 4885 4545 4927 5513 5612 4390 4797 3328 2268 3498 3921 2933 5555 4528 4154 4800 2927 4757 4347 6231 771 4303 2962 597 5694 3890 5869 2441 0 2520 4026 4202 4966 5467 835 4330 855 6319 2202 4150 4556 3441 4325 2242 3996 3973 5380 4826 2602 3857 4952 5084 4606 2469 6534 1378 3144 706 3721 3928 3087 979 954 2798 2415 2138 5294 3482 3316 5650 2764 5278 3479 4334 3345 4717 2845 5677 6159 6080 1821 4408 3307 2752 6032 662 5272 1360 2138 4699 3252 5892 6959 2932 3073 5404 1611 2918 5503 1443 
30 3000 4654 3891 2748 3041 4517 4176 2335 3586 1294 2031 2583 2437 3844 3372 1728 2280 1900 3127 2433 4209 2877 3145 1292 2189 3174 3731 3384 2548 2520 0 2716 2383 3239 5072 2056 3312 1872 3925 2066 2400 2036 2409 2056 2321 2120 3003 3666 3199 2424 3579 2914 2564 2912 2286 4140 2291 735 2928 2591 1800 3169 1821 1615 401 3848 824 2774 1682 1177 4389 424 2764 1636 2891 3676 3256 3357 3161 4538 4104 1799 2875 2714 3078 3978 2538 2971 3332 4462 2417 2286 4610 4544 2811 749 3176 1161 1398 4570 1583 
31 3000 2318 1383 4759 3078 1803 1977 2616 2172 3978 685 133 1273 1578 658 3560 3204 4616 5578 1032 2460 3812 5784 1429 3438 3761 1768 3412 1929 4026 2716 0 4817 1071 2556 3197 662 3902 3310 1893 4876 3109 5110 1787 1980 964 5689 1419 871 5090 1566 1507 3454 5351 4942 3480 2807 2240 3934 347 4104 1864 3053 3203 2378 3548 2233 3519 4250 1695 1713 2324 3303 4191 332 2287 5781 2384 3590 2135 2272 2213 463 1044 2130 2328 3566 4721 3866 5020 1934 795 1947 3907 1618 3228 2175 3573 4094 1861 3959 
32 3000 6961 6129 981 3425 6526 6503 3025 5969 1934 4177 4690 4800 5491 5461 1456 2416 1411 764 4157 5439 4819 1207 3524 4146 2968 6081 3584 4927 4202 2383 4817 0 4968 7324 4111 5469 3349 4422 4444 125 2271 1217 3419 4695 3967 1369 5336 5018 2200 5919 4370 2477 539 2206 4597 4523 2591 4822 4789 728 5551 3908 3589 2556 6100 3200 2673 749 3124 6313 2626 2876 774 4890 6059 979 5731 3118 6177 5415 4144 4820 5046 5457 5200 4513 1476 5374 6338 3618 4576 6501 4857 5191 1665 4263 2625 1287 6654 2768 
33 3000 2939 2009 4695 2471 1688 2740 2237 3184 4533 1467 1125 2341 612 1108 3566 2924 5065 5700 830 1389 4825 6057 2097 4393 3245 2675 2742 2997 4966 3239 1071 4968 0 2969 4155 1346 4726 2430 2920 5049 2912 5494 1567 3033 1118 6028 431 228 5662 2482 751 3108 5475 5526 2570 3826 2593 4943 1418 4240 2912 3986 4082 2848 4617 2984 3103 4526 2068 1395 2815 2849 4463 745 3296 5948 3441 3041 1298 1201 3192 610 2110 3195 1267 4559 4546 4917 6084 1489 1838 1551 2972 2686 3559 1351 4268 4502 1932 4682 
34 3000 610 1195 7314 5428 1513 1077 5092 2194 6216 3151 2669 2744 2928 1988 6113 5725 6935 8089 3477 3928 4926 8214 3814 4899 6182 1576 5710 3047 5467 5072 2556 7324 2969 0 4687 1894 5700 5349 3407 7373 5650 7471 4294 3277 3506 8072 2925 2777 7251 1630 3707 5956 7862 7095 5460 4091 4733 5056 2536 6626 2379 4660 4948 4800 3750 4389 5992 6708 4211 1887 4735 5755 6654 2594 2216 8270 2704 5987 2826 3739 3839 2722 2398 2725 3951 4835 7274 4656 5472 4358 2785 1961 5818 2569 5688 4318 5652 6468 1163 5959 
35 3000 4120 3727 4703 4899 4778 3618 4186 2604 2259 2690 3094 2100 4738 3692 3778 4284 3015 4754 3572 5447 830 4444 2211 240 5168 3113 5265 1641 835 2056 3197 4111 4155 4687 0 3494 1109 5644 1369 4083 4049 3575 3632 1426 3225 4160 4564 4008 2924 3064 4187 4579 4575 2773 5857 623 2561 902 2888 3705 2319 237 523 2244 2045 1473 4776 3363 2633 4814 2196 4726 3345 3508 2638 4773 2154 5124 5332 5289 987 3587 2476 2012 5255 492 4986 1289 2408 4001 2418 5056 6290 2128 2730 4676 1521 2843 4675 1582 
36 3000 1691 740 5421 3646 1297 1413 3236 1900 4542 1300 781 1408 1646 270 4222 3846 5210 6231 1622 2659 4006 6415 2021 3733 4361 1334 3961 2009 4330 3312 662 5469 1346 1894 3494 0 4319 3756 2129 5525 3761 5718 2419 2137 1614 6306 1537 1118 5637 1147 1978 4088 6004 5485 3907 3017 2883 4134 725 4759 1702 3386 3588 2996 3456 2746 4141 4886 2345 1327 2937 3915 4829 741 2005 6428 2236 4180 2015 2459 2516 892 1053 2041 2581 3801 5380 3961 5051 2525 1130 1567 4315 1580 3863 2641 4080 4704 1271 4445 
37 3000 5154 4665 4094 4914 5616 4648 4206 3686 1414 3287 3781 3003 5334 4479 3390 4120 2078 3902 4018 5892 1547 3472 2635 995 5011 4143 5256 2666 855 1872 3902 3349 4726 5700 1109 4319 0 5784 2297 3295 3873 2604 3846 2427 3669 3155 5154 4619 1840 4070 4588 4390 3750 1695 6000 1725 2571 1519 3641 3103 3370 1057 753 2214 3092 1748 4608 2634 2859 5597 2198 4621 2635 4177 3727 3869 3253 5016 5983 5760 1866 4222 3379 3090 5677 1305 4458 2139 2994 4220 3192 5836 6410 3132 2314 4960 803 2067 5560 588 
38 3000 5366 4439 3711 1007 3917 5164 1616 5476 4980 3289 3292 4408 2443 3534 3049 2029 5180 4972 2345 1623 6444 5629 3467 5849 1575 5055 868 5008 6319 3925 3310 4422 2430 5349 5644 3756 5784 0 4754 4539 2225 5396 2013 4951 2609 5756 2425 2651 5984 4856 1803 1946 4784 5892 215 5540 3212 6536 3603 3816 5139 5422 5365 3569 6697 4188 1765 4348 3013 3551 3588 1546 4288 3055 5592 5290 5631 1368 2818 1749 4857 2896 4303 5349 1487 6123 3337 6710 7917 1650 3874 3590 647 4840 3751 1134 5082 4625 4230 5495 
39 3000 2878 2377 4776 4183 3409 2371 3517 1554 2938 1519 1808 731 3468 2336 3652 3827 3704 5178 2481 4276 1919 5090 1365 1605 4636 1872 4555 483 2202 2066 1893 4444 2920 3407 1369 2129 2297 4754 0 4455 3629 4268 2791 260 2165 4880 3303 2746 3890 1781 3102 4128 4968 3732 4956 914 2163 2041 1562 3861 1161 1285 1544 1996 2001 1244 4283 3723 1937 3453 1924 4161 3684 2219 1632 5281 1290 4537 4020 4102 432 2321 1109 1013 4109 1683 4934 2011 3203 3122 1098 3694 5398 857 2810 3683 2293 3336 3309 2565 
40 3000 7002 6178 1101 3541 6596 6540 3130 5986 1882 4230 4748 4828 5578 5522 1558 2529 1323 727 4235 5541 4779 1092 3566 4111 3091 6113 3704 4938 4150 2400 4876 125 5049 7373 4083 5525 3295 4539 4455 0 2379 1100 3506 4704 4038 1244 5421 5095 2095 5953 4460 2595 513 2107 4715 4508 2643 4778 4839 811 5570 3884 3559 2592 6083 3213 2793 737 3181 6388 2661 2994 771 4956 6075 906 5739 3240 6266 5515 4145 4889 5081 5468 5302 4477 1598 5339 6288 3712 4616 6577 4978 5212 1698 4366 2586 1245 6718 2711 
41 3000 5422 4492 1795 1220 4579 5046 761 4874 2843 2638 3009 3633 3355 3668 835 247 2963 2919 2197 3178 4879 3468 2297 4205 1139 4734 1479 4039 4556 2036 3109 2271 2912 5650 4049 3761 3873 2225 3629 2379 0 3173 1373 3881 2146 3559 3219 3020 3782 4540 2221 530 2707 3700 2421 4159 1513 4941 3220 1610 4460 3811 3643 1805 5610 2616 738 2123 1717 4306 1857 771 2062 3060 4985 3209 4823 1151 4010 3169 3539 2945 3729 4519 2942 4539 1640 5284 6453 1442 3210 4460 2752 4094 1622 2006 3096 2419 4776 3475 
42 3000 7030 6297 2198 4388 6900 6540 3867 5821 1346 4428 4976 4780 6069 5768 2347 3368 569 1421 4663 6200 4150 871 3697 3543 4054 6073 4605 4742 3441 2409 5110 1217 5494 7471 3575 5718 2604 5396 4268 1100 3173 0 4048 4493 4403 611 5899 5496 1048 5938 5008 3499 1345 1099 5587 4099 2916 4123 4999 1597 5428 3417 3064 2731 5621 3101 3715 1052 3465 6744 2785 3878 1115 5256 5895 1301 5495 4175 6770 6144 3892 5220 5089 5256 5959 3888 2690 4739 5556 4324 4688 6955 5892 5097 1935 5043 2070 1015 6970 2027 
43 3000 4102 3158 3133 1408 3212 3759 835 3756 3273 1454 1704 2567 2072 2306 2000 1431 3679 4140 824 2186 4431 4541 1462 3840 1997 3501 1776 3102 4325 2056 1787 3419 1567 4294 3632 2419 3846 2013 2791 3506 1373 4048 0 3009 833 4545 1917 1655 4375 3301 963 1669 3916 4255 2225 3536 1322 4522 1957 2694 3369 3412 3371 1664 4777 2187 1733 3034 1008 2951 1665 1527 2970 1699 3871 4396 3808 1846 2761 2107 2856 1577 2565 3509 1949 4110 3013 4707 5914 375 2067 3117 2660 3027 2144 1120 3209 3102 3404 3634 
44 3000 2727 2303 5036 4408 3391 2221 3751 1331 3156 1684 1909 734 3559 2363 3912 4077 3926 5426 2651 4405 1869 5322 1605 1651 4878 1716 4780 252 2242 2321 1980 4695 3033 3277 1426 2137 2427 4951 260 4704 3881 4493 3009 0 2348 5104 3399 2847 4078 1647 3267 4376 5217 3920 5150 885 2422 1997 1637 4118 960 1383 1678 2256 1769 1498 4528 3971 2182 3463 2185 4401 3933 2312 1402 5524 1035 4775 4081 4226 607 2426 1087 768 4248 1672 5194 1886 3055 3330 1194 3703 5592 708 3067 3865 2491 3573 3265 2738 
45 3000 3282 2346 3829 2194 2558 2928 1668 2952 3414 681 873 1809 1725 1537 2642 2240 3958 4719 352 2237 3967 5006 1041 3453 2828 2669 2549 2399 3996 2120 964 3967 1118 3506 3225 1614 3669 2609 2165 4038 2146 4403 833 2348 0 4953 1546 1093 4544 2468 963 2493 4491 4407 2805 3005 1489 4073 1125 3242 2580 3030 3073 1730 4088 1922 2566 3466 952 2357 1696 2360 3404 937 3068 4944 3046 2669 2417 2094 2329 853 1758 2755 2035 3670 3768 4159 5361 1046 1284 2558 3246 2255 2472 1517 3166 3401 2699 3584 
46 3000 7637 6895 2299 4751 7471 7149 4286 6433 1954 5010 5556 5389 6592 6347 2723 3731 1178 1215 5198 6664 4702 384 4286 4115 4333 6683 4934 5353 3973 3003 5689 1369 6028 8072 4160 6306 3155 5756 4880 1244 3559 611 4545 5104 4953 0 6425 6042 1432 6546 5509 3822 1242 1533 5938 4696 3473 4667 5589 1948 6040 4010 3655 3311 6204 3711 4026 1510 4026 7304 3369 4216 1575 5824 6506 972 6104 4478 7291 6619 4503 5781 5695 5867 6423 4453 2798 5295 6061 4798 5288 7510 6214 5709 2481 5495 2668 1605 7550 2593 
47 3000 2984 2103 5014 2636 1513 2855 2507 3430 4958 1885 1495 2689 180 1271 3914 3206 5480 6057 1242 1123 5217 6443 2528 4803 3431 2863 2865 3345 5380 3666 1419 5336 431 2925 4564 1537 5154 2425 3303 5421 3219 5899 1917 3399 1546 6425 0 558 6088 2682 999 3362 5834 5952 2535 4214 3010 5336 1765 4610 3194 4400 4505 3273 4927 3414 3333 4919 2492 1167 3241 3069 4855 1087 3537 6313 3728 3216 875 923 3594 982 2425 3500 1069 4959 4834 5285 6437 1778 2209 1270 2903 3000 3965 1457 4700 4914 1810 5114 
48 3000 2725 1788 4788 2652 1559 2515 2373 2959 4493 1337 939 2144 729 883 3638 3048 5051 5759 861 1601 4659 6086 2009 4247 3415 2446 2935 2800 4826 3199 871 5018 228 2777 4008 1118 4619 2651 2746 5095 3020 5496 1655 2847 1093 6042 558 0 5622 2254 930 3246 5532 5483 2795 3657 2583 4778 1218 4290 2693 3847 3959 2815 4407 2888 3254 4548 2043 1300 2777 3005 4486 539 3070 5998 3223 3215 1367 1409 3036 424 1898 2982 1490 4401 4659 4733 5891 1624 1654 1482 3199 2475 3563 1559 4194 4495 1775 4602 
49 3000 6754 6126 3158 4994 6891 6251 4385 5397 1129 4408 4957 4507 6266 5733 3022 4008 856 2467 4850 6561 3356 1800 3665 2834 4793 5758 5260 4329 2602 2424 5090 2200 5662 7251 2924 5637 1840 5984 3890 2095 3782 1048 4375 4078 4544 1432 6088 5622 0 5651 5294 4194 2392 157 6188 3514 3095 3307 4913 2376 5038 2819 2467 2814 4932 2895 4420 1768 3595 6790 2847 4539 1813 5294 5455 2321 5008 4880 6961 6475 3473 5289 4855 4807 6324 3141 3631 3952 4647 4700 4533 7016 6534 4747 2260 5455 1601 1363 6908 1357 
50 3000 1103 797 6045 4638 2022 603 4136 811 4647 1902 1616 1158 2784 1410 4847 4670 5388 6679 2594 3805 3364 6717 2410 3280 5296 202 4977 1422 3857 3579 1566 5919 2482 1630 3064 1147 4070 4856 1781 5953 4540 5938 3301 1647 2468 6546 2682 2254 5651 0 3056 4940 6457 5494 5017 2478 3369 3496 1343 5255 800 3031 3318 3362 2460 2836 5028 5254 2909 2225 3292 4829 5205 1800 900 6830 1254 5135 3072 3605 2212 1960 872 1172 3728 3241 6085 3175 4145 3489 1365 2438 5435 939 4255 3726 4049 4956 1796 4342 
51 3000 3638 2691 4016 1722 2435 3392 1510 3677 4177 1584 1496 2657 1134 1779 2933 2207 4626 5080 623 1306 4929 5503 1991 4415 2494 3256 2006 3287 4952 2914 1507 4370 751 3707 4187 1978 4588 1803 3102 4460 2221 5008 963 3267 963 5509 999 930 5294 3056 0 2373 4858 5168 1973 3961 2202 5036 1810 3649 3351 3990 4021 2513 4966 2852 2358 3998 1755 2124 2496 2100 3934 1257 3793 5344 3856 2289 1808 1190 3289 1098 2516 3582 1088 4633 3835 5108 6305 778 2122 2257 2402 3069 3092 670 4028 4051 2684 4452 
52 3000 5771 4827 1801 966 4796 5420 872 5321 3311 3048 3366 4088 3477 3968 1173 301 3354 3036 2478 3139 5409 3684 2779 4736 624 5137 1112 4525 5084 2564 3454 2477 3108 5956 4579 4088 4390 1946 4128 2595 530 3499 1669 4376 2493 3822 3362 3246 4194 4940 2373 0 2842 4123 2120 4682 2038 5472 3602 1902 4913 4342 4173 2335 6117 3143 228 2473 2197 4496 2387 402 2416 3363 5433 3348 5296 685 4092 3162 4054 3234 4155 4993 2914 5070 1507 5812 6983 1622 3640 4628 2395 4552 2112 2010 3606 2838 5021 3976 
53 3000 7500 6667 1124 3806 7049 7042 3468 6499 2348 4714 5225 5336 5985 5992 1925 2824 1712 227 4671 5886 5254 950 4063 4595 3271 6619 3928 5451 4606 2912 5351 539 5475 7862 4575 6004 3750 4784 4968 513 2707 1345 3916 5217 4491 1242 5834 5532 2392 6457 4858 2842 0 2431 4947 5013 3129 5249 5326 1249 6082 4381 4051 3095 6585 3726 3019 1248 3659 6830 3164 3244 1284 5418 6588 506 6252 3443 6666 5873 4658 5344 5585 5981 5650 4959 1605 5821 6744 4095 5115 7014 5176 5723 2202 4713 3067 1732 7183 3162 
54 3000 6597 5971 3150 4906 6742 6093 4287 5240 994 4262 4810 4351 6131 5584 2955 3929 821 2520 4717 6440 3219 1892 3519 2687 4727 5601 5179 4172 2469 2286 4942 2206 5526 7095 2773 5485 1695 5892 3732 2107 3700 1099 4255 3920 4407 1533 5952 5483 157 5494 5168 4123 2431 0 6097 3360 2967 3172 4763 2334 4881 2665 2312 2680 4786 2742 4350 1727 3461 6644 2711 4461 1768 5149 5298 2392 4852 4808 6825 6352 3315 5146 4700 4651 6204 2998 3615 3815 4531 4585 4380 6871 6449 4589 2154 5342 1444 1285 6756 1202 
55 3000 5498 4578 3864 1201 4009 5310 1828 5651 5190 3482 3468 4597 2539 3678 3240 2219 5381 5132 2532 1658 6656 5804 3676 6063 1708 5216 1019 5203 6534 4140 3480 4597 2570 5460 5857 3907 6000 215 4956 4715 2421 5587 2225 5150 2805 5938 2535 2795 6188 5017 1973 2120 4947 6097 0 5747 3428 6748 3780 4002 5320 5636 5580 3785 6892 4403 1929 4542 3226 3638 3804 1722 4482 3217 5766 5452 5816 1512 2869 1803 5065 3058 4484 5536 1549 6335 3475 6917 8124 1860 4063 3664 441 5025 3960 1311 5296 4828 4329 5709 
56 3000 3515 3175 5025 4880 4276 3016 4183 1983 2759 2396 2720 1609 4380 3236 4010 4381 3531 5203 3338 5169 1004 4961 2074 811 5240 2514 5252 1066 1378 2291 2807 4523 3826 4091 623 3017 1725 5540 914 4508 4159 4099 3536 885 3005 4696 4214 3657 3514 2478 3961 4682 5013 3360 5747 0 2645 1127 2476 4047 1713 696 1051 2379 1578 1549 4862 3775 2585 4344 2318 4778 3749 3133 2015 5250 1531 5170 4933 4999 682 3232 1971 1393 4994 786 5263 1171 2378 3890 2012 4585 6187 1557 3021 4508 2029 3292 4147 2159 
57 3000 4382 3537 2689 2369 4000 3938 1654 3542 1975 1586 2111 2310 3185 2893 1512 1738 2471 3355 1768 3486 3391 3549 959 2734 2610 3544 2726 2606 3144 735 2240 2591 2593 4733 2561 2883 2571 3212 2163 2643 1513 2916 1322 2422 1489 3473 3010 2583 3095 3369 2202 2038 3129 2967 3428 2645 0 3461 2197 1897 3118 2326 2199 356 4113 1106 2224 2010 552 3830 380 2164 1951 2352 3645 3545 3413 2563 3885 3389 2032 2307 2502 3114 3254 3054 2790 3775 4953 1682 2007 4039 3841 2747 994 2441 1893 1912 4096 2316 
58 3000 4457 4238 5492 5800 5376 3981 5088 2870 2901 3496 3844 2729 5504 4359 4631 5179 3595 5409 4415 6270 131 4989 3084 739 6065 3496 6167 2143 706 2928 3934 4822 4943 5056 902 4134 1519 6536 2041 4778 4941 4123 4522 1997 4073 4667 5336 4778 3307 3496 5036 5472 5249 3172 6748 1127 3461 0 3603 4490 2699 1136 1319 3140 1749 2375 5671 4086 3529 5460 3093 5625 4077 4258 2867 5386 2365 6024 6061 6105 1756 4354 3082 2336 6088 413 5807 657 1546 4890 3138 5699 7183 2621 3564 5550 2198 3535 5227 2103 
59 3000 2221 1341 4802 3305 1993 1825 2792 1873 3817 616 314 925 1922 840 3598 3337 4487 5553 1278 2806 3480 5706 1302 3128 3953 1544 3651 1582 3721 2591 347 4789 1418 2536 2888 725 3641 3603 1562 4839 3220 4999 1957 1637 1125 5589 1765 1218 4913 1343 1810 3602 5326 4763 3780 2476 2197 3603 0 4089 1542 2754 2925 2284 3205 2026 3686 4185 1676 1956 2223 3485 4130 679 1990 5739 2054 3793 2458 2619 1900 808 710 1792 2671 3242 4800 3521 4673 2154 469 2196 4212 1278 3162 2470 3365 3985 1994 3737 
60 3000 6279 5430 1002 2808 5801 5831 2344 5355 1744 3474 3979 4158 4766 4744 775 1786 1520 1477 3429 4744 4469 1873 2846 3777 2460 5424 3011 4339 3928 1800 4104 728 4240 6626 3705 4759 3103 3816 3861 811 1610 1597 2694 4118 3242 1948 4610 4290 2376 5255 3649 1902 1249 2334 4002 4047 1897 4490 4089 0 4933 3485 3198 1906 5622 2623 2118 608 2416 5586 1978 2285 566 4168 5450 1707 5151 2578 5455 4712 3598 4095 4383 4868 4504 4145 1363 4991 6032 2904 3900 5772 4297 4567 1051 3569 2317 1117 5934 2560 
61 3000 1801 1575 5800 4767 2778 1303 4182 423 4100 1915 1857 827 3324 1970 4630 4625 4864 6297 2798 4293 2567 6243 2185 2524 5345 803 5127 710 3087 3169 1864 5551 2912 2379 2319 1702 3370 5139 1161 5570 4460 5428 3369 960 2580 6040 3194 2693 5038 800 3351 4913 6082 4881 5320 1713 3118 2699 1542 4933 0 2315 2628 3029 1753 2365 5034 4847 2750 2940 2957 4867 4804 2172 527 6415 535 5210 3714 4098 1566 2321 836 374 4180 2457 5904 2379 3385 3626 1302 3165 5753 371 3894 4008 3449 4485 2578 3698 
62 3000 4106 3662 4480 4668 4678 3601 3954 2629 2086 2518 2945 2012 4575 3573 3544 4047 2852 4564 3380 5260 1067 4283 2005 428 4931 3095 5033 1616 979 1821 3053 3908 3986 4660 237 3386 1057 5422 1285 3884 3811 3417 3412 1383 3030 4010 4400 3847 2819 3031 3990 4342 4381 2665 5636 696 2326 1136 2754 3485 2315 0 356 2007 2214 1243 4539 3159 2409 4697 1959 4490 3138 3357 2673 4594 2204 4889 5183 5106 871 3429 2391 2033 5064 728 4758 1517 2645 3783 2288 4938 6067 2091 2500 4466 1349 2650 4590 1463 
63 3000 4405 3914 4198 4565 4885 3898 3850 2958 1739 2621 3087 2253 4683 3758 3311 3884 2501 4230 3425 5310 1281 3932 2032 585 4775 3394 4924 1921 954 1615 3203 3589 4082 4948 523 3588 753 5365 1544 3559 3643 3064 3371 1678 3073 3655 4505 3959 2467 3318 4021 4173 4051 2312 5580 1051 2199 1319 2925 3198 2628 356 0 1859 2560 1186 4378 2841 2362 4881 1821 4348 2824 3492 3007 4252 2547 4748 5313 5166 1113 3550 2630 2363 5105 950 4496 1795 2863 3746 2468 5121 6005 2381 2246 4455 1001 2319 4818 1109 
64 3000 4411 3609 2784 2718 4170 3948 2004 3452 1685 1698 2245 2252 3451 3036 1663 2040 2249 3317 2037 3808 3075 3422 985 2407 2925 3525 3072 2461 2798 401 2378 2556 2848 4800 2244 2996 2214 3569 1996 2592 1805 2731 1664 2256 1730 3311 3273 2815 2814 3362 2513 2335 3095 2680 3785 2379 356 3140 2284 1906 3029 2007 1859 0 3889 831 2532 1909 781 4026 72 2490 1855 2531 3549 3477 3275 2889 4146 3703 1805 2505 2490 2984 3579 2736 2942 3483 4647 2030 2026 4243 4197 2662 894 2785 1544 1716 4239 1969 
65 3000 3141 3257 6594 6177 4483 2751 5518 1658 4299 3409 3513 2309 5064 3722 5546 5816 5060 6773 4367 6007 1653 6490 3367 2100 6636 2367 6549 1688 2415 3848 3548 6100 4617 3750 2045 3456 3092 6697 2001 6083 5610 5621 4777 1769 4088 6204 4927 4407 4932 2460 4966 6117 6585 4786 6892 1578 4113 1749 3205 5622 1753 2214 2560 3889 0 3064 6279 5351 3936 4675 3823 6161 5326 3872 1592 6808 1224 6539 5468 5816 2085 4012 2508 1427 5876 1798 6813 1126 1723 5092 2844 4894 7332 1931 4588 5592 3561 4859 4244 3618 
66 3000 3930 3239 3558 3425 4016 3439 2712 2777 1827 1576 2104 1678 3595 2858 2481 2843 2553 3937 2272 4151 2298 3892 888 1665 3715 2972 3791 1726 2138 824 2233 3200 2984 4389 1473 2746 1748 4188 1244 3213 2616 3101 2187 1498 1922 3711 3414 2888 2895 2836 2852 3143 3726 2742 4403 1549 1106 2375 2026 2623 2365 1243 1186 831 3064 0 3330 2484 1178 3946 769 3264 2443 2477 2863 4050 2533 3661 4256 4014 988 2504 1994 2256 3940 1964 3752 2669 3849 2561 1639 4180 4832 2016 1572 3269 1340 2128 4016 1728 
67 3000 5830 4881 1952 821 4792 5493 904 5437 3538 3149 3437 4212 3438 4007 1399 494 3579 3206 2521 3035 5607 3878 2925 4937 402 5227 912 4669 5294 2774 3519 2673 3103 5992 4776 4141 4608 1765 4283 2793 738 3715 1733 4528 2566 4026 3333 3254 4420 5028 2358 228 3019 4350 1929 4862 2224 5671 3686 2118 5034 4539 4378 2532 6279 3330 0 2694 2346 4481 2581 269 2638 3408 5551 3524 5431 461 4032 3072 4226 3272 4262 5127 2817 5268 1615 5999 7176 1636 3750 4603 2187 4676 2337 1939 3828 3065 5029 4200 
68 3000 6316 5517 1493 3342 6007 5847 2815 5261 1228 3586 4119 4118 5084 4904 1306 2325 912 1454 3698 5163 4080 1541 2893 3402 3050 5409 3570 4207 3482 1682 4250 749 4526 6708 3363 4886 2634 4348 3723 737 2123 1052 3034 3971 3466 1510 4919 4548 1768 5254 3998 2473 1248 1727 4542 3775 2010 4086 4185 608 4847 3159 2841 1909 5351 2484 2694 0 2561 5823 1974 2842 64 4359 5348 1575 5006 3156 5782 5114 3409 4305 4384 4737 4922 3770 1920 4630 5612 3292 3934 6023 4856 4492 1023 4000 1888 571 6107 2065 
69 3000 3885 3016 3141 2295 3448 3459 1600 3168 2466 1060 1567 1924 2670 2345 1939 1900 3008 3886 1256 3060 3441 4101 581 2836 2699 3092 2667 2327 3316 1177 1695 3124 2068 4211 2633 2345 2859 3013 1937 3181 1717 3465 1008 2182 952 4026 2492 2043 3595 2909 1755 2197 3659 3461 3226 2585 552 3529 1676 2416 2750 2409 2362 781 3936 1178 2346 2561 0 3280 752 2225 2502 1799 3277 4086 3105 2606 3366 2944 1917 1756 2059 2802 2836 3115 3181 3751 4953 1383 1546 3490 3658 2382 1547 2104 2272 2457 3546 2697 
70 3000 2107 1454 6084 3802 377 2151 3629 3037 5669 2383 1842 2735 1111 1124 4939 4319 6276 7057 2160 2051 5331 7363 3124 5054 4594 2353 4032 3328 5650 4389 1713 6313 1395 1887 4814 1327 5597 3551 3453 6388 4306 6744 2951 3463 2357 7304 1167 1300 6790 2225 2124 4496 6830 6644 3638 4344 3830 5460 1956 5586 2940 4697 4881 4026 4675 3946 4481 5823 3280 0 3979 4221 5761 1498 3124 7292 3453 4381 955 1869 3831 1524 2377 3302 2098 5128 5941 5268 6324 2883 2413 241 3971 2879 4823 2624 5286 5734 723 5672 
71 3000 4344 3545 2856 2749 4118 3879 2034 3380 1718 1642 2191 2180 3420 2982 1732 2090 2297 3386 2008 3796 3026 3483 922 2362 2972 3455 3105 2389 2764 424 2324 2626 2815 4735 2196 2937 2198 3588 1924 2661 1857 2785 1665 2185 1696 3369 3241 2777 2847 3292 2496 2387 3164 2711 3804 2318 380 3093 2223 1978 2957 1959 1821 72 3823 769 2581 1974 752 3979 0 2533 1922 2483 3477 3544 3204 2932 4114 3687 1738 2461 2420 2912 3567 2688 3012 3427 4596 2033 1959 4198 4218 2589 962 2785 1545 1770 4184 1971 
72 3000 5606 4655 2197 567 4535 5280 692 5264 3614 2966 3227 4049 3172 3773 1536 532 3708 3437 2292 2768 5555 4083 2796 4896 479 5029 727 4530 5278 2764 3303 2876 2849 5755 4726 3915 4621 1546 4161 2994 771 3878 1527 4401 2360 4216 3069 3005 4539 4829 2100 402 3244 4461 1722 4778 2164 5625 3485 2285 4867 4490 4348 2490 6161 3264 269 2842 2225 4221 2533 0 2784 3178 5378 3751 5278 399 3763 2803 4129 3039 4081 4976 2549 5218 1877 5927 7114 1396 3573 4340 2014 4514 2393 1669 3854 3177 4778 4240 
73 3000 6265 5462 1478 3281 5946 5797 2752 5219 1234 3529 4061 4071 5020 4845 1247 2265 957 1494 3635 5099 4069 1602 2839 3389 2997 5361 3511 4168 3479 1636 4191 774 4463 6654 3345 4829 2635 4288 3684 771 2062 1115 2970 3933 3404 1575 4855 4486 1813 5205 3934 2416 1284 1768 4482 3749 1951 4077 4130 566 4804 3138 2824 1855 5326 2443 2638 64 2502 5761 1922 2784 0 4299 5306 1624 4968 3100 5718 5049 3374 4244 4335 4697 4858 3757 1895 4615 5606 3227 3881 5961 4797 4448 967 3936 1880 581 6048 2069 
74 3000 2432 1479 4765 2904 1648 2145 2504 2459 4172 900 414 1605 1248 607 3579 3131 4780 5646 887 2134 4137 5899 1631 3749 3621 2000 3222 2261 4334 2891 332 4890 745 2594 3508 741 4177 3055 2219 4956 3060 5256 1699 2312 937 5824 1087 539 5294 1800 1257 3363 5418 5149 3217 3133 2352 4258 679 4168 2172 3357 3492 2531 3872 2477 3408 4359 1799 1498 2483 3178 4299 0 2573 5863 2698 3438 1825 1944 2527 159 1364 2450 2009 3886 4693 4198 5353 1785 1123 1722 3637 1941 3347 1927 3808 4243 1765 4205 
75 3000 1607 1681 6324 5262 2906 1171 4691 116 4557 2417 2299 1352 3651 2274 5157 5146 5328 6800 3265 4654 2739 6722 2712 2818 5856 780 5617 1153 3345 3676 2287 6059 3296 2216 2638 2005 3727 5592 1632 6075 4985 5895 3871 1402 3068 6506 3537 3070 5455 900 3793 5433 6588 5298 5766 2015 3645 2867 1990 5450 527 2673 3007 3549 1592 2863 5551 5348 3277 3124 3477 5378 5306 2573 0 6911 503 5716 3969 4456 2005 2729 1310 647 4559 2690 6431 2440 3306 4115 1805 3333 6195 898 4407 4458 3883 4969 2655 4102 
76 3000 7889 7076 1611 4313 7502 7421 3970 6827 2514 5131 5653 5694 6468 6429 2417 3330 1791 332 5137 6388 5404 601 4458 4769 3770 6985 4432 5765 4717 3256 5781 979 5948 8270 4773 6428 3869 5290 5281 906 3209 1301 4396 5524 4944 972 6313 5998 2321 6830 5344 3348 506 2392 5452 5250 3545 5386 5739 1707 6415 4594 4252 3477 6808 4050 3524 1575 4086 7292 3544 3751 1624 5863 6911 0 6554 3946 7152 6372 4947 5795 5959 6292 6151 5125 2075 5984 6845 4586 5504 7480 5676 6063 2584 5213 3252 1964 7625 3283 
77 3000 2098 2052 6059 5214 3272 1640 4603 509 4150 2368 2368 1241 3859 2504 4919 5002 4926 6460 3286 4824 2236 6335 2526 2327 5758 1192 5579 814 2845 3357 2384 5731 3441 2704 2154 2236 3253 5631 1290 5739 4823 5495 3808 1035 3046 6104 3728 3223 5008 1254 3856 5296 6252 4852 5816 1531 3413 2365 2054 5151 535 2204 2547 3275 1224 2533 5431 5006 3105 3453 3204 5278 4968 2698 503 6554 0 5634 4245 4630 1609 2845 1343 303 4707 2188 6200 1957 2890 4085 1762 3674 6252 792 4101 4505 3456 4597 3050 3652 
78 3000 5870 4917 2352 580 4711 5565 1030 5601 3984 3299 3523 4399 3301 4021 1859 904 4040 3623 2563 2773 5954 4319 3171 5295 225 5337 500 4897 5677 3161 3590 3118 3041 5987 5124 4180 5016 1368 4537 3240 1151 4175 1846 4775 2669 4478 3216 3215 4880 5135 2289 685 3443 4808 1512 5170 2563 6024 3793 2578 5210 4889 4748 2889 6539 3661 461 3156 2606 4381 2932 399 3100 3438 5716 3946 5634 0 3846 2836 4517 3293 4411 5332 2572 5617 1968 6322 7510 1657 3911 4482 1739 4862 2771 1769 4245 3523 4972 4626 
79 3000 3061 2348 5805 3271 1315 3077 3270 3873 5831 2696 2238 3350 701 1754 4741 3969 6354 6888 2117 1214 5937 7301 3376 5572 4069 3223 3433 3989 6159 4538 2135 6177 1298 2826 5332 2015 5983 2818 4020 6266 4010 6770 2761 4081 2417 7291 875 1367 6961 3072 1808 4092 6666 6825 2869 4933 3885 6061 2458 5455 3714 5183 5313 4146 5468 4256 4032 5782 3366 955 4114 3763 5718 1825 3969 7152 4245 3846 0 1069 4348 1763 3035 4056 1333 5699 5590 5948 7060 2576 2925 871 3152 3588 4837 2094 5558 5787 1668 5968 
80 3000 3863 3012 4933 2275 2246 3766 2407 4347 5363 2608 2324 3541 843 2194 3959 3084 5787 6087 1743 201 5991 6584 3136 5523 3062 3787 2397 4197 6080 4104 2272 5415 1201 3739 5289 2459 5760 1749 4102 5515 3169 6144 2107 4226 2094 6619 923 1409 6475 3605 1190 3162 5873 6352 1803 4999 3389 6105 2619 4712 4098 5106 5166 3703 5816 4014 3072 5114 2944 1869 3687 2803 5049 1944 4456 6372 4630 2836 1069 0 4349 1811 3307 4391 268 5713 4670 6108 7281 1821 3033 1870 2107 3884 4252 1164 5217 5210 2582 5641 
