FILE: 311EuclS.txt
100 100 0 
1 3000 0 2800 5858 5758 3501 6134 4492 4142 2233 4571 3325 1958 4046 2460 4426 5993 2448 5093 2404 4709 6186 290 2846 3013 3759 5134 5824 5926 3154 2993 5414 5355 3685 2776 2412 5025 1412 5205 3405 2843 3242 6814 1566 5374 1711 2676 1146 5471 3851 467 2726 4091 5354 1962 4111 3405 5215 2773 4567 3256 3430 855 3890 3996 1982 5458 3668 4673 5013 1502 2944 3989 3735 4544 3152 1576 2816 4842 3168 6957 3684 5574 4931 4587 1662 5190 4199 5355 3574 5437 5622 1135 6432 4699 2197 2750 5223 4518 2530 1903 
2 3000 2800 0 5584 3920 6230 4019 2513 2990 2318 3687 5905 4695 1852 3668 2746 6409 890 4140 791 2372 6640 3058 4422 5694 4349 4082 3773 4078 5638 3649 4873 6429 2851 1589 1112 2833 1671 5691 5848 5572 1770 7398 3695 5154 3639 1266 2796 4964 2301 3250 4244 5676 3948 1207 3382 2832 4389 5327 5753 5824 1715 2053 3103 2454 1792 6482 2274 6384 6443 4140 4352 2008 5216 2309 3853 3997 2739 5497 2263 7547 2759 3852 3819 5199 4300 4520 6130 6498 5950 5257 5757 3595 7117 2395 1902 521 3408 4598 5095 2121 
3 3000 5858 5584 0 3309 6931 4014 3772 2689 7341 1980 6136 6190 4282 3592 3289 1548 4780 1714 6161 4432 1727 6078 3785 6408 2289 1865 3804 3342 5729 2917 793 2828 2733 7047 6473 4098 6202 1540 5694 6565 3828 2415 4810 483 4551 6733 4723 694 3435 5896 3747 3714 2448 6237 2204 2794 1419 5810 2926 6060 3947 5993 2482 3326 6797 2742 3375 4139 3560 5693 3538 3968 3495 4237 2806 5233 7933 1894 3333 2533 2827 3059 2081 1881 5729 1173 4544 2988 5549 428 831 6951 2394 4362 7017 5063 3289 1369 5762 4142 
4 3000 5758 3920 3309 0 8284 721 1409 1781 6204 1881 7638 7031 2071 4614 1333 4789 3543 1728 4701 1716 4995 6045 5270 7695 4035 1555 500 168 7248 3994 2573 5722 2304 5494 5029 1213 5303 4453 7334 7726 2536 5718 5565 3173 5344 5176 4943 2660 1908 6041 5128 5950 907 5028 2205 2651 1973 7136 5453 7550 2400 5407 2233 1761 5650 5686 2091 6594 6232 6416 5042 1933 5543 1669 4070 6034 6658 4585 2636 5840 2242 282 1471 4379 6528 2257 6737 5864 7295 3280 3993 6857 5652 1662 5796 3522 540 3410 6982 3914 
5 3000 3501 6230 6931 8284 0 8838 7317 6502 5469 6592 819 1544 7072 3697 7071 6229 5676 7024 5905 7730 6319 3307 3197 589 4713 7139 8510 8436 1209 4383 6879 4906 5980 6220 5906 7911 4900 5611 1309 659 6099 6618 2768 6528 2959 6158 3579 6888 6558 3034 3284 3431 7603 5461 6161 5632 7002 1163 4291 883 6349 4351 6069 6658 5390 5047 6337 3462 4143 2095 3451 6911 3487 7520 4376 2335 5924 5177 5734 6720 6044 8035 7037 5088 1938 6841 2808 4804 1529 6529 6309 3308 6196 7700 5569 6066 7812 5660 1301 4600 
6 3000 6134 4019 4014 721 8838 0 1644 2375 6336 2576 8221 7531 2198 5207 1772 5505 3795 2449 4810 1658 5710 6424 5893 8248 4716 2275 327 672 7838 4619 3289 6440 2885 5541 5126 1187 5528 5174 7938 8261 2894 6427 6090 3892 5881 5235 5409 3374 2320 6452 5745 6629 1628 5189 2863 3230 2694 7702 6156 8132 2706 5699 2853 2198 5800 6405 2530 7284 6939 6912 5673 2164 6214 1713 4710 6551 6741 5302 3118 6547 2807 998 2181 5091 7033 2978 7404 6581 7911 3998 4710 7200 6369 1628 5921 3691 1041 4122 7538 4359 
7 3000 4492 2513 3772 1409 7317 1644 0 1237 4795 1836 6751 5954 678 3801 493 5025 2165 2073 3291 677 5253 4783 4548 6729 3630 1945 1344 1570 6385 3319 2980 5613 1599 4093 3620 599 3917 4493 6512 6718 1262 6024 4550 3467 4361 3774 3814 3079 773 4820 4383 5474 1570 3621 1851 1893 2368 6209 5165 6662 1063 4061 1695 716 4243 5611 997 6173 5952 5334 4356 532 5023 465 3454 4999 5250 4490 1598 6162 1486 1345 1701 4226 5463 2599 6181 5733 6515 3582 4246 5555 5861 610 4386 2114 897 3323 6028 2759 
8 3000 4142 2990 2689 1781 6502 2375 1237 0 5023 715 5860 5270 1613 2838 766 3823 2298 1152 3660 1908 4054 4420 3519 5914 2433 1111 2051 1934 5472 2246 1927 4377 522 4538 3989 1754 3972 3262 5565 5948 1229 4829 3794 2322 3568 4214 3224 2023 745 4372 3369 4319 1212 3848 613 870 1401 5354 3951 5772 1287 3943 492 642 4458 4374 716 5001 4741 4659 3301 1293 3884 1680 2346 4265 5564 3253 983 4971 474 1536 859 2990 4765 1555 5065 4499 5536 2435 3061 5271 4645 1843 4649 2482 1334 2088 5201 2243 
9 3000 2233 2318 7341 6204 5469 6336 4795 5023 0 5649 5457 4006 4155 4433 4960 7814 2737 6153 1527 4690 8028 2291 4975 5070 5568 6132 6085 6366 5337 4774 6734 7410 4728 1031 1225 5150 1153 7033 5597 4844 3822 8722 3772 6869 3875 1216 3112 6812 4443 2624 4831 6260 6121 1186 5253 4576 6358 4938 6639 5396 3866 1541 4980 4604 566 7499 4351 6876 7163 3680 5026 4272 5870 4625 4968 3808 621 6729 4106 8870 4672 6111 5882 6447 3830 6426 6425 7432 5782 6955 7304 2193 8372 4713 417 2682 5679 6129 4697 3235 
10 3000 4571 3687 1980 1881 6592 2576 1836 715 5649 0 5896 5478 2304 2897 1344 3192 2954 524 4332 2512 3419 4836 3471 6012 2157 573 2280 1998 5494 2215 1211 3906 928 5216 4658 2257 4563 2702 5554 6082 1917 4188 3990 1636 3745 4894 3557 1307 1459 4745 3346 4070 1042 4488 466 1167 712 5430 3581 5809 1998 4476 690 1346 5086 3884 1423 4712 4366 4888 3230 1988 3671 2300 2255 4462 6206 2764 1543 4326 976 1600 449 2533 4975 840 4865 4040 5492 1750 2409 5707 4035 2443 5287 3174 1599 1573 5303 2678 
11 3000 3325 5905 6136 7638 819 8221 6751 5860 5457 5896 0 1464 6563 3025 6470 5409 5268 6308 5677 7207 5500 3189 2449 524 3947 6430 7893 7787 410 3680 6115 4092 5341 6100 5724 7349 4735 4796 495 831 5569 5806 2267 5742 2411 5997 3146 6119 5981 2874 2555 2612 6921 5271 5479 4994 6269 578 3471 88 5827 4176 5409 6070 5293 4232 5758 2671 3340 1825 2701 6376 2674 6988 3653 1909 5968 4363 5153 5909 5414 7382 6344 4282 1663 6096 2012 3993 732 5739 5500 3407 5382 7172 5495 5682 7185 4887 812 4104 
12 3000 1958 4695 6190 7031 1544 7531 5954 5270 4006 5478 1464 0 5645 2651 5760 5818 4181 5955 4361 6311 5959 1776 2448 1069 3901 6046 7206 7191 1436 3367 5980 4748 4752 4700 4367 6535 3363 5095 1706 885 4705 6420 1488 5739 1734 4625 2144 6008 5217 1491 2453 3253 6434 3920 5021 4412 5985 1020 4002 1414 4942 2811 4882 5333 3878 4879 5002 3595 4147 620 2677 5512 3095 6113 3424 1015 4506 4667 4414 6544 4797 6801 5906 4499 504 5870 2975 4691 1937 5765 5705 1946 6000 6287 4068 4554 6531 4836 817 3196 
13 3000 4046 1852 4282 2071 7072 2198 678 1613 4155 2304 6563 5645 0 3728 1041 5428 1626 2630 2638 668 5660 4336 4507 6491 3801 2523 1932 2227 6218 3356 3501 5863 1800 3423 2963 1018 3332 4833 6369 6450 1005 6436 4313 3933 4152 3105 3506 3599 903 4411 4333 5548 2223 2995 2195 2010 2916 6004 5342 6475 741 3531 1974 972 3610 5876 1061 6262 6116 5030 4342 321 5085 503 3520 4737 4591 4773 1548 6579 1679 2022 2265 4493 5170 3120 6198 5970 6399 4046 4674 5062 6238 653 3742 1493 1573 3656 5806 2472 
14 3000 2460 3668 3592 4614 3697 5207 3801 2838 4433 2897 3025 2651 3728 0 3476 3537 2822 3343 3816 4327 3726 2620 789 3115 1343 3449 4880 4761 2634 717 3331 2978 2321 4566 4022 4398 3318 2751 2731 3189 2727 4357 1218 3125 959 4328 1347 3361 3028 2381 609 2009 3906 3624 2464 1976 3348 2536 2215 2937 2992 2899 2384 3096 3993 3066 2805 2716 2817 2113 684 3492 1554 4095 786 1656 5054 2381 2213 4501 2401 4357 3341 2131 2166 3222 2514 3006 2718 3163 3224 3455 3981 4283 4236 3266 4168 2223 2406 1547 
15 3000 4426 2746 3289 1333 7071 1772 493 766 4960 1344 6470 5760 1041 3476 0 4532 2248 1603 3495 1169 4760 4714 4197 6482 3191 1487 1446 1501 6093 2942 2499 5142 1190 4336 3829 990 4006 4006 6205 6490 1207 5531 4319 2976 4113 4012 3644 2598 575 4717 4039 5062 1207 3774 1375 1515 1895 5943 4716 6381 1098 4083 1245 433 4398 5136 767 5752 5505 5141 3992 769 4620 956 3062 4779 5450 4013 1346 5669 1090 1174 1233 3754 5261 2117 5791 5264 6193 3090 3753 5523 5368 1102 4561 2293 796 2840 5773 2601 
16 3000 5993 6409 1548 4789 6229 5505 5025 3823 7814 3192 5409 5818 5428 3537 4532 0 5537 3096 6856 5702 233 6158 3392 5778 2255 3265 5271 4839 5027 3049 2216 1504 3680 7715 7136 5438 6662 789 4926 5992 4764 1008 4653 1619 4417 7424 4858 2131 4530 5909 3430 2805 3896 6824 3233 3601 2824 5211 1940 5347 4944 6336 3469 4457 7312 1382 4411 3008 2332 5436 3193 5106 2772 5485 2866 4990 8431 1171 4179 1154 3796 4525 3432 1406 5427 2544 3548 1658 4733 1510 799 6982 863 5634 7549 5897 4693 1819 5226 4597 
17 3000 2448 890 4780 3543 5676 3795 2165 2298 2737 2954 5268 4181 1626 2822 2248 5537 0 3442 1384 2275 5767 2734 3593 5115 3459 3409 3507 3710 4968 2763 4102 5540 2064 2272 1706 2635 1760 4810 5158 5030 1085 6520 3009 4334 2912 1955 2121 4188 1711 2843 3413 4822 3386 1553 2600 1994 3666 4691 4869 5183 1149 1907 2320 1872 2171 5592 1614 5536 5569 3587 3504 1635 4359 2129 2965 3369 3266 4609 1447 6670 1988 3418 3154 4310 3739 3766 5315 5610 5236 4433 4902 3437 6233 2272 2354 445 3005 3733 4471 1283 
18 3000 5093 4140 1714 1728 7024 2449 2073 1152 6153 524 6308 5955 2630 3343 1603 3096 3442 0 4811 2722 3312 5357 3864 6449 2460 173 2190 1808 5902 2642 923 3999 1447 5690 5139 2384 5077 2725 5946 6532 2381 4059 4470 1479 4221 5367 4069 1021 1860 5261 3752 4343 821 4985 983 1690 296 5860 3772 6222 2430 4998 1214 1723 5589 3960 1866 4948 4540 5373 3617 2329 3973 2534 2654 4940 6704 2867 2055 4190 1487 1451 371 2675 5455 556 5159 4143 5869 1591 2297 6229 3958 2652 5786 3634 1598 1711 5745 3201 
19 3000 2404 791 6161 4701 5905 4810 3291 3660 1527 4332 5677 4361 2638 3816 3495 6856 1384 4811 0 3162 7082 2621 4513 5404 4697 4768 4563 4860 5455 3942 5486 6716 3448 887 333 3625 1063 6107 5685 5246 2431 7821 3583 5711 3583 573 2720 5573 3014 2871 4343 5806 4684 500 3985 3369 5043 5107 5996 5602 2425 1567 3704 3172 1014 6783 2955 6491 6633 3861 4486 2776 5363 3100 4147 3804 1959 5868 2832 7971 3371 4623 4509 5572 4024 5149 6163 6768 5817 5808 6253 3011 7513 3186 1111 1203 4183 5075 4867 2333 
20 3000 4709 2372 4432 1716 7730 1658 677 1908 4690 2512 7207 6311 668 4327 1169 5702 2275 2722 3162 0 5930 4998 5094 7147 4268 2584 1445 1848 6856 3901 3638 6276 2231 3882 3474 508 3939 5168 7000 7111 1637 6700 4966 4138 4798 3577 4170 3737 1344 5078 4924 6079 2135 3560 2522 2498 3018 6651 5808 7118 1382 4171 2352 1338 4162 6277 1552 6786 6592 5695 4916 836 5623 238 4050 5395 5084 5158 2116 6838 2114 1757 2351 4891 5834 3259 6761 6393 7020 4253 4921 5712 6538 69 4273 2090 1327 3997 6457 3130 
21 3000 6186 6640 1727 4995 6319 5710 5253 4054 8028 3419 5500 5959 5660 3726 4760 233 5767 3312 7082 5930 0 6345 3548 5882 2463 3480 5481 5042 5124 3258 2422 1510 3914 7939 7361 5662 6877 994 5012 6104 4997 775 4825 1833 4593 7649 5055 2335 4762 6092 3594 2888 4106 7045 3466 3834 3037 5323 2029 5440 5178 6543 3702 4689 7529 1378 4645 3037 2346 5592 3357 5339 2889 5714 3071 5150 8646 1347 4412 920 4029 4733 3651 1600 5578 2758 3602 1655 4812 1722 1017 7163 666 5862 7766 6128 4910 2052 5348 4816 
22 3000 290 3058 6078 6045 3307 6424 4783 4420 2291 4836 3189 1776 4336 2620 4714 6158 2734 5357 2621 4998 6345 0 2938 2844 3941 5401 6114 6213 3049 3190 5654 5459 3957 2924 2601 5315 1594 5372 3307 2654 3532 6955 1624 5595 1802 2851 1354 5709 4139 337 2832 4148 5633 2160 4374 3671 5472 2654 4669 3124 3720 1055 4158 4284 2106 5567 3955 4701 5077 1389 3058 4280 3815 4834 3340 1547 2845 4998 3450 7097 3960 5860 5203 4752 1542 5440 4198 5451 3492 5654 5815 879 6567 4989 2306 3028 5511 4729 2412 2178 
23 3000 2846 4422 3785 5270 3197 5893 4548 3519 4975 3471 2449 2448 4507 789 4197 3392 3593 3864 4513 5094 3548 2938 0 2645 1521 3991 5570 5410 2040 1276 3683 2521 3018 5217 4694 5142 3909 2651 2084 2784 3509 4079 1326 3357 1138 4999 1873 3694 3779 2643 180 1301 4507 4275 3075 2683 3820 2045 1732 2365 3774 3436 3042 3836 4583 2633 3558 1977 2188 2044 254 4262 895 4861 1216 1604 5589 2228 2978 4214 3109 5003 3920 2050 2036 3648 1727 2513 2026 3369 3259 3685 3674 5048 4824 4039 4852 2472 1979 2311 
24 3000 3013 5694 6408 7695 589 8248 6729 5914 5070 6012 524 1069 6491 3115 6482 5778 5115 6449 5404 7147 5882 2844 2645 0 4166 6561 7920 7848 777 3807 6327 4515 5391 5768 5425 7323 4423 5130 972 306 5514 6229 2182 5994 2370 5686 3007 6339 5969 2549 2722 3012 7019 4975 5578 5044 6433 600 3855 528 5765 3868 5482 6069 4947 4654 5748 3143 3793 1554 2899 6326 3012 6936 3807 1757 5558 4695 5145 6338 5455 7447 6456 4587 1393 6278 2483 4425 1225 6000 5813 2966 5804 7116 5138 5511 7222 5117 713 4018 
25 3000 3759 4349 2289 4035 4713 4716 3630 2433 5568 2157 3947 3901 3801 1343 3191 2255 3459 2460 4697 4268 2463 3941 1521 4166 0 2607 4408 4155 3536 795 2168 2104 2036 5530 4957 4181 4419 1468 3545 4303 2918 3157 2544 1844 2290 5253 2616 2175 2932 3717 1464 1914 3191 4616 1864 1791 2366 3566 1542 3866 3154 4080 1946 2930 5077 2143 2744 2574 2324 3412 1268 3501 1517 4029 611 2951 6187 1174 2302 3306 2154 3755 2592 882 3443 2166 2709 2194 3442 1865 1881 4790 2824 4209 5316 3864 3700 951 3497 2383 
26 3000 5134 4082 1865 1555 7139 2275 1945 1111 6132 573 6430 6046 2523 3449 1487 3265 3409 173 4768 2584 3480 5401 3991 6561 2607 0 2017 1636 6025 2755 1079 4171 1461 5643 5098 2232 5070 2898 6075 6638 2337 4224 4559 1647 4312 5319 4129 1175 1787 5315 3875 4498 647 4958 1039 1730 448 5975 3938 6344 2367 5010 1244 1644 5567 4132 1813 5109 4707 5458 3746 2229 4123 2403 2777 5030 6675 3038 2052 4354 1487 1278 264 2843 5544 722 5311 4315 6002 1758 2466 6269 4127 2515 5760 3582 1433 1878 5854 3235 
27 3000 5824 3773 3804 500 8510 327 1344 2051 6085 2280 7893 7206 1932 4880 1446 5271 3507 2190 4563 1445 5481 6114 5570 7920 4408 2017 0 527 7511 4296 3058 6164 2559 5315 4884 947 5250 4911 7611 7934 2582 6209 5763 3653 5554 5006 5086 3147 1998 6137 5420 6319 1376 4927 2549 2903 2449 7375 5861 7805 2402 5405 2532 1873 5543 6133 2206 6979 6646 6587 5351 1872 5900 1465 4390 6225 6506 5023 2792 6332 2480 747 1901 4805 6707 2731 7090 6303 7586 3761 4473 6897 6135 1405 5671 3423 718 3838 7210 4038 
28 3000 5926 4078 3342 168 8436 672 1570 1934 6366 1998 7787 7191 2227 4761 1501 4839 3710 1808 4860 1848 5042 6213 5410 7848 4155 1636 527 0 7395 4134 2624 5807 2457 5649 5188 1341 5470 4528 7478 7882 2705 5756 5723 3230 5501 5332 5107 2708 2077 6208 5270 6068 991 5191 2339 2804 2039 7287 5556 7699 2568 5576 2378 1929 5813 5767 2258 6706 6332 6577 5180 2097 5667 1814 4206 6192 6817 4674 2800 5876 2399 406 1575 4474 6688 2322 6861 5951 7436 3334 4046 7025 5702 1797 5957 3685 709 3505 7135 4079 
29 3000 3154 5638 5729 7248 1209 7838 6385 5472 5337 5494 410 1436 6218 2634 6093 5027 4968 5902 5455 6856 5124 3049 2040 777 3536 6025 7511 7395 0 3279 5704 3740 4955 5925 5522 6984 4550 4401 269 1048 5219 5455 1959 5333 2076 5803 2854 5708 5614 2721 2150 2243 6522 5068 5080 4608 5860 417 3095 331 5479 3992 5016 5698 5135 3880 5390 2370 3015 1660 2291 6022 2278 6634 3248 1652 5872 3967 4786 5563 5030 6990 5943 3880 1507 5686 1711 3649 507 5330 5100 3370 5031 6819 5346 5390 6800 4476 645 3775 
30 3000 2993 3649 2917 3994 4383 4619 3319 2246 4774 2215 3680 3367 3356 717 2942 3049 2763 2642 3942 3901 3258 3190 1276 3807 795 2755 4296 4134 3279 0 2617 2784 1754 4759 4190 3905 3626 2263 3347 3895 2394 3948 1919 2442 1660 4490 1846 2651 2563 2988 1137 2192 3242 3837 1804 1429 2636 3219 2109 3594 2651 3286 1766 2602 4287 2844 2349 2908 2832 2822 1055 3085 1728 3663 205 2368 5394 1958 1808 4097 1851 3728 2663 1673 2880 2505 2862 2849 3301 2488 2629 4053 3607 3850 4527 3188 3578 1550 3103 1611 
31 3000 5414 4873 793 2573 6879 3289 2980 1927 6734 1211 6115 5980 3501 3331 2499 2216 4102 923 5486 3638 2422 5654 3683 6327 2168 1079 3058 2624 5704 2617 0 3280 2038 6374 5806 3308 5614 1964 5707 6452 3105 3154 4536 612 4277 6055 4311 99 2671 5507 3608 3886 1686 5600 1501 2158 631 5728 3196 6034 3204 5455 1782 2554 6180 3219 2629 4412 3916 5440 3429 3189 3583 3444 2558 4986 7312 2200 2657 3280 2118 2311 1289 2079 5497 382 4722 3433 5593 711 1422 6534 3079 3569 6392 4355 2511 1236 5648 3603 
32 3000 5355 6429 2828 5722 4906 6440 5613 4377 7410 3906 4092 4748 5863 2978 5142 1504 5540 3999 6716 6276 1510 5459 2521 4515 2104 4171 6164 5807 3740 2784 3280 0 4066 7511 6951 6120 6294 1319 3597 4761 5016 1714 3847 2683 3656 7254 4306 3222 4972 5164 2629 1513 4818 6575 3766 3864 3783 3990 789 4040 5246 5873 3924 4946 6969 141 4801 1533 836 4480 2410 5553 1680 6042 2579 4077 8030 1142 4399 1823 4187 5442 4262 1387 4434 3507 2128 160 3379 2606 1999 6200 1290 6213 7212 5956 5504 2332 4054 4382 
33 3000 3685 2851 2733 2304 5980 2885 1599 522 4728 928 5341 4752 1800 2321 1190 3680 2064 1447 3448 2231 3914 3957 3018 5391 2036 1461 2559 2457 4955 1754 2038 4066 0 4336 3769 2167 3636 3046 5052 5425 1105 4688 3273 2309 3046 4017 2726 2124 905 3891 2864 3878 1699 3576 536 347 1631 4832 3577 5252 1265 3552 256 893 4168 4077 743 4574 4361 4143 2807 1487 3432 1993 1871 3745 5293 2973 623 4834 120 2058 1247 2693 4247 1705 4600 4177 5028 2414 2964 4819 4465 2172 4373 2330 1846 1875 4678 1781 
34 3000 2776 1589 7047 5494 6220 5541 4093 4538 1031 5216 6100 4700 3423 4566 4336 7715 2272 5690 887 3882 7939 2924 5217 5768 5530 5643 5315 5649 5925 4759 6374 7511 4336 0 579 4368 1379 6958 6172 5572 3309 8671 4163 6596 4207 325 3363 6460 3877 3227 5054 6518 5535 943 4872 4254 5926 5549 6772 6031 3288 1934 4592 4033 836 7584 3830 7182 7377 4278 5218 3596 6091 3853 4963 4307 1223 6704 3719 8821 4258 5436 5383 6410 4438 6035 6805 7554 6330 6692 7126 3062 8353 3915 709 2063 4991 5947 5306 3149 
35 3000 2412 1112 6473 5029 5906 5126 3620 3989 1225 4658 5724 4367 2963 4022 3829 7136 1706 5139 333 3474 7361 2601 4694 5425 4957 5098 4884 5188 5522 4190 5806 6951 3769 579 0 3943 1007 6380 5761 5250 2761 8094 3697 6020 3719 306 2862 5892 3347 2876 4527 5992 5018 454 4305 3679 5370 5161 6219 5651 2759 1557 4025 3506 758 7022 3287 6667 6838 3900 4682 3107 5558 3419 4395 3882 1629 6130 3150 8244 3694 4954 4840 5836 4062 5472 6313 6998 5905 6115 6547 2895 7778 3500 809 1537 4513 5367 4919 2579 
36 3000 5025 2833 4098 1213 7911 1187 599 1754 5150 2257 7349 6535 1018 4398 990 5438 2635 2384 3625 508 5662 5315 5142 7323 4181 2232 947 1341 6984 3905 3308 6120 2167 4368 3943 0 4350 4955 7111 7308 1831 6423 5143 3843 4956 4059 4392 3405 1372 5370 4978 6045 1717 4002 2356 2476 2678 6806 5705 7260 1607 4543 2235 1306 4612 6110 1596 6739 6494 5916 4947 1037 5600 525 4035 5588 5561 4986 2198 6557 2060 1275 2023 4733 6047 2936 6764 6245 7114 3957 4646 6064 6288 461 4735 2507 869 3803 6623 3339 
37 3000 1412 1671 6202 5303 4900 5528 3917 3972 1153 4563 4735 3363 3332 3318 4006 6662 1760 5077 1063 3939 6877 1594 3909 4423 4419 5070 5250 5470 4550 3626 5614 6294 3636 1379 1007 4350 0 5882 4795 4245 2818 7575 2795 5728 2856 1263 2036 5690 3457 1874 3755 5208 5118 574 4151 3459 5267 4178 5532 4665 2909 559 3883 3618 676 6379 3335 5852 6091 2910 3936 3385 4797 3829 3822 2928 1769 5583 3022 7723 3590 5178 4828 5299 3072 5318 5449 6324 4950 5812 6152 1954 7230 3948 918 1849 4766 4978 3935 2083 
38 3000 5205 5691 1540 4453 5611 5174 4493 3262 7033 2702 4796 5095 4833 2751 4006 789 4810 2725 6107 5168 994 5372 2651 5130 1468 2898 4911 4528 4401 2263 1964 1319 3046 6958 6380 4955 5882 0 4327 5326 4097 1714 3884 1364 3644 6671 4069 1904 3929 5128 2674 2251 3546 6058 2651 2922 2491 4548 1416 4728 4296 5549 2858 3875 6536 1255 3788 2611 2020 4687 2439 4513 2123 4942 2078 4235 7651 435 3496 1864 3165 4176 3016 622 4687 2210 3058 1475 4155 1288 745 6201 1431 5102 6774 5185 4277 1177 4543 3826 
39 3000 3405 5848 5694 7334 1309 7938 6512 5565 5597 5554 495 1706 6369 2731 6205 4926 5158 5946 5685 7000 5012 3307 2084 972 3545 6075 7611 7478 269 3347 5707 3597 5052 6172 5761 7111 4795 4327 0 1264 5367 5311 2156 5312 2251 6044 3055 5706 5739 2978 2210 2124 6588 5307 5151 4708 5891 687 2986 453 5629 4237 5101 5817 5387 3738 5515 2180 2846 1918 2329 6164 2212 6775 3300 1881 6136 3896 4914 5414 5133 7072 6003 3828 1767 5706 1520 3498 255 5304 5039 3640 4888 6961 5600 5585 6898 4473 912 3945 
40 3000 2843 5572 6565 7726 659 8261 6718 5948 4844 6082 831 885 6450 3189 6490 5992 5030 6532 5246 7111 6104 2654 2784 306 4303 6638 7934 7882 1048 3895 6452 4761 5425 5572 5250 7308 4245 5326 1264 0 5487 6472 2171 6141 2382 5505 2947 6468 5965 2376 2844 3251 7075 4804 5639 5079 6530 781 4083 830 5732 3695 5530 6071 4745 4900 5746 3418 4056 1443 3035 6298 3220 6905 3911 1719 5317 4890 5146 6584 5483 7484 6522 4769 1291 6386 2760 4677 1519 6152 5995 2711 6048 7083 4929 5415 7243 5255 805 3981 
41 3000 3242 1770 3828 2536 6099 2894 1262 1229 3822 1917 5569 4705 1005 2727 1207 4764 1085 2381 2431 1637 4997 3532 3509 5514 2918 2337 2582 2705 5219 2394 3105 5016 1105 3309 2761 1831 2818 4097 5367 5487 0 5769 3332 3412 3161 2985 2561 3196 641 3559 3333 4584 2304 2638 1623 1175 2622 5014 4440 5481 265 2875 1348 801 3256 5044 529 5302 5199 4086 3351 811 4118 1421 2570 3768 4347 3975 617 5916 1002 2380 2079 3683 4219 2749 5210 5111 5394 3518 4063 4325 5527 1603 3438 1256 1996 2946 4822 1509 
42 3000 6814 7398 2415 5718 6618 6427 6024 4829 8722 4188 5806 6420 6436 4357 5531 1008 6520 4059 7821 6700 775 6955 4079 6229 3157 4224 6209 5756 5455 3948 3154 1714 4688 8671 8094 6423 7575 1714 5311 6472 5769 0 5391 2582 5173 8385 5701 3062 5538 6686 4151 3221 4840 7767 4241 4602 3778 5699 2418 5755 5952 7219 4477 5464 8235 1574 5420 3200 2495 6105 3916 6114 3325 6485 3754 5679 9342 1993 5180 150 4804 5462 4406 2275 6075 3503 3826 1815 5090 2469 1779 7748 424 6631 8474 6889 5658 2822 5753 5533 
43 3000 1566 3695 4810 5565 2768 6090 4550 3794 3772 3990 2267 1488 4313 1218 4319 4653 3009 4470 3583 4966 4825 1624 1326 2182 2544 4559 5763 5723 1959 1919 4536 3847 3273 4163 3697 5143 2795 3884 2156 2171 3332 5391 0 4344 259 3993 899 4570 3794 1318 1240 2528 4949 3250 3533 2931 4508 1697 3058 2181 3584 2268 3397 3900 3445 3959 3574 3109 3455 907 1475 4143 2192 4754 2005 473 4369 3482 2975 5528 3324 5329 4418 3264 985 4404 2660 3833 2255 4381 4413 2360 4991 4935 3677 3431 5075 3441 1492 1843 
44 3000 5374 5154 483 3173 6528 3892 3467 2322 6869 1636 5742 5739 3933 3125 2976 1619 4334 1479 5711 4138 1833 5595 3357 5994 1844 1647 3653 3230 5333 2442 612 2683 2309 6596 6020 3843 5728 1364 5312 6141 3412 2582 4344 0 4085 6284 4241 542 3061 5416 3309 3396 2277 5774 1793 2342 1205 5395 2657 5665 3548 5512 2064 2965 6328 2617 2982 3879 3349 5233 3107 3614 3136 3932 2338 4773 7465 1637 2894 2715 2409 2907 1823 1558 5273 925 4233 2838 5180 114 820 6470 2482 4069 6550 4633 3078 904 5336 3663 
45 3000 1711 3639 4551 5344 2959 5881 4361 3568 3875 3745 2411 1734 4152 959 4113 4417 2912 4221 3583 4798 4593 1802 1138 2370 2290 4312 5554 5501 2076 1660 4277 3656 3046 4207 3719 4956 2856 3644 2251 2382 3161 5173 259 4085 0 4020 863 4311 3599 1515 1030 2389 4712 3279 3290 2702 4254 1853 2867 2323 3417 2349 3161 3698 3518 3765 3377 3003 3305 1164 1259 3969 2024 4581 1746 719 4482 3247 2774 5312 3102 5105 4176 3023 1234 4147 2598 3650 2324 4123 4162 2575 4777 4764 3755 3344 4861 3183 1666 1698 
46 3000 2676 1266 6733 5176 6158 5235 3774 4214 1216 4894 5997 4625 3105 4328 4012 7424 1955 5367 573 3577 7649 2851 4999 5686 5253 5319 5006 5332 5803 4490 6055 7254 4017 325 306 4059 1263 6671 6044 5505 2985 8385 3993 6284 4020 0 3165 6142 3552 3137 4833 6298 5211 743 4554 3942 5604 5437 6524 5925 2963 1821 4273 3708 866 7324 3505 6972 7144 4172 4988 3273 5864 3541 4695 4168 1509 6426 3402 8535 3938 5116 5058 6131 4334 5715 6615 7302 6192 6381 6825 3083 8073 3608 828 1738 4671 5647 5194 2878 
47 3000 1146 2796 4723 4943 3579 5409 3814 3224 3112 3557 3146 2144 3506 1347 3644 4858 2121 4069 2720 4170 5055 1354 1873 3007 2616 4129 5086 5107 2854 1846 4311 4306 2726 3363 2862 4392 2036 4069 3055 2947 2561 5701 899 4241 863 3165 0 4363 3089 1199 1722 3171 4426 2428 3090 2411 4161 2570 3529 3062 2798 1571 2899 3213 2710 4401 2879 3821 4058 1526 1913 3368 2764 3969 2007 1251 3730 3717 2307 5846 2750 4729 3949 3455 1664 4111 3450 4323 3153 4299 4476 2230 5328 4144 2950 2537 4428 3376 2350 1054 
48 3000 5471 4964 694 2660 6888 3374 3079 2023 6812 1307 6119 6008 3599 3361 2598 2131 4188 1021 5573 3737 2335 5709 3694 6339 2175 1175 3147 2708 5708 2651 99 3222 2124 6460 5892 3405 5690 1904 5706 6468 3196 3062 4570 542 4311 6142 4363 0 2767 5558 3624 3863 1777 5682 1588 2236 727 5740 3159 6039 3298 5525 1869 2651 6259 3159 2723 4378 3871 5473 3440 3287 3570 3543 2584 5018 7392 2155 2742 3188 2207 2400 1387 2045 5527 481 4700 3376 5589 635 1341 6589 2994 3668 6473 4445 2605 1233 5663 3671 
49 3000 3851 2301 3435 1908 6558 2320 773 745 4443 1459 5981 5217 903 3028 575 4530 1711 1860 3014 1344 4762 4139 3779 5969 2932 1787 1998 2077 5614 2563 2671 4972 905 3877 3347 1372 3457 3929 5739 5965 641 5538 3794 3061 3599 3552 3089 2767 0 4146 3613 4735 1678 3257 1297 1154 2127 5443 4475 5892 589 3514 1071 161 3878 4982 223 5441 5256 4597 3591 585 4280 1105 2707 4248 4954 3874 827 5682 785 1742 1523 3596 4722 2297 5425 5082 5742 3173 3783 4948 5336 1290 4052 1814 1372 2752 5265 2039 
50 3000 467 3250 5896 6041 3034 6452 4820 4372 2624 4745 2874 1491 4411 2381 4717 5909 2843 5261 2871 5078 6092 337 2643 2549 3717 5315 6137 6208 2721 2988 5507 5164 3891 3227 2876 5370 1874 5128 2978 2376 3559 6686 1318 5416 1515 3137 1199 5558 4146 0 2545 3832 5583 2428 4280 3589 5359 2331 4375 2807 3764 1319 4078 4284 2420 5276 3952 4374 4762 1061 2775 4332 3510 4903 3125 1212 3181 4744 3419 6826 3904 5844 5128 4506 1217 5311 3864 5152 3158 5470 5597 1074 6292 5065 2626 3171 5513 4536 2088 2135 
51 3000 2726 4244 3747 5128 3284 5745 4383 3369 4831 3346 2555 2453 4333 609 4039 3430 3413 3752 4343 4924 3594 2832 180 2722 1464 3875 5420 5270 2150 1137 3608 2629 2864 5054 4527 4978 3755 2674 2210 2844 3333 4151 1240 3309 1030 4833 1722 3624 3613 2545 0 1465 4378 4112 2941 2526 3719 2124 1841 2469 3598 3290 2897 3673 4430 2735 3391 2150 2336 2013 236 4091 1042 4691 1098 1561 5447 2260 2808 4288 2953 4864 3795 2063 2019 3557 1907 2629 2167 3326 3255 3599 3751 4878 4671 3858 4704 2414 2039 2131 
52 3000 4091 5676 3714 5950 3431 6629 5474 4319 6260 4070 2612 3253 5548 2009 5062 2805 4822 4343 5806 6079 2888 4148 1301 3012 1914 4498 6319 6068 2243 2192 3886 1513 3878 6518 5992 6045 5208 2251 2124 3251 4584 3221 2528 3396 2389 6298 3171 3863 4735 3832 1465 0 5098 5576 3771 3583 4213 2478 864 2554 4842 4725 3826 4759 5880 1650 4528 719 932 3037 1326 5272 468 5841 2030 2670 6870 1838 4000 3334 3987 5670 4501 1841 2973 3979 837 1442 1928 3364 2988 4818 2797 6026 6120 5265 5609 2677 2541 3555 
53 3000 5354 3948 2448 907 7603 1628 1570 1212 6121 1042 6921 6434 2223 3906 1207 3896 3386 821 4684 2135 4106 5633 4507 7019 3191 647 1376 991 6522 3242 1686 4818 1699 5535 5018 1717 5118 3546 6588 7075 2304 4840 4949 2277 4712 5211 4426 1777 1678 5583 4378 5098 0 4935 1442 2027 1072 6443 4567 6834 2261 5129 1552 1517 5556 4780 1782 5725 5342 5831 4269 1973 4707 1991 3292 5422 6631 3682 2189 4966 1679 632 598 3482 5930 1355 5900 4961 6531 2385 3097 6482 4759 2068 5731 3480 860 2514 6307 3455 
54 3000 1962 1207 6237 5028 5461 5189 3621 3848 1186 4488 5271 3920 2995 3624 3774 6824 1553 4985 500 3560 7045 2160 4275 4975 4616 4958 4927 5191 5068 3837 5600 6575 3576 943 454 4002 574 6058 5307 4804 2638 7767 3250 5774 3279 743 2428 5682 3257 2428 4112 5576 4935 0 4107 3449 5199 4707 5832 5198 2680 1109 3830 3418 623 6651 3168 6243 6433 3446 4274 3094 5148 3476 4040 3428 1718 5790 2952 7917 3512 4928 4706 5498 3609 5280 5876 6616 5452 5865 6263 2512 7440 3577 801 1507 4499 5082 4465 2233 
55 3000 4111 3382 2204 2205 6161 2863 1851 613 5253 466 5479 5021 2195 2464 1375 3233 2600 983 3985 2522 3466 4374 3075 5578 1864 1039 2549 2339 5080 1804 1501 3766 536 4872 4305 2356 4151 2651 5151 5639 1623 4241 3533 1793 3290 4554 3090 1588 1297 4280 2941 3771 1442 4107 0 712 1124 5000 3359 5392 1755 4039 280 1227 4695 3761 1194 4439 4149 4428 2842 1873 3351 2293 1867 4006 5823 2639 1157 4385 622 1933 885 2379 4518 1173 4541 3889 5101 1902 2488 5246 4045 2457 4903 2862 1837 1476 4867 2223 
56 3000 3405 2832 2794 2651 5632 3230 1893 870 4576 1167 4994 4412 2010 1976 1515 3601 1994 1690 3369 2498 3834 3671 2683 5044 1791 1730 2903 2804 4608 1429 2158 3864 347 4254 3679 2476 3459 2922 4708 5079 1175 4602 2931 2342 2702 3942 2411 2236 1154 3589 2526 3583 2027 3449 712 0 1834 4485 3332 4905 1386 3330 489 1177 4022 3886 956 4287 4108 3806 2477 1712 3131 2259 1560 3403 5156 2804 578 4750 426 2405 1539 2514 3908 1861 4288 3967 4687 2439 2925 4541 4353 2443 4237 2313 2192 1781 4331 1512 
57 3000 5215 4389 1419 1973 7002 2694 2368 1401 6358 712 6269 5985 2916 3348 1895 2824 3666 296 5043 3018 3037 5472 3820 6433 2366 448 2449 2039 5860 2636 631 3783 1631 5926 5370 2678 5267 2491 5891 6530 2622 3778 4508 1205 4254 5604 4161 727 2127 5359 3719 4213 1072 5199 1124 1834 0 5840 3602 6184 2687 5163 1384 1996 5797 3737 2117 4795 4357 5414 3568 2612 3863 2830 2625 4973 6918 2663 2252 3906 1687 1703 667 2491 5489 283 5038 3931 5802 1314 2025 6349 3687 2948 5999 3878 1881 1546 5735 3341 
58 3000 2773 5327 5810 7136 1163 7702 6209 5354 4938 5430 578 1020 6004 2536 5943 5211 4691 5860 5107 6651 5323 2654 2045 600 3566 5975 7375 7287 417 3219 5728 3990 4832 5549 5161 6806 4178 4548 687 781 5014 5699 1697 5395 1853 5437 2570 5740 5443 2331 2124 2478 6443 4707 5000 4485 5840 0 3303 497 5270 3619 4914 5536 4750 4128 5220 2692 3306 1271 2299 5823 2439 6435 3214 1330 5466 4112 4616 5813 4901 6884 5875 3997 1113 5682 2044 3911 918 5401 5223 2953 5275 6618 4957 5104 6671 4517 243 3539 
59 3000 4567 5753 2926 5453 4291 6156 5165 3951 6639 3581 3471 4002 5342 2215 4716 1940 4869 3772 5996 5808 2029 4669 1732 3855 1542 3938 5861 5556 3095 2109 3196 789 3577 6772 6219 5705 5532 1416 2986 4083 4440 2418 3058 2657 2867 6524 3529 3159 4475 4375 1841 864 4567 5832 3359 3332 3602 3303 0 3411 4683 5099 3472 4470 6208 902 4286 1221 789 3707 1625 5043 909 5570 1909 3296 7258 1032 3828 2542 3694 5170 3982 1118 3668 3345 1643 793 2792 2609 2161 5412 1998 5749 6451 5296 5170 2061 3343 3670 
60 3000 3256 5824 6060 7550 883 8132 6662 5772 5396 5809 88 1414 6475 2937 6381 5347 5183 6222 5602 7118 5440 3124 2365 528 3866 6344 7805 7699 331 3594 6034 4040 5252 6031 5651 7260 4665 4728 453 830 5481 5755 2181 5665 2323 5925 3062 6039 5892 2807 2469 2554 6834 5198 5392 4905 6184 497 3411 0 5739 4105 5321 5981 5227 4180 5669 2633 3296 1754 2617 6287 2605 6900 3568 1827 5911 4295 5064 5859 5326 7294 6258 4210 1593 6012 1973 3943 701 5662 5429 3359 5331 7084 5430 5598 7097 4807 734 4017 
61 3000 3430 1715 3947 2400 6349 2706 1063 1287 3866 1998 5827 4942 741 2992 1098 4944 1149 2430 2425 1382 5178 3720 3774 5765 3154 2367 2402 2568 5479 2651 3204 5246 1265 3288 2759 1607 2909 4296 5629 5732 265 5952 3584 3548 3417 2963 2798 3298 589 3764 3598 4842 2261 2680 1755 1386 2687 5270 4683 5739 0 3012 1491 746 3303 5270 574 5560 5447 4324 3615 571 4377 1172 2824 4015 4369 4190 855 6098 1152 2268 2104 3901 4460 2838 5474 5344 5658 3657 4227 4494 5721 1351 3472 1225 1860 3133 5075 1751 
62 3000 855 2053 5993 5407 4351 5699 4061 3943 1541 4476 4176 2811 3531 2899 4083 6336 1907 4998 1567 4171 6543 1055 3436 3868 4080 5010 5405 5576 3992 3286 5455 5873 3552 1934 1557 4543 559 5549 4237 3695 2875 7219 2268 5512 2349 1821 1571 5525 3514 1319 3290 4725 5129 1109 4039 3330 5163 3619 5099 4105 3012 0 3786 3671 1177 5964 3364 5353 5624 2351 3484 3535 4330 4035 3472 2376 2159 5226 2964 7366 3523 5256 4782 4950 2513 5185 4927 5893 4396 5588 5873 1558 6860 4172 1409 2110 4867 4716 3376 1855 
63 3000 3890 3103 2482 2233 6069 2853 1695 492 4980 690 5409 4882 1974 2384 1245 3469 2320 1214 3704 2352 3702 4158 3042 5482 1946 1244 2532 2378 5016 1766 1782 3924 256 4592 4025 2235 3883 2858 5101 5530 1348 4477 3397 2064 3161 4273 2899 1869 1071 4078 2897 3826 1552 3830 280 489 1384 4914 3472 5321 1491 3786 0 1025 4420 3927 942 4510 4261 4280 2820 1655 3391 2117 1858 3870 5547 2813 878 4622 345 1973 1050 2541 4378 1450 4573 4041 5064 2171 2738 5025 4267 2290 4627 2582 1813 1681 4769 1991 
64 3000 3996 2454 3326 1761 6658 2198 716 642 4604 1346 6070 5333 972 3096 433 4457 1872 1723 3172 1338 4689 4284 3836 6069 2930 1644 1873 1929 5698 2602 2554 4946 893 4033 3506 1306 3618 3875 5817 6071 801 5464 3900 2965 3698 3708 3213 2651 161 4284 3673 4759 1517 3418 1227 1177 1996 5536 4470 5981 746 3671 1025 0 4039 4951 333 5460 5254 4714 3641 651 4308 1100 2738 4357 5114 3838 924 5607 777 1588 1379 3565 4836 2177 5464 5060 5814 3077 3701 5097 5272 1278 4213 1971 1228 2697 5362 2168 
65 3000 1982 1792 6797 5650 5390 5800 4243 4458 566 5086 5293 3878 3610 3993 4398 7312 2171 5589 1014 4162 7529 2106 4583 4947 5077 5567 5543 5813 5135 4287 6180 6969 4168 836 758 4612 676 6536 5387 4745 3256 8235 3445 6328 3518 866 2710 6259 3878 2420 4430 5880 5556 623 4695 4022 5797 4750 6208 5227 3303 1177 4420 4039 0 7053 3784 6519 6766 3479 4612 3716 5472 4086 4484 3543 1136 6245 3545 8383 4109 5552 5316 5959 3637 5868 6104 7000 5555 6415 6782 2232 7894 4182 242 2128 5122 5604 4507 2718 
66 3000 5458 6482 2742 5686 5047 6405 5611 4374 7499 3884 4232 4879 5876 3066 5136 1382 5592 3960 6783 6277 1378 5567 2633 4654 2143 4132 6133 5767 3880 2844 3219 141 4077 7584 7022 6110 6379 1255 3738 4900 5044 1574 3959 2617 3765 7324 4401 3159 4982 5276 2735 1650 4780 6651 3761 3886 3737 4128 902 4180 5270 5964 3927 4951 7053 0 4815 1671 971 4605 2514 5565 1803 6044 2639 4198 8120 1124 4427 1684 4198 5407 4231 1386 4561 3458 2268 277 3520 2537 1911 6315 1150 6214 7296 6004 5479 2312 4190 4449 
67 3000 3668 2274 3375 2091 6337 2530 997 716 4351 1423 5758 5002 1061 2805 767 4411 1614 1866 2955 1552 4645 3955 3558 5748 2744 1813 2206 2258 5390 2349 2629 4801 743 3830 3287 1596 3335 3788 5515 5746 529 5420 3574 2982 3377 3505 2879 2723 223 3952 3391 4528 1782 3168 1194 956 2117 5220 4286 5669 574 3364 942 333 3784 4815 0 5236 5064 4383 3372 757 4071 1314 2498 4030 4877 3715 604 5565 623 1908 1553 3433 4506 2263 5211 4908 5519 3092 3679 4773 5204 1500 3967 1769 1560 2615 5043 1834 
68 3000 4673 6384 4139 6594 3462 7284 6173 5001 6876 4712 2671 3595 6262 2716 5752 3008 5536 4948 6491 6786 3037 4701 1977 3143 2574 5109 6979 6706 2370 2908 4412 1533 4574 7182 6667 6739 5852 2611 2180 3418 5302 3200 3109 3879 3003 6972 3821 4378 5441 4374 2150 719 5725 6243 4439 4287 4795 2692 1221 2633 5560 5353 4510 5460 6519 1671 5236 0 705 3487 2032 5984 1188 6547 2742 3175 7478 2250 4715 3288 4686 6312 5132 2333 3398 4546 660 1401 1939 3830 3355 5308 2785 6731 6757 5979 6274 3249 2814 4263 
69 3000 5013 6443 3560 6232 4143 6939 5952 4741 7163 4366 3340 4147 6116 2817 5505 2332 5569 4540 6633 6592 2346 5077 2188 3793 2324 4707 6646 6332 3015 2832 3916 836 4361 7377 6838 6494 6091 2020 2846 4056 5199 2495 3455 3349 3305 7144 4058 3871 5256 4762 2336 932 5342 6433 4149 4108 4357 3306 789 3296 5447 5624 4261 5254 6766 971 5064 705 0 3963 2159 5821 1294 6354 2641 3602 7776 1716 4591 2587 4478 5950 4761 1866 3893 4093 1336 698 2614 3288 2750 5751 2080 6533 7007 6003 5957 2829 3401 4334 
70 3000 1502 4140 5693 6416 2095 6912 5334 4659 3680 4888 1825 620 5030 2113 5141 5436 3587 5373 3861 5695 5592 1389 2044 1554 3412 5458 6587 6577 1660 2822 5440 4480 4143 4278 3900 5916 2910 4687 1918 1443 4086 6105 907 5233 1164 4172 1526 5473 4597 1061 2013 3037 5831 3446 4428 3806 5414 1271 3707 1754 4324 2351 4280 4714 3479 4605 4383 3487 3963 0 2247 4894 2801 5495 2898 461 4224 4269 3795 6236 4186 6188 5311 4076 163 5311 2921 4442 2105 5266 5258 1828 5693 5670 3687 3971 5914 4329 1028 2577 
71 3000 2944 4352 3538 5042 3451 5673 4356 3301 5026 3230 2701 2677 4342 684 3992 3193 3504 3617 4486 4916 3357 3058 254 2899 1268 3746 5351 5180 2291 1055 3429 2410 2807 5218 4682 4947 3936 2439 2329 3035 3351 3916 1475 3107 1259 4988 1913 3440 3591 2775 236 1326 4269 4274 2842 2477 3568 2299 1625 2617 3615 3484 2820 3641 4612 2514 3372 2032 2159 2247 0 4089 876 4681 976 1797 5643 2024 2802 4054 2902 4773 3680 1830 2250 3395 1859 2417 2262 3120 3028 3832 3518 4868 4855 3948 4633 2220 2230 2231 
72 3000 3989 2008 3968 1933 6911 2164 532 1293 4272 1988 6376 5512 321 3492 769 5106 1635 2329 2776 836 5339 4280 4262 6326 3501 2229 1872 2097 6022 3085 3189 5553 1487 3596 3107 1037 3385 4513 6164 6298 811 6114 4143 3614 3969 3273 3368 3287 585 4332 4091 5272 1973 3094 1873 1712 2612 5823 5043 6287 571 3535 1655 651 3716 5565 757 5984 5821 4894 4089 0 4812 612 3242 4579 4736 4459 1286 6257 1366 1846 1968 4180 5028 2809 5939 5662 6184 3727 4352 5039 5917 797 3865 1589 1408 3336 5632 2318 
73 3000 3735 5216 3495 5543 3487 6214 5023 3884 5870 3671 2674 3095 5085 1554 4620 2772 4359 3973 5363 5623 2889 3815 895 3012 1517 4123 5900 5667 2278 1728 3583 1680 3432 6091 5558 5600 4797 2123 2212 3220 4118 3325 2192 3136 2024 5864 2764 3570 4280 3510 1042 468 4707 5148 3351 3131 3863 2439 909 2605 4377 4330 3391 4308 5472 1803 4071 1188 1294 2801 876 4812 0 5384 1572 2398 6484 1689 3536 3450 3539 5265 4109 1619 2759 3642 1193 1650 2055 3118 2827 4529 2906 5570 5714 4801 5187 2353 2458 3096 
74 3000 4544 2309 4237 1669 7520 1713 465 1680 4625 2300 6988 6113 503 4095 956 5485 2129 2534 3100 238 5714 4834 4861 6936 4029 2403 1465 1814 6634 3663 3444 6042 1993 3853 3419 525 3829 4942 6775 6905 1421 6485 4754 3932 4581 3541 3969 3543 1105 4903 4691 5841 1991 3476 2293 2259 2830 6435 5570 6900 1172 4035 2117 1100 4086 6044 1314 6547 6354 5495 4681 612 5384 0 3812 5187 5041 4926 1883 6625 1875 1671 2163 4658 5632 3063 6524 6158 6793 4046 4708 5565 6318 187 4210 1984 1226 3769 6243 2924 
75 3000 3152 3853 2806 4070 4376 4710 3454 2346 4968 2255 3653 3424 3520 786 3062 2866 2965 2654 4147 4050 3071 3340 1216 3807 611 2777 4390 4206 3248 205 2558 2579 1871 4963 4395 4035 3822 2078 3300 3911 2570 3754 2005 2338 1746 4695 2007 2584 2707 3125 1098 2030 3292 4040 1867 1560 2625 3214 1909 3568 2824 3472 1858 2738 4484 2639 2498 2742 2641 2898 976 3242 1572 3812 0 2439 5588 1761 1974 3902 1975 3800 2704 1479 2946 2475 2729 2645 3238 2377 2474 4196 3409 3997 4725 3389 3672 1437 3112 1816 
76 3000 1576 3997 5233 6034 2335 6551 4999 4265 3808 4462 1909 1015 4737 1656 4779 4990 3369 4940 3804 5395 5150 1547 1604 1757 2951 5030 6225 6192 1652 2368 4986 4077 3745 4307 3882 5588 2928 4235 1881 1719 3768 5679 473 4773 719 4168 1251 5018 4248 1212 1561 2670 5422 3428 4006 3403 4973 1330 3296 1827 4015 2376 3870 4357 3543 4198 4030 3175 3602 461 1797 4579 2398 5187 2439 0 4381 3821 3433 5812 3794 5799 4891 3622 515 4864 2653 4047 2024 4805 4799 2148 5270 5366 3765 3776 5541 3868 1103 2265 
77 3000 2816 2739 7933 6658 5924 6741 5250 5564 621 6206 5968 4506 4591 5054 5450 8431 3266 6704 1959 5084 8646 2845 5589 5558 6187 6675 6506 6817 5872 5394 7312 8030 5293 1223 1629 5561 1769 7651 6136 5317 4347 9342 4369 7465 4482 1509 3730 7392 4954 3181 5447 6870 6631 1718 5823 5156 6918 5466 7258 5911 4369 2159 5547 5114 1136 8120 4877 7478 7776 4224 5643 4736 6484 5041 5588 4381 0 7349 4669 9490 5231 6582 6421 7067 4369 6996 7015 8052 6329 7552 7914 2616 8993 5113 920 3157 6143 6737 5228 3845 
78 3000 4842 5497 1894 4585 5177 5302 4490 3253 6729 2764 4363 4667 4773 2381 4013 1171 4609 2867 5868 5158 1347 4998 2228 4695 1174 3038 5023 4674 3967 1958 2200 1142 2973 6704 6130 4986 5583 435 3896 4890 3975 1993 3482 1637 3247 6426 3717 2155 3874 4744 2260 1838 3682 5790 2639 2804 2663 4112 1032 4295 4190 5226 2813 3838 6245 1124 3715 2250 1716 4269 2024 4459 1689 4926 1761 3821 7349 0 3362 2141 3094 4304 3122 298 4265 2392 2657 1279 3727 1583 1151 5815 1650 5094 6485 5002 4362 1190 4108 3557 
79 3000 3168 2263 3333 2636 5734 3118 1598 983 4106 1543 5153 4414 1548 2213 1346 4179 1447 2055 2832 2116 4412 3450 2978 5145 2302 2052 2792 2800 4786 1808 2657 4399 623 3719 3150 2198 3022 3496 4914 5146 617 5180 2975 2894 2774 3402 2307 2742 827 3419 2808 4000 2189 2952 1157 578 2252 4616 3828 5064 855 2964 878 924 3545 4427 604 4715 4591 3795 2802 1286 3536 1883 1974 3433 4669 3362 0 5328 568 2427 1818 3069 3914 2329 4654 4494 4921 2995 3500 4293 4927 2070 3749 1742 2121 2359 4439 1284 
