FILE: 411EuclS.txt
100 100 0 
1 3000 0 5158 5650 4664 2758 5653 3630 6074 5231 2427 3498 3183 7221 4300 4368 2965 3015 1263 6396 7098 4379 2654 3913 6332 2653 3140 5788 853 3418 3420 3086 656 2638 1562 4141 5568 2824 3369 6721 2929 4727 3918 4895 4178 4342 4826 1482 3593 6553 1184 3172 2566 4995 6759 5364 2857 4793 4359 4315 2520 4413 3122 1565 5063 6752 2696 1640 4288 6898 4417 2789 3553 7194 2393 5204 6207 2627 4633 6649 5304 6769 1159 4088 5478 109 6909 1596 1328 5829 3052 3683 3720 1908 6708 3873 1626 3245 7001 1413 3174 
2 3000 5158 0 1503 1664 2422 3417 2886 1620 226 5110 2305 3656 2209 3121 790 3446 3065 4997 2159 3174 5071 5872 3141 1510 4190 4852 2484 4317 1764 5665 4110 4617 2768 4308 2057 1965 3174 3187 4923 4793 1855 1494 2729 1011 2045 4299 5468 1574 3522 3978 2082 4699 1180 3162 288 4869 1115 5808 4542 2657 5943 3547 3601 3530 3758 3202 3857 1218 2300 2145 2412 3430 3887 5027 4379 4828 4688 5573 3611 1494 1711 4012 1071 3204 5058 2858 4276 5410 5091 3325 2015 1873 5464 1580 1293 3860 3754 4880 3882 2690 
3 3000 5650 1503 0 1035 3202 4920 2456 2947 1279 4914 2212 3279 1788 4548 1852 3202 4236 5148 3479 4478 6438 6905 4511 2643 3952 6050 3963 4802 2668 6854 5325 5230 3018 5174 3451 3447 4300 4455 6422 5958 1067 2721 4219 2128 1468 5748 6296 2286 4976 4553 3039 4460 2682 4549 1271 6016 2601 7125 5927 3399 7257 4770 4116 5017 5205 3165 4679 2566 3425 1471 2917 2928 5281 6078 5853 6331 5800 6940 5060 2989 2489 4604 1966 4707 5542 4153 5149 6209 6579 3071 3269 3112 6385 2208 2079 4678 5003 6367 4250 2601 
4 3000 4664 1664 1035 0 2405 4855 1452 3284 1510 3896 1186 2279 2796 4208 1518 2177 3621 4116 3823 4838 5953 6118 4087 3127 2934 5397 4056 3825 2004 6179 4705 4282 2027 4330 3119 3545 3646 3915 6387 5279 207 2287 4047 1733 461 5413 5413 1576 5117 3607 2361 3446 2670 4809 1592 5324 2516 6567 5480 2567 6694 4174 3162 4806 5358 2131 3827 2274 3931 515 2015 1957 5526 5317 5582 6202 5087 6447 5211 3059 3162 3663 1469 4626 4555 4522 4309 5315 6343 2045 2793 2638 5545 2930 1471 3824 4424 6398 3254 1568 
5 3000 2758 2422 3202 2405 0 3604 2229 3374 2520 3348 1611 2520 4565 2456 1633 2184 1386 2840 3756 4579 3772 3720 2171 3589 2664 3035 3346 1940 662 3794 2391 2196 1072 1974 1718 3007 1343 1786 5013 2900 2553 1205 2718 1424 2296 3519 3112 927 4295 1573 461 3062 2300 4320 2649 2936 2085 4276 3378 237 4395 1921 1247 3239 4527 1724 1485 1564 4203 2423 572 2592 4887 2912 3796 4650 2690 4237 4397 2657 4011 1601 1373 3381 2662 4344 1948 3036 4566 2137 1179 1136 3183 3952 1180 1485 2178 5167 1626 1630 
6 3000 5653 3417 4920 4855 3604 0 5539 2352 3641 6929 4832 6044 5030 1354 3340 5725 2655 6240 2097 1998 2659 4679 1741 2870 6265 3327 1113 5091 3321 3943 2827 4998 4640 4145 1927 1547 2840 2284 1531 3429 5062 2727 891 3159 5078 1548 5018 3640 1004 4688 3199 6664 2242 1528 3660 3545 2355 3496 2173 3738 3622 2568 4604 693 1144 5291 4021 2608 2689 5210 4101 6017 1636 4006 1351 1425 3566 3053 1079 1946 3478 4670 3452 233 5599 2031 4107 5060 1834 5653 2449 2541 4735 3702 3553 4036 2521 1589 5056 5043 
7 3000 3630 2886 2456 1452 2229 5539 0 4446 2797 2459 706 827 4240 4584 2393 772 3615 2836 4960 5948 5997 5584 4350 4396 1499 5172 4959 2871 2240 5872 4586 3409 1280 3755 3628 4489 3563 4009 7038 5011 1389 2812 4658 2466 993 5715 4675 1899 6012 2787 2462 2004 3603 5832 2908 5024 3401 6460 5607 2261 6573 4145 2358 5314 6257 935 3275 2983 5180 986 1659 544 6510 4876 5965 6746 4758 6454 6113 4020 4530 2852 2174 5305 3523 5650 3746 4550 6741 646 3150 3028 4910 4325 2019 3266 4401 7127 2260 613 
8 3000 6074 1620 2947 3284 3374 2352 4446 0 1786 6499 3808 5170 2687 2731 2085 4923 3355 6191 541 1557 4671 6104 2947 520 5631 4866 1241 5297 2765 5639 4163 5457 4068 4891 2074 867 3526 3259 3687 4878 3474 2172 2047 2113 3658 3670 6007 2805 2093 4908 2925 6122 1080 1603 1732 4978 1289 5496 4125 3602 5631 3658 4621 2752 2305 4609 4541 1810 828 3762 3600 4988 2335 5286 3607 3747 4875 5141 2165 813 1142 4923 2353 2203 5988 1238 4853 5989 4183 4812 2419 2360 5881 1349 2564 4549 3780 3549 4993 4157 
9 3000 5231 226 1279 1510 2520 3641 2797 1786 0 5077 2252 3585 2062 3339 892 3392 3240 5017 2328 3344 5282 6033 3350 1622 4145 5037 2698 4385 1873 5850 4296 4707 2780 4438 2267 2179 3342 3380 5145 4973 1693 1666 2955 1142 1915 4521 5596 1638 3729 4058 2208 4657 1405 3352 133 5046 1340 6012 4755 2752 6147 3733 3668 3756 3964 3176 3977 1414 2423 2006 2461 3339 4080 5189 4603 5053 4859 5784 3817 1714 1745 4095 1149 3429 5130 3025 4407 5533 5316 3268 2199 2052 5606 1576 1359 3979 3945 5097 3928 2647 
10 3000 2427 5110 4914 3896 3348 6929 2459 6499 5077 0 2834 1650 6692 5687 4437 1721 4403 1164 6956 7860 6410 5049 5341 6571 962 5265 6677 2224 3806 5714 4966 2700 2438 3556 5067 6298 4255 4838 8266 5058 3847 4458 6053 4386 3446 6557 3894 3695 7643 2508 3792 458 5494 7639 5202 5016 5273 6573 6200 3193 6649 4762 2396 6493 7875 1908 3298 4764 7301 3446 2945 2043 8230 4640 6896 7840 4751 6756 7746 5894 6817 2559 4155 6712 2361 7599 3573 3740 7620 1852 4528 4477 4294 6652 3937 3282 4971 8461 1948 2432 
11 3000 3498 2305 2212 1186 1611 4832 706 3808 2252 2834 0 1362 3927 3895 1730 1141 2987 2938 4310 5284 5378 5165 3676 3802 1893 4626 4264 2671 1542 5360 4001 3158 883 3337 2924 3802 2954 3363 6334 4479 1230 2105 3953 1776 848 5042 4353 1192 5314 2493 1787 2406 2921 5151 2374 4504 2715 5885 4966 1689 6002 3530 2045 4616 5558 968 2839 2283 4569 937 1072 1211 5821 4410 5281 6048 4246 5847 5415 3339 3997 2553 1491 4599 3388 4992 3322 4242 6058 1020 2453 2328 4535 3821 1322 2832 3787 6421 2085 406 
12 3000 3183 3656 3279 2279 2520 6044 827 5170 3585 1650 1362 0 5065 4972 3088 340 3856 2199 5669 6635 6168 5423 4692 5160 711 5215 5573 2538 2728 5845 4713 3103 1448 3643 4117 5130 3766 4281 7504 5034 2212 3358 5153 3113 1821 6031 4408 2470 6606 2573 2861 1192 4261 6484 3701 5028 4049 6537 5834 2474 6638 4344 2209 5743 6848 812 3213 3588 5931 1807 1967 413 7137 4797 6316 7163 4754 6595 6708 4678 5327 2640 2838 5814 3081 6347 3643 4269 7084 391 3601 3503 4705 5133 2651 3201 4591 7630 1958 1031 
13 3000 7221 2209 1788 2796 4565 5030 4240 2687 2062 6692 3927 5065 0 5139 2953 4973 5266 6854 3072 3877 7127 8081 5235 2184 5730 7032 3926 6368 3930 7843 6290 6730 4651 6500 4167 3494 5381 5356 6361 6985 2853 3702 4584 3205 3247 6231 7657 3655 4723 6068 4270 6241 3097 4127 1942 7064 3148 7907 6583 4792 8044 5730 5657 5357 4908 4895 6035 3403 2703 3258 4432 4717 4809 7236 6226 6434 6891 7622 4780 3191 1650 6110 3194 4865 7116 3580 6469 7592 6848 4842 4210 4074 7668 1366 3387 6037 5924 6194 5863 4330 
14 3000 4300 3121 4548 4208 2456 1354 4584 2731 3339 5687 3895 4972 5139 0 2738 4637 1321 4930 2743 3071 1988 3508 387 3215 5099 2192 1805 3760 2357 2928 1568 3646 3527 2793 1102 1892 1499 931 2581 2245 4408 1920 754 2487 4323 1208 3706 2753 2297 3361 2128 5459 2044 2647 3405 2355 2025 2785 1444 2543 2922 1225 3316 807 2475 4180 2673 1987 3366 4459 3005 5010 2945 2759 1391 2193 2320 2482 2387 1996 3834 3339 2739 1192 4248 2987 2755 3737 2166 4585 1453 1594 3458 3969 2760 2688 1218 2782 3772 4028 
15 3000 4368 790 1852 1518 1633 3340 2393 2085 892 4437 1730 3088 2953 2738 0 2837 2411 4243 2580 3556 4589 5166 2669 2137 3550 4224 2603 3528 981 5034 3491 3828 2036 3546 1636 2113 2495 2605 4872 4145 1725 869 2529 278 1751 3946 4704 797 3667 3188 1317 4047 1220 3443 1019 4211 1034 5273 4084 1868 5405 2931 2813 3295 3911 2534 3084 763 2868 1879 1639 2928 4132 4325 4090 4684 4012 5090 3765 1635 2452 3222 292 3110 4268 3262 3516 4640 4842 2727 1417 1260 4721 2353 520 3087 3158 4895 3106 2072 
16 3000 2965 3446 3202 2177 2184 5725 772 4923 3392 1721 1141 340 4973 4637 2837 0 3516 2079 5412 6366 5829 5125 4354 4938 763 4884 5279 2274 2416 5524 4375 2834 1111 3331 3798 4846 3425 3940 7176 4705 2140 3054 4833 2841 1733 5692 4133 2182 6305 2276 2534 1279 3987 6201 3512 4702 3772 6204 5493 2133 6307 4003 1895 5412 6546 471 2892 3299 5697 1745 1635 595 6845 4482 5978 6830 4429 6257 6407 4402 5137 2343 2576 5495 2860 6083 3329 3998 6746 131 3277 3184 4415 4957 2379 2879 4250 7307 1678 765 
17 3000 3015 3065 4236 3621 1386 2655 3615 3355 3240 4403 2987 3856 5266 1321 2411 3516 0 3610 3558 4136 2391 2830 950 3737 3885 1815 2817 2440 1617 2623 1091 2359 2419 1590 1281 2683 192 437 3875 1735 3796 1573 1880 2133 3602 2191 2659 2045 3538 2040 1263 4205 2359 3769 3346 1806 2217 2947 1993 1385 3073 554 2013 2121 3738 3045 1375 1865 4130 3735 1957 3964 4179 1986 2506 3437 1625 2865 3634 2542 4293 2019 2270 2469 2955 3981 1551 2652 3255 3485 1057 1192 2529 4335 2181 1389 809 4097 2468 3014 
18 3000 1263 4997 5148 4116 2840 6240 2836 6191 5017 1164 2938 2199 6854 4930 4243 2079 3610 0 6592 7415 5400 3897 4560 6352 1551 4209 6157 1212 3426 4599 3997 1594 2237 2511 4494 5844 3439 4026 7474 3999 4126 4038 5402 4122 3718 5670 2735 3449 7046 1580 3301 1343 5128 7137 5149 3946 4910 5493 5246 2632 5560 3881 1650 5732 7266 1987 2347 4386 7016 3760 2612 2606 7664 3536 6029 7006 3690 5712 7147 5496 6695 1613 3950 6038 1199 7183 2534 2580 6718 2195 3972 3958 3143 6577 3723 2331 4061 7707 1218 2547 
19 3000 6396 2159 3479 3823 3756 2097 4960 541 2328 6956 4310 5669 3072 2743 2580 5412 3558 6592 0 1016 4594 6213 3016 910 6107 4929 1017 5646 3179 5671 4258 5763 4518 5132 2292 882 3740 3398 3299 4963 4014 2553 2005 2579 4192 3538 6216 3264 1650 5248 3297 6590 1469 1092 2273 5069 1690 5432 4059 3974 5566 3792 4991 2604 1841 5081 4819 2211 626 4298 4031 5500 1817 5419 3421 3426 4994 5042 1710 1100 1438 5258 2836 1992 6314 699 5094 6211 3924 5305 2713 2680 6054 1706 3038 4829 3880 3121 5382 4649 
20 3000 7098 3174 4478 4838 4579 1998 5948 1557 3344 7860 5284 6635 3877 3071 3556 6366 4136 7415 1016 0 4657 6570 3415 1850 7041 5233 1319 6399 4055 5903 4640 6449 5425 5726 2961 1572 4327 3887 2749 5306 5030 3407 2330 3524 5202 3546 6740 4194 1129 5992 4118 7512 2380 473 3288 5418 2598 5495 4163 4782 5620 4253 5781 2659 1203 6014 5476 3097 1174 5310 4916 6484 948 5831 3327 3034 5392 5048 1128 1970 2237 5993 3797 2008 7024 324 5687 6755 3646 6264 3454 3456 6521 2541 3987 5488 4285 2474 6196 5607 
21 3000 4379 5071 6438 5953 3772 2659 5997 4671 5282 6410 5378 6168 7127 1988 4589 5829 2391 5400 4594 4657 0 2391 1932 5171 6083 1253 3585 4205 3963 1454 1466 3833 4766 2890 3014 3807 2433 2043 2833 1458 6139 3723 2623 4318 5975 1113 3192 4394 3618 3902 3634 6313 4030 4187 5359 1545 3999 842 547 3741 973 1851 4084 2015 3688 5359 3114 3883 5218 6110 4337 6318 4189 2061 1401 2246 1754 502 3670 3974 5796 3851 4523 2666 4376 4670 2866 3299 1644 5815 3182 3340 2775 5946 4484 3130 1595 3220 4494 5390 
22 3000 2654 5872 6905 6118 3720 4679 5584 6104 6033 5049 5165 5423 8081 3508 5166 5125 2830 3897 6213 6570 2391 0 3200 6526 5073 1352 5312 2936 4243 987 1955 2387 4325 1832 4058 5335 2701 2846 5196 1264 6255 4379 4262 4898 5958 3310 1174 4620 5684 2850 3875 5115 5169 6131 6147 1153 5041 1981 2639 3551 1984 2446 3241 3986 5810 4717 2325 4691 6823 6073 4129 5709 6311 845 3676 4613 1229 2408 5757 5299 7103 2783 4974 4598 2703 6495 1844 1327 4036 5166 3885 4013 755 7160 4831 2333 2333 5566 3471 4996 
23 3000 3913 3141 4511 4087 2171 1741 4350 2947 3350 5341 3676 4692 5235 387 2669 4354 950 4560 3016 3415 1932 3200 0 3407 4783 1921 2123 3382 2160 2693 1245 3260 3243 2407 1084 2143 1122 545 2927 1947 4281 1814 1085 2403 4163 1366 3337 2575 2678 2987 1889 5127 2147 3003 3429 2052 2088 2675 1415 2235 2811 848 2959 1172 2860 3890 2288 1951 3630 4300 2735 4753 3325 2424 1624 2506 1990 2435 2769 2171 4015 2963 2629 1577 3862 3312 2368 3364 2397 4309 1293 1448 3105 4124 2619 2303 874 3147 3415 3777 
24 3000 6332 1510 2643 3127 3589 2870 4396 520 1622 6571 3802 5160 2184 3215 2137 4938 3737 6352 910 1850 5171 6526 3407 0 5671 5317 1757 5529 2947 6100 4601 5733 4170 5230 2469 1381 3898 3681 4177 5317 3303 2416 2552 2230 3537 4184 6365 2912 2552 5152 3160 6174 1385 1999 1535 5414 1560 5991 4625 3824 6128 4080 4834 3269 2749 4664 4850 2045 804 3629 3741 4941 2717 5698 4127 4258 5296 5647 2616 1237 626 5174 2425 2723 6241 1528 5193 6338 4702 4821 2746 2664 6265 832 2649 4858 4218 4020 5178 4176 
25 3000 2653 4190 3952 2934 2664 6265 1499 5631 4145 962 1893 711 5730 5099 3550 763 3885 1551 6107 7041 6083 5073 4783 5671 0 5035 5907 2136 3020 5596 4616 2693 1641 3377 4357 5498 3764 4321 7671 4841 2886 3673 5377 3528 2484 6075 3990 2847 6909 2275 3071 516 4661 6850 4267 4820 4442 6365 5802 2555 6456 4318 2004 5894 7147 1026 3009 3949 6419 2486 2178 1121 7472 4525 6388 7287 4546 6477 7012 5070 5889 2339 3278 6041 2560 6767 3384 3843 7140 893 3822 3748 4331 5714 3069 2994 4551 7831 1639 1500 
26 3000 3140 4852 6050 5397 3035 3327 5172 4866 5037 5265 4626 5215 7032 2192 4224 4884 1815 4209 4929 5233 1253 1352 1921 5317 5035 0 3996 3041 3408 812 742 2622 3897 1709 2891 4062 1756 1677 3913 211 5562 3375 2946 3946 5330 1990 1951 3827 4332 2783 3041 5211 4006 4788 5137 292 3908 1329 1339 2937 1424 1304 3037 2634 4458 4427 2026 3636 5547 5457 3554 5419 4958 816 2368 3341 519 1503 4405 4080 5916 2725 4084 3250 3142 5171 1691 2051 2826 4891 2838 2985 1555 6004 3986 2041 1112 4266 3405 4559 
27 3000 5788 2484 3963 4056 3346 1113 4959 1241 2698 6677 4264 5573 3926 1805 2603 5279 2817 6157 1017 1319 3585 5312 2123 1757 5907 3996 0 5107 2887 4710 3363 5137 4269 4407 1668 519 3008 2575 2487 4050 4261 2234 1050 2493 4347 2522 5428 3102 1064 4699 2891 6356 1390 980 2692 4159 1569 4425 3054 3534 4558 2948 4512 1588 1308 4889 4161 1985 1636 4470 3740 5475 1566 4548 2409 2508 4112 4028 1162 999 2365 4697 2787 982 5717 1188 4368 5440 2947 5188 2185 2210 5222 2590 2942 4173 2998 2403 4939 4542 
28 3000 853 4317 4802 3825 1940 5091 2871 5297 4385 2224 2671 2538 6368 3760 3528 2274 2440 1212 5646 6399 4205 2936 3382 5529 2136 3041 5107 0 2594 3508 2787 565 1799 1331 3440 4845 2261 2842 6280 2834 3896 3127 4281 3348 3519 4459 1871 2747 5939 409 2375 2207 4217 6086 4517 2791 4009 4349 4036 1705 4426 2675 716 4554 6150 1938 1136 3494 6125 3601 1936 2869 6569 2432 4821 5803 2526 4535 6038 4547 5947 421 3246 4899 748 6191 1349 1730 5506 2340 2949 2967 2194 5876 3027 1120 2850 6525 610 2371 
29 3000 3418 1764 2668 2004 662 3321 2240 2765 1873 3806 1542 2728 3930 2357 981 2416 1617 3426 3179 4055 3963 4243 2160 2947 3020 3408 2887 2594 0 4202 2704 2858 1381 2573 1396 2492 1651 1920 4804 3302 2182 654 2432 762 2016 3523 3728 431 3894 2234 371 3470 1709 3838 2000 3356 1489 4562 3509 899 4689 2169 1890 3074 4134 2006 2104 968 3590 2151 861 2699 4452 3412 3746 4506 3134 4452 3997 2095 3353 2263 741 3089 3322 3800 2544 3661 4522 2337 910 788 3761 3290 589 2106 2419 4909 2234 1722 
30 3000 3420 5665 6854 6179 3794 3943 5872 5639 5850 5714 5360 5845 7843 2928 5034 5524 2623 4599 5671 5903 1454 987 2693 6100 5596 812 4710 3508 4202 0 1555 3015 4591 2219 3694 4817 2554 2487 4287 900 6338 4187 3670 4756 6090 2472 2016 4616 4939 3320 3832 5715 4806 5446 5950 858 4714 1002 1797 3675 1022 2117 3637 3255 5040 5080 2631 4448 6294 6215 4289 6080 5544 1076 2813 3701 1115 1422 5003 4863 6705 3256 4888 3897 3447 5867 2213 2154 3092 5542 3651 3798 1563 6802 4784 2644 1920 4671 3956 5262 
31 3000 3086 4110 5325 4705 2391 2827 4586 4163 4296 4966 4001 4713 6290 1568 3491 4375 1091 3997 4258 4640 1466 1955 1245 4601 4616 742 3363 2787 2704 1555 0 2482 3331 1529 2157 3381 1062 937 3666 716 4876 2637 2316 3212 4664 1744 2201 3129 3819 2459 2343 4853 3274 4212 4396 814 3170 1885 1249 2325 2004 563 2620 2154 3972 3907 1668 2893 4869 4795 2937 4878 4461 1192 2127 3132 752 1882 3901 3366 5193 2412 3360 2712 3063 4550 1498 2257 2746 4366 2097 2245 1908 5273 3272 1684 383 3976 3036 3974 
32 3000 656 4617 5230 4282 2196 4998 3409 5457 4707 2700 3158 3103 6730 3646 3828 2834 2359 1594 5763 6449 3833 2387 3260 5733 2693 2622 5137 565 2858 3015 2482 0 2275 954 3496 4927 2168 2715 6087 2411 4369 3317 4239 3620 4005 4208 1306 3078 5897 676 2584 2731 4380 6106 4838 2354 4183 3898 3725 1960 3966 2478 1120 4414 6096 2483 984 3687 6277 4095 2319 3429 6538 1945 4583 5582 2102 4125 5993 4677 6190 625 3558 4822 602 6265 983 1165 5228 2897 3051 3097 1639 6145 3351 970 2613 6359 1159 2885 
33 3000 2638 2768 3018 2027 1072 4640 1280 4068 2780 2438 883 1448 4651 3527 2036 1111 2419 2237 4518 5425 4766 4325 3243 4170 1641 3897 4269 1799 1381 4591 3331 2275 0 2493 2722 3870 2341 2837 6075 3732 2098 2036 3749 1956 1730 4584 3476 1264 5268 1609 1440 2089 3055 5218 2912 3744 2835 5194 4407 1034 5304 2923 1161 4306 5506 654 2004 2327 4878 1821 539 1551 5832 3599 4867 5721 3478 5210 5371 3457 4474 1669 1745 4413 2529 5161 2481 3362 5636 1068 2191 2110 3673 4345 1521 1995 3175 6216 1232 674 
34 3000 1562 4308 5174 4330 1974 4145 3755 4891 4438 3556 3337 3643 6500 2793 3546 3331 1590 2511 5132 5726 2890 1832 2407 5230 3377 1709 4407 1331 2573 2219 1529 954 2493 0 2840 4265 1401 1874 5161 1502 4455 2871 3443 3299 4143 3264 1160 2900 5081 1101 2229 3516 3846 5351 4561 1463 3672 3021 2770 1776 3102 1582 1435 3529 5267 2905 503 3227 5688 4254 2321 3903 5727 1155 3642 4644 1195 3205 5173 4084 5744 1038 3315 3984 1534 5571 39 1112 4276 3361 2483 2570 1215 5743 3141 508 1686 5446 1737 3164 
35 3000 4141 2057 3451 3119 1718 1927 3628 2074 2267 5067 2924 4117 4167 1102 1636 3798 1281 4494 2292 2961 3014 4058 1084 2469 4357 2891 1668 3440 1396 3694 2157 3496 2722 2840 0 1433 1456 1222 3410 2870 3321 847 1037 1389 3263 2310 3938 1739 2577 3033 1286 4775 1117 2649 2345 2961 1021 3756 2488 1886 3892 1618 2846 1710 2808 3369 2535 885 2851 3399 2182 4095 3177 3228 2463 3136 2831 3517 2679 1261 3045 3033 1652 1696 4065 2768 2802 3926 3225 3726 538 614 3807 3116 1698 2546 1779 3514 3278 3118 
36 3000 5568 1965 3447 3545 3007 1547 4489 867 2179 6298 3802 5130 3494 1892 2113 4846 2683 5844 882 1572 3807 5335 2143 1381 5498 4062 519 4845 2492 4817 3381 4927 3870 4265 1433 0 2867 2516 2989 4089 3749 1840 1184 2026 3846 2803 5338 2664 1572 4441 2546 5959 892 1355 2175 4194 1088 4636 3263 3211 4771 2909 4215 1889 1813 4473 3969 1549 1488 3967 3353 5013 2021 4537 2750 2969 4113 4275 1666 486 2007 4446 2314 1372 5490 1346 4226 5335 3354 4750 1895 1888 5172 2195 2483 3980 3002 2919 4626 4098 
37 3000 2824 3174 4300 3646 1343 2840 3563 3526 3342 4255 2954 3766 5381 1499 2495 3425 192 3439 3740 4327 2433 2701 1122 3898 3764 1756 3008 2261 1651 2554 1062 2168 2341 1401 1456 2867 0 588 4037 1657 3815 1679 2072 2220 3603 2314 2482 2072 3728 1864 1286 4070 2516 3961 3452 1718 2366 2943 2068 1310 3064 583 1859 2295 3928 2954 1185 1990 4307 3734 1904 3892 4370 1856 2642 3588 1518 2894 3824 2714 4446 1840 2336 2657 2765 4170 1362 2471 3381 3401 1187 1311 2368 4480 2230 1199 838 4268 2313 2956 
38 3000 3369 3187 4455 3915 1786 2284 4009 3259 3380 4838 3363 4281 5356 931 2605 3940 437 4026 3398 3887 2043 2846 545 3681 4321 1677 2575 2842 1920 2487 937 2715 2837 1874 1222 2516 588 0 3449 1647 4098 1738 1575 2327 3933 1756 2853 2351 3206 2449 1594 4643 2340 3494 3475 1738 2233 2672 1603 1807 2803 399 2445 1713 3394 3471 1743 1969 3995 4068 2359 4376 3852 2028 2068 3002 1616 2532 3299 2453 4265 2423 2506 2113 3317 3759 1836 2867 2819 3906 1190 1345 2658 4339 2450 1758 568 3683 2900 3416 
39 3000 6721 4923 6422 6387 5013 1531 7038 3687 5145 8266 6334 7504 6361 2581 4872 7176 3875 7474 3299 2749 2833 5196 2927 4177 7671 3913 2487 6280 4804 4287 3666 6087 6075 5161 3410 2989 4037 3449 0 4077 6594 4236 2383 4688 6607 1940 5821 5145 1673 5894 4643 8039 3758 2342 5154 4188 3882 3524 2574 5117 3616 3615 5886 1777 1547 6729 5156 4136 3783 6739 5541 7503 1896 4707 1554 586 4302 3012 1642 3433 4737 5865 4980 1762 6685 2944 5126 5897 1254 7113 3906 4016 5458 4999 5073 5172 3476 413 6343 6522 
40 3000 2929 4793 5958 5279 2900 3429 5011 4878 4973 5058 4479 5034 6985 2245 4145 4705 1735 3999 4963 5306 1458 1264 1947 5317 4841 211 4050 2834 3302 900 716 2411 3732 1502 2870 4089 1657 1647 4077 0 5440 3307 2999 3868 5197 2144 1762 3715 4432 2582 2933 5010 3987 4867 5077 115 3879 1525 1510 2790 1614 1258 2847 2739 4567 4251 1834 3582 5577 5323 3406 5246 5065 631 2526 3510 309 1714 4508 4082 5909 2523 3993 3340 2931 5232 1486 1857 3013 4715 2778 2921 1381 5987 3885 1848 1099 4423 3208 4399 
41 3000 4727 1855 1067 207 2553 5062 1389 3474 1693 3847 1230 2212 2853 4408 1725 2140 3796 4126 4014 5030 6139 6255 4281 3303 2886 5562 4261 3896 2182 6338 4876 4369 2098 4455 3321 3749 3815 4098 6594 5440 0 2487 4253 1938 410 5612 5523 1752 5321 3696 2534 3393 2876 5007 1768 5482 2723 6744 5670 2705 6869 4350 3249 5011 5562 2139 3952 2480 4107 406 2134 1868 5726 5461 5784 6409 5241 6631 5415 3263 3312 3753 1670 4834 4618 4713 4436 5421 6547 2009 2987 2833 5668 3071 1662 3947 4601 6605 3314 1587 
42 3000 3918 1494 2721 2287 1205 2727 2812 2172 1666 4458 2105 3358 3702 1920 869 3054 1573 4038 2553 3407 3723 4379 1814 2416 3673 3375 2234 3127 654 4187 2637 3317 2036 2871 847 1840 1679 1738 4236 3307 2487 0 1853 594 2415 3125 4028 913 3250 2742 753 4125 1095 3183 1773 3379 882 4404 3224 1430 4537 2074 2449 2557 3491 2655 2456 370 3000 2552 1513 3299 3800 3533 3301 3981 3194 4224 3353 1458 2887 2761 819 2494 3828 3157 2837 3983 4068 2969 548 393 3991 2872 851 2462 2296 4315 2830 2336 
43 3000 4895 2729 4219 4047 2718 891 4658 2047 2955 6053 3953 5153 4584 754 2529 4833 1880 5402 2005 2330 2623 4262 1085 2552 5377 2946 1050 4281 2432 3670 2316 4239 3749 3443 1037 1184 2072 1575 2383 2999 4253 1853 0 2324 4239 1649 4417 2762 1660 3873 2308 5781 1563 1921 2997 3109 1618 3451 2079 2860 3587 1927 3756 801 1869 4399 3255 1774 2631 4373 3210 5131 2299 3505 1662 2155 3067 3095 1758 1393 3178 3861 2610 664 4833 2234 3405 4438 2361 4762 1557 1650 4190 3342 2692 3268 1956 2477 4204 4154 
44 3000 4178 1011 2128 1733 1424 3159 2466 2113 1142 4386 1776 3113 3205 2487 278 2841 2133 4122 2579 3524 4318 4898 2403 2230 3528 3946 2493 3348 762 4756 3212 3620 1956 3299 1389 2026 2220 2327 4688 3868 1938 594 2324 0 1918 3696 4458 692 3551 2994 1071 4012 1148 3375 1263 3935 938 4996 3817 1662 5129 2652 2638 3073 3795 2502 2846 551 2921 2051 1510 2987 4045 4055 3851 4477 3737 4819 3651 1565 2601 3024 296 2927 4081 3243 3267 4399 4610 2739 1141 983 4463 2529 462 2849 2880 4730 2957 2083 
45 3000 4342 2045 1468 461 2296 5078 993 3658 1915 3446 848 1821 3247 4323 1751 1733 3602 3718 4192 5202 5975 5958 4163 3537 2484 5330 4347 3519 2016 6090 4664 4005 1730 4143 3263 3846 3603 3933 6607 5197 410 2415 4239 1918 0 5515 5186 1590 5411 3337 2343 2994 2957 5144 2009 5232 2782 6544 5525 2425 6667 4156 2889 4971 5655 1731 3641 2470 4337 136 1829 1496 5851 5181 5711 6387 4984 6460 5508 3361 3604 3396 1628 4846 4233 4890 4125 5078 6481 1602 2877 2730 5350 3380 1565 3635 4411 6643 2930 1185 
46 3000 4826 4299 5748 5413 3519 1548 5715 3670 4521 6557 5042 6031 6231 1208 3946 5692 2191 5670 3538 3546 1113 3310 1366 4184 6075 1990 2522 4459 3523 2472 1744 4208 4584 3264 2310 2803 2314 1756 1940 2144 5612 3125 1649 3696 5515 0 3881 3933 2506 4096 3255 6384 3174 3075 4579 2256 3188 1948 676 3559 2074 1797 4161 933 2584 5224 3323 3193 4157 5652 4088 6110 3087 2771 386 1390 2362 1513 2561 3041 4810 4058 3945 1571 4798 3569 3231 3957 1066 5653 2637 2786 3523 4987 3958 3339 1609 2278 4608 5137 
47 3000 1482 5468 6296 5413 3112 5018 4675 6007 5596 3894 4353 4408 7657 3706 4704 4133 2659 2735 6216 6740 3192 1174 3337 6365 3990 1951 5428 1871 3728 2016 2201 1306 3476 1160 3938 5338 2482 2853 5821 1762 5523 4028 4417 4458 5186 3881 0 4040 5997 1888 3388 3987 4980 6339 5720 1660 4814 3002 3269 2901 3035 2490 2324 4353 6161 3764 1627 4380 6789 5287 3399 4727 6643 1134 4266 5261 1518 3347 6083 5196 6891 1823 4468 4887 1536 6611 1193 154 4775 4191 3621 3716 452 6898 4289 1626 2498 6152 2455 4122 
48 3000 3593 1574 2286 1576 927 3640 1899 2805 1638 3695 1192 2470 3655 2753 797 2182 2045 3449 3264 4194 4394 4620 2575 2912 2847 3827 3102 2747 431 4616 3129 3078 1264 2900 1739 2664 2072 2351 5145 3715 1752 913 2762 692 1590 3933 4040 0 4140 2422 786 3326 1814 4019 1770 3765 1596 4992 3936 1143 5118 2599 2031 3443 4383 1820 2413 1117 3613 1726 841 2390 4667 3797 4144 4873 3537 4883 4241 2225 3249 2461 505 3406 3492 3919 2874 3963 4919 2087 1300 1161 4105 3148 281 2413 2849 5228 2309 1440 
49 3000 6553 3522 4976 5117 4295 1004 6012 2093 3729 7643 5314 6606 4723 2297 3667 6305 3538 7046 1650 1129 3618 5684 2678 2552 6909 4332 1064 5939 3894 4939 3819 5897 5268 5081 2577 1572 3728 3206 1673 4432 5321 3250 1660 3551 5411 2506 5997 4140 0 5531 3854 7342 2454 681 3712 4548 2633 4444 3156 4462 4564 3523 5396 1697 244 5901 4913 3030 2109 5534 4732 6524 647 5003 2246 1908 4563 3978 102 2058 3082 5520 3846 1109 6493 1279 5042 6033 2518 6219 3115 3169 5727 3357 3993 4927 3499 1470 5839 5579 
50 3000 1184 3978 4553 3607 1573 4688 2787 4908 4058 2508 2493 2573 6068 3361 3188 2276 2040 1580 5248 5992 3902 2850 2987 5152 2275 2783 4699 409 2234 3320 2459 676 1609 1101 3033 4441 1864 2449 5894 2582 3696 2742 3873 2994 3337 4096 1888 2422 5531 0 1993 2428 3827 5678 4190 2553 3621 4107 3700 1335 4193 2302 448 4159 5743 1883 791 3111 5734 3430 1646 2863 6161 2251 4451 5426 2281 4258 5630 4151 5584 67 2911 4493 1089 5787 1109 1765 5150 2322 2545 2568 2141 5524 2699 775 2490 6132 636 2238 
51 3000 3172 2082 3039 2361 461 3199 2462 2925 2208 3792 1787 2861 4270 2128 1317 2534 1263 3301 3297 4118 3634 3875 1889 3160 3071 3041 2891 2375 371 3832 2343 2584 1440 2229 1286 2546 1286 1594 4643 2933 2534 753 2308 1071 2343 3255 3388 786 3854 1993 0 3490 1847 3862 2332 2985 1635 4211 3196 678 4336 1818 1697 2883 4088 2092 1775 1119 3753 2477 902 2882 4438 3042 3503 4309 2762 4117 3957 2197 3606 2014 1100 2972 3081 3882 2198 3328 4279 2471 751 685 3405 3567 960 1779 2071 4776 2087 1900 
52 3000 2566 4699 4460 3446 3062 6664 2004 6122 4657 458 2406 1192 6241 5459 4047 1279 4205 1343 6590 7512 6313 5115 5127 6174 516 5211 6356 2207 3470 5715 4853 2731 2089 3516 4775 5959 4070 4643 8039 5010 3393 4125 5781 4012 2994 6384 3987 3326 7342 2428 3490 0 5136 7308 4780 4977 4916 6534 6068 2929 6617 4603 2239 6261 7578 1513 3203 4415 6915 2991 2615 1585 7916 4639 6711 7634 4707 6683 7445 5542 6401 2486 3770 6443 2485 7243 3528 3835 7450 1409 4237 4174 4362 6228 3557 3187 4824 8216 1818 2010 
53 3000 4995 1180 2682 2670 2300 2242 3603 1080 1405 5494 2921 4261 3097 2044 1220 3987 2359 5128 1469 2380 4030 5169 2147 1385 4661 4006 1390 4217 1709 4806 3274 4380 3055 3846 1117 892 2516 2340 3758 3987 2876 1095 1563 1148 2957 3174 4980 1814 2454 3827 1847 5136 0 2230 1437 4078 221 4811 3488 2524 4948 2734 3544 2364 2697 3634 3476 742 1907 3080 2562 4130 2912 4334 3223 3648 3943 4526 2551 417 1935 3843 1430 2026 4908 2106 3809 4953 3920 3886 1362 1288 4884 1999 1610 3484 2895 3739 3923 3231 
54 3000 6759 3162 4549 4809 4320 1528 5832 1603 3352 7639 5151 6484 4127 2647 3443 6201 3769 7137 1092 473 4187 6131 3003 1999 6850 4788 980 6086 3838 5446 4212 6106 5218 5351 2649 1355 3961 3494 2342 4867 5007 3183 1921 3375 5144 3075 6339 4019 681 5678 3862 7308 2230 0 3313 4981 2436 5024 3696 4511 5149 3848 5493 2195 803 5827 5126 2904 1459 5259 4696 6361 732 5405 2854 2588 4964 4575 700 1812 2477 5675 3660 1548 6689 602 5312 6360 3185 6105 3164 3185 6105 2766 3835 5139 3865 2102 5919 5452 
55 3000 5364 288 1271 1592 2649 3660 2908 1732 133 5202 2374 3701 1942 3405 1019 3512 3346 5149 2273 3288 5359 6147 3429 1535 4267 5137 2692 4517 2000 5950 4396 4838 2912 4561 2345 2175 3452 3475 5154 5077 1768 1773 2997 1263 2009 4579 5720 1770 3712 4190 2332 4780 1437 3313 0 5151 1391 6096 4829 2882 6232 3833 3801 3798 3944 3303 4103 1506 2339 2096 2594 3448 4044 5302 4651 5077 4968 5861 3798 1720 1626 4227 1280 3451 5262 2967 4530 5659 5356 3388 2300 2155 5726 1449 1491 4105 4041 5095 4061 2771 
56 3000 2857 4869 6016 5324 2936 3545 5024 4978 5046 5016 4504 5028 7064 2355 4211 4702 1806 3946 5069 5418 1545 1153 2052 5414 4820 292 4159 2791 3356 858 814 2354 3744 1463 2961 4194 1718 1738 4188 115 5482 3379 3109 3935 5232 2256 1660 3765 4548 2553 2985 4977 4078 4981 5151 0 3966 1558 1618 2817 1640 1345 2833 2854 4683 4251 1819 3661 5682 5357 3432 5248 5180 526 2638 3619 274 1777 4624 4180 6003 2493 4053 3454 2862 5342 1449 1759 3115 4715 2854 2995 1272 6077 3941 1833 1197 4535 3183 4413 
57 3000 4793 1115 2601 2516 2085 2355 3401 1289 1340 5273 2715 4049 3148 2025 1034 3772 2217 4910 1690 2598 3999 5041 2088 1560 4442 3908 1569 4009 1489 4714 3170 4183 2835 3672 1021 1088 2366 2233 3882 3879 2723 882 1618 938 2782 3188 4814 1596 2633 3621 1635 4916 221 2436 1391 3966 0 4763 3461 2312 4899 2621 3331 2417 2877 3415 3290 523 2118 2908 2341 3925 3109 4201 3263 3743 3820 4498 2731 629 2081 3638 1226 2132 4704 2326 3636 4782 3979 3673 1192 1104 4732 2119 1398 3298 2796 3882 3707 3018 
58 3000 4359 5808 7125 6567 4276 3496 6460 5496 6012 6573 5885 6537 7907 2785 5273 6204 2947 5493 5432 5495 842 1981 2675 5991 6365 1329 4425 4349 4562 1002 1885 3898 5194 3021 3756 4636 2943 2672 3524 1525 6744 4404 3451 4996 6544 1948 3002 4992 4444 4107 4211 6534 4811 5024 6096 1558 4763 0 1374 4205 136 2393 4366 2857 4503 5743 3355 4600 6057 6676 4819 6730 4999 1968 2205 2944 1827 512 4492 4781 6614 4048 5178 3508 4376 5511 3007 3134 2278 6206 3856 4013 2552 6754 5114 3370 2143 3928 4733 5847 
59 3000 4315 4542 5927 5480 3378 2173 5607 4125 4755 6200 4966 5834 6583 1444 4084 5493 1993 5246 4059 4163 547 2639 1415 4625 5802 1339 3054 4036 3509 1797 1249 3725 4407 2770 2488 3263 2068 1603 2574 1510 5670 3224 2079 3817 5525 676 3269 3936 3156 3700 3196 6068 3488 3696 4829 1618 3461 1374 0 3373 1508 1491 3829 1505 3247 5022 2910 3365 4684 5661 3950 5956 3751 2142 1037 2001 1758 1038 3216 3427 5250 3655 4034 2158 4297 4159 2741 3356 1521 5469 2692 2849 2890 5399 4008 2927 1251 2932 4259 5008 
60 3000 2520 2657 3399 2567 237 3738 2261 3602 2752 3193 1689 2474 4792 2543 1868 2133 1385 2632 3974 4782 3741 3551 2235 3824 2555 2937 3534 1705 899 3675 2325 1960 1034 1776 1886 3211 1310 1807 5117 2790 2705 1430 2860 1662 2425 3559 2901 1143 4462 1335 678 2929 2524 4511 2882 2817 2312 4205 3373 0 4319 1893 1019 3339 4690 1664 1279 1793 4430 2546 617 2583 5063 2758 3852 4733 2563 4193 4564 2874 4248 1363 1603 3520 2425 4552 1752 2821 4616 2100 1352 1327 2990 4190 1405 1278 2147 5287 1414 1651 
61 3000 4413 5943 7257 6694 4395 3622 6573 5631 6147 6649 6002 6638 8044 2922 5405 6307 3073 5560 5566 5620 973 1984 2811 6128 6456 1424 4558 4426 4689 1022 2004 3966 5304 3102 3892 4771 3064 2803 3616 1614 6869 4537 3587 5129 6667 2074 3035 5118 4564 4193 4336 6617 4948 5149 6232 1640 4899 136 1508 4319 0 2519 4461 2987 4620 5847 3448 4735 6191 6798 4935 6836 5115 2027 2322 3039 1912 606 4611 4918 6751 4133 5308 3637 4433 5640 3089 3171 2365 6311 3988 4145 2584 6891 5242 3463 2270 4021 4821 5959 
62 3000 3122 3547 4770 4174 1921 2568 4145 3658 3733 4762 3530 4344 5730 1225 2931 4003 554 3881 3792 4253 1851 2446 848 4080 4318 1304 2948 2675 2169 2117 563 2478 2923 1582 1618 2909 583 399 3615 1258 4350 2074 1927 2652 4156 1797 2490 2599 3523 2302 1818 4603 2734 3848 3833 1345 2621 2393 1491 1893 2519 0 2370 1946 3699 3532 1543 2331 4391 4289 2486 4475 4170 1630 2148 3128 1217 2317 3612 2852 4662 2267 2807 2417 3079 4136 1545 2515 2858 3981 1534 1683 2274 4732 2728 1559 257 3881 2814 3539 
63 3000 1565 3601 4116 3162 1247 4604 2358 4621 3668 2396 2045 2209 5657 3316 2813 1895 2013 1650 4991 5781 4084 3241 2959 4834 2004 3037 4512 716 1890 3637 2620 1120 1161 1435 2846 4215 1859 2445 5886 2847 3249 2449 3756 2638 2889 4161 2324 2031 5396 448 1697 2239 3544 5493 3801 2833 3331 4366 3829 1019 4461 2370 0 4123 5617 1475 1013 2811 5450 2983 1225 2470 6013 2588 4499 5447 2558 4473 5497 3891 5239 508 2530 4398 1462 5560 1434 2206 5226 1928 2330 2327 2553 5163 2311 999 2586 6098 456 1797 
64 3000 5063 3530 5017 4806 3239 693 5314 2752 3756 6493 4616 5743 5357 807 3295 5412 2121 5732 2604 2659 2015 3986 1172 3269 5894 2634 1588 4554 3074 3255 2154 4414 4306 3529 1710 1889 2295 1713 1777 2739 5011 2557 801 3073 4971 933 4353 3443 1697 4159 2883 6261 2364 2195 3798 2854 2417 2857 1505 3339 2987 1946 4123 0 1828 4960 3452 2533 3223 5106 3776 5760 2326 3322 869 1431 2884 2443 1770 2172 3894 4135 3350 653 5016 2656 3491 4402 1561 5353 2164 2288 4057 4083 3408 3467 1869 1976 4580 4777 
65 3000 6752 3758 5205 5358 4527 1144 6257 2305 3964 7875 5558 6848 4908 2475 3911 6546 3738 7266 1841 1203 3688 5810 2860 2749 7147 4458 1308 6150 4134 5040 3972 6096 5506 5267 2808 1813 3928 3394 1547 4567 5562 3491 1869 3795 5655 2584 6161 4383 244 5743 4088 7578 2697 803 3944 4683 2877 4503 3247 4690 4620 3699 5617 1828 0 6141 5113 3274 2261 5778 4969 6767 503 5149 2297 1850 4710 4025 147 2300 3262 5730 4090 1282 6693 1402 5228 6201 2493 6461 3347 3404 5880 3543 4237 5127 3663 1300 6062 5822 
66 3000 2696 3202 3165 2131 1724 5291 935 4609 3176 1908 968 812 4895 4180 2534 471 3045 1987 5081 6014 5359 4717 3890 4664 1026 4427 4889 1938 2006 5080 3907 2483 654 2905 3369 4473 2954 3471 6729 4251 2139 2655 4399 2502 1731 5224 3764 1820 5901 1883 2092 1513 3634 5827 3303 4251 3415 5743 5022 1664 5847 3532 1475 4960 6141 0 2450 2924 5402 1779 1190 1000 6455 4049 5513 6374 3979 5789 6004 4044 4911 1950 2257 5063 2588 5740 2900 3635 6279 463 2841 2756 4021 4753 2045 2439 3779 6869 1328 565 
67 3000 1640 3857 4679 3827 1485 4021 3275 4541 3977 3298 2839 3213 6035 2673 3084 2892 1375 2347 4819 5476 3114 2325 2288 4850 3009 2026 4161 1136 2104 2631 1668 984 2004 503 2535 3969 1185 1743 5156 1834 3952 2456 3255 2846 3641 3323 1627 2413 4913 791 1775 3203 3476 5126 4103 1819 3290 3355 2910 1279 3448 1543 1013 3452 5113 2450 0 2820 5352 3752 1817 3451 5554 1602 3685 4671 1545 3480 5009 3746 5342 744 2842 3841 1580 5299 484 1556 4370 2912 2122 2188 1717 5325 2661 16 1713 5412 1386 2678 
68 3000 4288 1218 2566 2274 1564 2608 2983 1810 1414 4764 2283 3588 3403 1987 763 3299 1865 4386 2211 3097 3883 4691 1951 2045 3949 3636 1985 3494 968 4448 2893 3687 2327 3227 885 1549 1990 1969 4136 3582 2480 370 1774 551 2470 3193 4380 1117 3030 3111 1119 4415 742 2904 1506 3661 523 4600 3365 1793 4735 2331 2811 2533 3274 2924 2820 0 2638 2603 1824 3493 3549 3845 3328 3929 3490 4386 3131 1130 2521 3130 844 2375 4197 2835 3192 4339 4079 3205 808 679 4330 2517 965 2827 2536 4181 3183 2557 
69 3000 6898 2300 3425 3931 4203 2689 5180 828 2423 7301 4569 5931 2703 3366 2868 5697 4130 7016 626 1174 5218 6823 3630 804 6419 5547 1636 6125 3590 6294 4869 6277 4878 5688 2851 1488 4307 3995 3783 5577 4107 3000 2631 2921 4337 4157 6789 3613 2109 5734 3753 6915 1907 1459 2339 5682 2118 6057 4684 4430 6191 4391 5450 3223 2261 5402 5352 2638 0 4430 4419 5725 2110 6021 4027 3966 5599 5664 2148 1606 1066 5748 3146 2600 6812 882 5650 6778 4498 5583 3231 3179 6643 1374 3364 5361 4489 3561 5820 4932 
70 3000 4417 2145 1471 515 2423 5210 986 3762 2006 3446 937 1807 3258 4459 1879 1745 3735 3760 4298 5310 6110 6073 4300 3629 2486 5457 4470 3601 2151 6215 4795 4095 1821 4254 3399 3967 3734 4068 6739 5323 406 2552 4373 2051 136 5652 5287 1726 5534 3430 2477 2991 3080 5259 2096 5357 2908 6676 5661 2546 6798 4289 2983 5106 5778 1779 3752 2603 4430 0 1946 1462 5969 5300 5847 6522 5107 6594 5631 3482 3676 3490 1762 4978 4308 4997 4237 5178 6618 1615 3014 2866 5459 3445 1702 3746 4544 6773 3006 1247 
71 3000 2789 2412 2917 2015 572 4101 1659 3600 2461 2945 1072 1967 4432 3005 1639 1635 1957 2612 4031 4916 4337 4129 2735 3741 2178 3554 3740 1936 861 4289 2937 2319 539 2321 2182 3353 1904 2359 5541 3406 2134 1513 3210 1510 1829 4088 3399 841 4732 1646 902 2615 2562 4696 2594 3432 2341 4819 3950 617 4935 2486 1225 3776 4969 1190 1817 1824 4419 1946 0 2021 5301 3354 4359 5196 3176 4797 4835 2954 4090 1693 1347 3873 2684 4659 2301 3304 5132 1579 1652 1571 3534 3989 1121 1813 2742 5679 1470 1057 
72 3000 3553 3430 2928 1957 2592 6017 544 4988 3339 2043 1211 413 4717 5010 2928 595 3964 2606 5500 6484 6318 5709 4753 4941 1121 5419 5475 2869 2699 6080 4878 3429 1551 3903 4095 5013 3892 4376 7503 5246 1868 3299 5131 2987 1496 6110 4727 2390 6524 2863 2882 1585 4130 6361 3448 5248 3925 6730 5956 2583 6836 4475 2470 5760 6767 1000 3451 3493 5725 1462 2021 0 7032 5050 6376 7189 4977 6759 6625 4548 5068 2931 2700 5785 3449 6188 3900 4592 7150 542 3599 3487 5004 4859 2533 3440 4727 7607 2272 983 
73 3000 7194 3887 5281 5526 4887 1636 6510 2335 4080 8230 5821 7137 4809 2945 4132 6845 4179 7664 1817 948 4189 6311 3325 2717 7472 4958 1566 6569 4452 5544 4461 6538 5832 5727 3177 2021 4370 3852 1896 5065 5726 3800 2299 4045 5851 3087 6643 4667 647 6161 4438 7916 2912 732 4044 5180 3109 4999 3751 5063 5115 4170 6013 2326 503 6455 5554 3549 2110 5969 5301 7032 0 5642 2794 2278 5202 4518 560 2497 3161 6151 4335 1755 7132 1229 5688 6679 2946 6754 3711 3753 6369 3459 4499 5568 4145 1573 6452 6106 
74 3000 2393 5027 6078 5317 2912 4006 4876 5286 5189 4640 4410 4797 7236 2759 4325 4482 1986 3536 5419 5831 2061 845 2424 5698 4525 816 4548 2432 3412 1076 1192 1945 3599 1155 3228 4537 1856 2028 4707 631 5461 3533 3505 4055 5181 2771 1134 3797 5003 2251 3042 4639 4334 5405 5302 526 4201 1968 2142 2758 2027 1630 2588 3322 5149 4049 1602 3845 6021 5300 3354 5050 5642 0 3154 4141 441 2253 5083 4477 6268 2186 4138 3900 2408 5736 1154 1237 3641 4509 3040 3167 752 6320 4001 1613 1550 5049 2888 4274 
75 3000 5204 4379 5853 5582 3796 1351 5965 3607 4603 6896 5281 6316 6226 1391 4090 5978 2506 6029 3421 3327 1401 3676 1624 4127 6388 2368 2409 4821 3746 2813 2127 4583 4867 3642 2463 2750 2642 2068 1554 2526 5784 3301 1662 3851 5711 386 4266 4144 2246 4451 3503 6711 3223 2854 4651 2638 3263 2205 1037 3852 2322 2148 4499 869 2297 5513 3685 3328 4027 5847 4359 6376 2794 3154 0 1005 2748 1731 2290 3042 4749 4415 4114 1428 5174 3380 3608 4343 776 5933 2844 2985 3906 4945 4146 3701 1975 1898 4949 5398 
76 3000 6207 4828 6331 6202 4650 1425 6746 3747 5053 7840 6048 7163 6434 2193 4684 6830 3437 7006 3426 3034 2246 4613 2506 4258 7287 3341 2508 5803 4506 3701 3132 5582 5721 4644 3136 2969 3588 3002 586 3510 6409 3981 2155 4477 6387 1390 5261 4873 1908 5426 4309 7634 3648 2588 5077 3619 3743 2944 2001 4733 3039 3128 5447 1431 1850 6374 4671 3929 3966 6522 5196 7189 2278 4141 1005 0 3744 2434 1907 3370 4849 5393 4760 1625 6175 3181 4610 5342 696 6775 3596 3719 4891 5090 4830 4687 2969 983 5902 6206 
77 3000 2627 4688 5800 5087 2690 3566 4758 4875 4859 4751 4246 4754 6891 2320 4012 4429 1625 3690 4994 5392 1754 1229 1990 5296 4546 519 4112 2526 3134 1115 752 2102 3478 1195 2831 4113 1518 1616 4302 309 5241 3194 3067 3737 4984 2362 1518 3537 4563 2281 2762 4707 3943 4964 4968 274 3820 1827 1758 2563 1912 1217 2558 2884 4710 3979 1545 3490 5599 5107 3176 4977 5202 441 2748 3744 0 2023 4643 4069 5876 2221 3843 3459 2626 5300 1179 1599 3274 4442 2682 2817 1176 5938 3721 1558 1116 4636 2910 4148 
78 3000 4633 5573 6940 6447 4237 3053 6454 5141 5784 6756 5847 6595 7622 2482 5090 6257 2865 5712 5042 5048 502 2408 2435 5647 6477 1503 4028 4535 4452 1422 1882 4125 5210 3205 3517 4275 2894 2532 3012 1714 6631 4224 3095 4819 6460 1513 3347 4883 3978 4258 4117 6683 4526 4575 5861 1777 4498 512 1038 4193 606 2317 4473 2443 4025 5789 3480 4386 5664 6594 4797 6759 4518 2253 1731 2434 2023 0 4021 4459 6273 4203 5022 3084 4639 5081 3186 3469 1765 6249 3682 3840 2908 6429 4979 3496 2059 3417 4867 5844 
79 3000 6649 3611 5060 5211 4397 1079 6113 2165 3817 7746 5415 6708 4780 2387 3765 6407 3634 7147 1710 1128 3670 5757 2769 2616 7012 4405 1162 6038 3997 5003 3901 5993 5371 5173 2679 1666 3824 3299 1642 4508 5415 3353 1758 3651 5508 2561 6083 4241 102 5630 3957 7445 2551 700 3798 4624 2731 4492 3216 4564 4611 3612 5497 1770 147 6004 5009 3131 2148 5631 4835 6625 560 5083 2290 1907 4643 4021 0 2152 3136 5619 3946 1196 6589 1302 5134 6120 2531 6321 3218 3271 5809 3414 4094 5023 3585 1417 5940 5681 
