FILE: 511EuclS.txt
100 100 0 
1 3000 0 6676 1592 4285 5695 3560 5968 4641 4104 6730 3830 1995 5930 5759 4731 829 4055 2574 2332 2423 5586 5031 5663 6461 5536 4510 1196 6209 7066 2519 3966 4974 2340 2650 4021 6168 2230 3510 1130 4002 5316 6216 4205 3907 3361 7522 3994 3741 1309 6831 3045 4890 6352 4037 3873 3876 5769 1410 4674 6474 4419 3420 4833 4221 4848 291 5427 3254 5576 2208 3758 4943 3317 2656 2275 1646 3318 5424 1257 6469 2174 6110 3399 1424 6950 1034 3843 7241 2444 2484 6259 6378 3546 2585 5563 3648 1641 5970 5399 5309 
2 3000 6676 0 6731 6299 3933 3169 1715 2038 2764 1970 5460 6232 3450 1283 4707 6374 2984 4295 5081 7686 4018 2852 1281 4356 2303 3570 5507 2473 1788 5315 4367 2358 5448 4487 4866 1031 4462 6404 5987 3430 4088 1891 3461 2957 3357 2239 2936 2935 5381 3517 4994 2178 1817 3641 5354 5730 4169 6415 4857 3373 2415 3256 4151 5347 2708 6478 2240 4450 3828 4757 6498 1756 6466 5417 4452 6280 3423 4316 5700 1093 4565 2038 4492 5756 336 5977 2873 1867 5095 7160 600 2005 4856 5653 4603 3456 5097 2635 1793 1492 
3 3000 1592 6731 0 5731 4807 3951 5653 4813 4561 6316 2583 652 5160 5616 5882 859 3799 2453 1681 1081 4679 4507 5949 5488 5106 5383 2095 6843 7502 1587 5033 5516 3638 3574 5215 6017 2492 5002 962 3522 4397 6718 3642 3777 3760 8006 3812 3959 2109 6060 4246 5341 6836 3445 5174 5249 4823 358 5857 5724 4807 3629 5862 5512 4415 1376 5989 4291 6523 3128 5253 4985 4824 3963 2422 455 3762 4444 2482 6272 2306 6647 2603 1049 6953 2385 4176 7676 3621 914 6431 5958 4730 1424 4511 4333 1886 6646 5166 5568 
4 3000 4285 6299 5731 0 7806 3923 6731 4787 3870 7519 7063 5861 7732 6180 1714 4872 5463 4752 5384 6691 7764 6563 5021 8612 6697 2728 3726 4337 5525 5776 1960 3943 2150 2770 1442 6470 4163 824 4864 5863 7581 4744 6132 5146 3880 5728 5289 4353 3768 8445 1822 4163 4887 6087 991 652 7991 5433 1553 8110 4150 4301 2253 954 6257 4404 4103 2217 2917 3008 625 5248 1042 1849 4335 5574 3774 7793 3263 6799 4364 4573 6065 4975 6634 3348 4115 5657 2310 6642 5702 7270 1610 6066 8053 3189 4310 4058 6159 4895 
5 3000 5695 3933 4807 7806 0 3921 2218 3451 4178 2299 2413 4156 552 2740 6798 4988 2351 3348 3368 5350 142 1365 4191 818 1670 5644 4960 5764 5591 3267 6030 4744 5978 5086 6518 2903 3934 7476 4598 1964 415 5276 1696 2673 3935 6101 2531 3503 4832 1300 6008 4410 5293 1788 6847 7155 241 4653 6890 1026 4052 3508 6388 7037 1670 5408 5035 5592 6543 4994 7677 3114 7419 6160 3786 4409 4039 485 5429 2899 3824 5337 2299 4293 3922 5610 3794 5711 5674 4727 4104 2054 6212 3384 701 4709 4220 5765 2319 3939 
6 3000 3560 3169 3951 3923 3921 0 2940 1150 613 3756 3799 3619 3811 2503 2915 3399 1572 1623 2561 5010 3894 2641 2103 4712 2800 1866 2368 2914 3570 2933 2112 1574 2421 1418 2597 2876 1465 3712 3062 2056 3741 2767 2310 1249 200 4062 1390 429 2251 4527 2196 1392 2888 2318 2945 3272 4121 3599 2992 4189 872 484 2578 3118 2334 3393 2045 1713 2957 1604 3880 1555 3703 2485 1529 3542 254 3970 2530 3209 1645 2696 2639 2904 3469 2807 296 3745 2065 4609 2710 3460 2314 3312 4253 795 2106 2742 2335 1750 
7 3000 5968 1715 5653 6731 2218 2940 0 1945 2862 816 3950 5074 1742 640 5382 5485 1917 3402 3974 6490 2304 1270 2194 2676 642 4168 4914 3766 3414 4107 4788 3035 5354 4353 5311 686 3778 6624 5075 2135 2389 3223 2061 2072 3064 3909 1975 2544 4778 1969 5112 2723 3211 2260 5740 6098 2454 5382 5507 1746 2590 2760 4880 5836 1254 5723 3184 4596 4819 4467 6774 1484 6630 5425 3703 5199 3163 2609 5245 726 3798 3318 3153 4799 1719 5496 2683 3522 5000 5914 1939 538 5143 4393 2892 3563 4327 3830 609 2063 
8 3000 4641 2038 4813 4787 3451 1150 1945 0 920 2736 4052 4378 3195 1414 3476 4379 1416 2361 3237 5823 3465 2086 1155 4163 1995 2270 3468 2467 2764 3539 2845 1296 3534 2539 3367 1757 2443 4704 4006 1992 3389 2113 2163 1209 1328 3293 1271 901 3343 3756 3205 965 2191 2268 3796 4155 3681 4479 3593 3454 654 1229 3006 3893 1784 4450 1639 2676 3092 2754 4844 462 4724 3561 2449 4374 1403 3636 3671 2093 2566 2109 2924 3798 2327 3945 855 2930 3176 5349 1635 2483 3204 3907 3941 1635 3086 2401 1388 772 
9 3000 4104 2764 4561 3870 4178 613 2862 920 0 3656 4327 4232 3992 2330 2631 3991 1898 2227 3165 5623 4170 2836 1591 4935 2858 1467 2907 2303 2980 3530 1941 961 2688 1724 2460 2656 2071 3789 3664 2446 4050 2162 2677 1593 801 3462 1716 796 2798 4622 2300 793 2286 2723 2879 3236 4394 4209 2734 4304 349 1033 2211 2988 2522 3955 1432 1764 2465 2022 3926 1381 3815 2681 2141 4155 809 4290 3004 2992 2256 2085 3162 3513 3083 3285 470 3155 2333 5222 2249 3399 2283 3909 4585 724 2705 2137 2291 1281 
10 3000 6730 1970 6316 7519 2299 3756 816 2736 3656 0 4396 5713 1750 1345 6125 6210 2676 4156 4653 7096 2419 1815 2801 2507 1213 4913 5702 4309 3758 4743 5568 3741 6170 5169 6091 1144 4563 7431 5798 2802 2587 3738 2675 2861 3880 4203 2755 3361 5565 1569 5922 3447 3698 2874 6530 6891 2503 6065 6256 1491 3369 3573 5608 6613 1911 6477 3830 5402 5481 5281 7577 2274 7441 6241 4480 5868 3980 2762 6046 904 4570 3857 3750 5513 1829 6294 3496 3835 5817 6501 2381 358 5940 4998 3000 4365 5091 4412 1425 2746 
11 3000 3830 5460 2583 7063 2413 3799 3950 4052 4327 4396 0 1951 2877 4184 6570 3018 2647 2362 1709 2959 2273 2680 5149 2980 3313 5650 3520 6497 6755 1369 5691 5207 4955 4349 6070 4517 2912 6515 2710 2092 2002 6165 2006 2850 3691 7291 2781 3533 3428 3714 5275 4919 6238 1842 6240 6454 2366 2532 6610 3421 4399 3318 6327 6519 2760 3542 5633 5044 6757 4056 6753 3973 6395 5228 2742 2271 3762 1976 4041 4668 2702 6160 1164 2439 5578 4120 3857 6910 4754 2335 5380 4066 5643 1247 1978 4521 2808 6393 3673 4788 
12 3000 1995 6232 652 5861 4156 3619 5074 4378 4232 5713 1951 0 4515 5077 5820 1168 3264 2032 1152 1453 4027 3899 5529 4836 4509 5198 2137 6534 7113 970 4947 5193 3720 3477 5189 5472 2215 5181 1011 2938 3746 6361 3038 3278 3439 7628 3296 3565 2109 5413 4251 4989 6470 2839 5211 5331 4171 600 5814 5080 4446 3246 5738 5538 3826 1728 5664 4212 6349 3058 5432 4507 5020 4036 2108 348 3458 3792 2606 5713 2001 6303 1976 897 6438 2577 3814 7284 3640 989 5969 5356 4712 772 3862 4099 1702 6355 4611 5145 
13 3000 5930 3450 5160 7732 552 3811 1742 3195 3992 1750 2877 4515 0 2311 6623 5265 2283 3475 3634 5772 681 1170 3819 980 1270 5441 5108 5403 5150 3588 5895 4464 6001 5067 6398 2427 4030 7457 4863 2019 899 4892 1770 2592 3853 5649 2449 3383 4975 906 5962 4132 4897 1911 6757 7080 754 4977 6725 564 3825 3441 6184 6923 1480 5649 4717 5516 6276 5025 7647 2814 7416 6158 3895 4743 3959 1031 5552 2391 3949 4966 2583 4560 3416 5752 3648 5261 5680 5152 3667 1521 6124 3748 1250 4578 4389 5426 1943 3599 
14 3000 5759 1283 5616 6180 2740 2503 640 1414 2330 1345 4184 5077 2311 0 4782 5353 1816 3247 3939 6521 2808 1573 1556 3272 1071 3569 4648 3133 2851 4131 4225 2411 4921 3920 4748 409 3533 6118 4950 2191 2848 2598 2196 1873 2652 3363 1814 2147 4515 2607 4619 2108 2593 2382 5193 5557 2981 5320 4911 2374 2031 2411 4270 5269 1427 5532 2545 4090 4184 4084 6256 959 6138 4965 3485 5161 2743 3084 4930 718 3590 2686 3254 4694 1400 5193 2224 2972 4564 5972 1364 1149 4611 4451 3381 3049 4128 3191 511 1429 
15 3000 4731 4707 5882 1714 6798 2915 5382 3476 2631 6125 6570 5820 6623 4782 0 5076 4472 4217 5046 6940 6783 5466 3456 7565 5468 1214 3792 2625 3814 5454 887 2404 2404 2345 718 5018 3732 2165 4927 4972 6645 3052 5225 4152 2956 4016 4288 3310 3772 7232 1685 2680 3192 5232 1065 1350 7009 5538 161 6923 2823 3381 560 825 5152 4746 2470 1607 1222 2766 2132 3918 2331 2110 3889 5605 2866 6878 3495 5332 3961 2880 5451 4935 5039 3697 3006 3944 2297 6737 4107 5918 1184 5802 7165 2121 4122 2348 4859 3400 
16 3000 829 6374 859 4872 4988 3399 5485 4379 3991 6210 3018 1168 5265 5353 5076 0 3573 2106 1630 1867 4872 4450 5473 5732 5000 4660 1287 6221 6969 1747 4246 4922 2790 2812 4395 5762 1947 4143 413 3423 4596 6151 3597 3480 3200 7454 3544 3487 1327 6171 3419 4784 6277 3414 4332 4396 5044 600 5043 5820 4272 3153 5091 4673 4302 561 5391 3506 5782 2357 4394 4618 3966 3115 1929 820 3182 4687 1632 6044 1813 6064 2692 708 6624 1525 3655 7144 2794 1772 6014 5853 3911 1771 4806 3667 1298 6006 4948 5101 
17 3000 4055 2984 3799 5463 2351 1572 1917 1416 1898 2676 2647 3264 2283 1816 4472 3573 0 1484 2122 4712 2321 1136 2504 3149 1504 3357 3038 3880 4115 2331 3684 2646 3733 2786 4168 2218 1900 5174 3164 578 2173 3522 782 322 1585 4651 184 1162 2901 3071 3681 2333 3592 858 4498 4811 2549 3507 4556 2717 1860 1163 4095 4686 863 3807 3037 3247 4351 2770 5364 1341 5135 3878 1807 3344 1690 2406 3414 2481 1894 3524 1553 2895 3176 3648 1471 4274 3405 4177 2793 2327 3863 2668 2696 2364 2415 3801 1377 2141 
18 3000 2574 4295 2453 4752 3348 1623 3402 2361 2227 4156 2362 2032 3475 3247 4217 2106 1484 0 938 3465 3266 2479 3504 4160 2963 3368 1633 4527 5081 1315 3334 3184 2722 2000 3708 3656 610 4277 1704 1470 3028 4332 1706 1374 1462 5595 1441 1533 1500 4351 2940 2965 4439 1571 3892 4126 3478 2125 4251 3991 2419 1217 4006 4162 2278 2322 3652 2682 4508 1759 4502 2541 4186 2957 445 2012 1505 3198 2083 3940 476 4278 1313 1461 4533 2276 1791 5253 2468 3017 3978 3803 3286 1692 3416 2230 943 4364 2848 3122 
19 3000 2332 5081 1681 5384 3368 2561 3974 3237 3165 4653 1709 1152 3634 3939 5046 1630 2122 938 0 2606 3256 2859 4391 4129 3440 4272 1817 5464 5986 408 4159 4121 3257 2737 4484 4339 1313 4812 1231 1852 2984 5255 1995 2126 2398 6506 2147 2454 1721 4540 3628 3895 5359 1804 4602 4791 3437 1411 5065 4190 3349 2148 4881 4900 2745 2043 4587 3463 5419 2395 5052 3355 4688 3539 1160 1226 2435 3093 2337 4590 1085 5207 1068 926 5290 2435 2725 6156 3076 2111 4818 4295 4032 767 3240 3140 1098 5302 3485 4008 
20 3000 2423 7686 1081 6691 5350 5010 6490 5823 5623 7096 2959 1453 5772 6521 6940 1867 4712 3465 2606 0 5213 5282 6969 5939 5907 6464 3147 7913 8542 2391 6100 6581 4649 4648 6263 6913 3561 5929 2040 4361 4935 7772 4435 4732 4822 9051 4749 4992 3173 6643 5287 6396 7886 4235 6194 6244 5321 1439 6910 6331 5857 4666 6935 6537 5236 2287 7053 5358 7603 4199 6178 5960 5739 4974 3481 1468 4829 4931 3492 7145 3367 7706 3348 2122 7888 3355 5225 8715 4661 624 7421 6742 5778 2100 4935 5413 2965 7719 6048 6587 
21 3000 5586 4018 4679 7764 142 3894 2304 3465 4170 2419 2273 4027 681 2808 6783 4872 2321 3266 3256 5213 0 1383 4237 894 1737 5637 4869 5803 5658 3146 6005 4761 5914 5033 6489 2987 3857 7421 4484 1908 281 5323 1639 2644 3900 6172 2504 3480 4742 1442 5960 4428 5344 1717 6810 7113 227 4529 6872 1168 4055 3472 6381 7006 1680 5298 5062 5553 6553 4930 7625 3142 7360 6102 3706 4283 4004 349 5344 2996 3741 5381 2188 4180 4015 5520 3777 5781 5614 4589 4172 2165 6174 3255 591 4685 4126 5798 2373 3975 
22 3000 5031 2852 4507 6563 1365 2641 1270 2086 2836 1815 2680 3899 1170 1573 5466 4450 1136 2479 2859 5282 1383 0 2879 2099 638 4295 4099 4431 4365 2929 4727 3379 4870 3918 5228 1859 2980 6302 4038 1030 1342 3966 865 1433 2686 4891 1292 2213 3963 1935 4801 3046 3997 1062 5587 5911 1596 4266 5564 1581 2692 2280 5040 5753 313 4764 3679 4348 5178 3905 6487 1760 6267 5012 2864 4061 2793 1589 4508 1988 2935 4015 1935 3745 2928 4728 2479 4500 4541 4691 2895 1460 4955 3183 1896 3409 3421 4418 1077 2600 
23 3000 5663 1281 5949 5021 4191 2103 2194 1155 1591 2801 5149 5529 3819 1556 3456 5473 2504 3504 4391 6969 4237 2879 0 4794 2549 2296 4470 1585 1616 4694 3086 1078 4225 3298 3586 1656 3526 5125 5114 3059 4221 1087 3188 2343 2302 2150 2384 1993 4354 4163 3733 909 1121 3323 4073 4449 4431 5610 3603 3927 1253 2327 2908 4071 2626 5495 1037 3191 2687 3613 5216 1185 5191 4171 3554 5515 2346 4468 4594 1933 3672 1148 4047 4922 1617 4874 1826 1780 3878 6502 697 2678 3577 5061 4774 2232 4174 1635 1878 383 
24 3000 6461 4356 5488 8612 818 4712 2676 4163 4935 2507 2980 4836 980 3272 7565 5732 3149 4160 4129 5939 894 2099 4794 0 2248 6394 5763 6380 6090 3992 6815 5440 6796 5900 7309 3351 4749 8292 5351 2781 1149 5863 2514 3469 4734 6579 3326 4289 5637 1054 6818 5107 5865 2605 7648 7960 693 5361 7662 1015 4785 4311 7139 7830 2413 6172 5697 6396 7250 5812 8491 3791 8236 6976 4599 5110 4839 1047 6238 3271 4635 5941 3063 5047 4286 6414 4570 6195 6491 5316 4615 2363 7012 4067 1005 5493 5019 6406 2921 4579 
25 3000 5536 2303 5106 6697 1670 2800 642 1995 2858 1213 3313 4509 1270 1071 5468 5000 1504 2963 3440 5907 1737 638 2549 2248 0 4265 4541 4133 3922 3539 4796 3227 5152 4168 5312 1280 3405 6512 4587 1588 1786 3624 1472 1733 2887 4434 1610 2376 4405 1765 4996 2897 3634 1673 5709 6052 1911 4852 5580 1459 2645 2524 5001 5840 698 5279 3456 4507 5039 4219 6680 1578 6497 5260 3309 4656 2992 2018 4914 1367 3392 3696 2559 4301 2342 5151 2584 4043 4809 5320 2435 855 5089 3807 2312 3508 3904 4158 673 2333 
26 3000 4510 3570 5383 2728 5644 1866 4168 2270 1467 4913 5650 5198 5441 3569 1214 4660 3357 3368 4272 6464 5637 4295 2296 6394 4265 0 3399 1861 2969 4670 852 1221 2429 1867 1307 3814 2995 2912 4425 3889 5517 2117 4130 3044 1958 3294 3173 2212 3337 6027 1745 1474 2268 4161 1805 2179 5861 5026 1342 5723 1621 2350 744 1776 3983 4450 1395 1310 1152 2320 2970 2706 3013 2245 3125 5040 1889 5756 3260 4132 3220 1958 4496 4362 3906 3516 1889 3125 2164 6166 2973 4704 1414 5039 6050 1138 3514 1583 3649 2202 
27 3000 1196 5507 2095 3726 4960 2368 4914 3468 2907 5702 3520 2137 5108 4648 3792 1287 3038 1633 1817 3147 4869 4099 4470 5763 4541 3399 0 5037 5872 2158 2958 3784 1582 1536 3119 5053 1139 3070 1159 3102 4619 5025 3339 2842 2170 6332 2947 2573 136 5985 2151 3693 5160 3199 3091 3195 5074 1761 3764 5624 3224 2262 3805 3425 3877 1069 4240 2218 4506 1080 3318 3793 2924 1900 1236 1865 2124 4769 521 5365 1165 4923 2762 1250 5789 650 2655 6047 1528 2975 5074 5358 2635 2391 4959 2470 752 4805 4325 4119 
28 3000 6209 2473 6843 4337 5764 2914 3766 2467 2303 4309 6497 6534 5403 3133 2625 6221 3880 4527 5464 7913 5803 4431 1585 6380 4133 1861 5037 0 1190 5820 2686 1342 4274 3580 3052 3179 4352 4686 5923 4458 5771 582 4629 3648 3095 1438 3728 3029 4949 5733 3605 1587 668 4735 3545 3898 6003 6487 2786 5507 2129 3318 2087 3410 4159 6106 878 3146 1496 4004 4702 2680 4813 4105 4435 6447 3084 6019 4996 3409 4548 452 5348 5794 2763 5267 2739 1320 3986 7524 1942 4228 3259 6199 6326 2567 4966 284 3461 1830 
29 3000 7066 1788 7502 5525 5591 3570 3414 2764 2980 3758 6755 7113 5150 2851 3814 6969 4115 5081 5986 8542 5658 4365 1616 6090 3922 2969 5872 1190 0 6300 3817 2099 5313 4518 4216 2741 5034 5850 6632 4662 5685 874 4775 3960 3769 536 4000 3549 5769 5296 4687 2186 727 4920 4713 5072 5832 7156 3975 5132 2700 3876 3273 4593 4147 6929 1674 4192 2674 4906 5877 2781 5967 5177 5084 7078 3788 5925 5909 2871 5201 1017 5663 6462 1983 6187 3328 175 5000 8093 1487 3773 4384 6670 6225 3445 5677 1466 3299 1993 
30 3000 2519 5315 1587 5776 3267 2933 4107 3539 3530 4743 1369 970 3588 4131 5454 1747 2331 1315 408 2391 3146 2929 4694 3992 3539 4670 2158 5820 6300 0 4567 4480 3640 3144 4891 4522 1721 5189 1389 1973 2866 5591 2067 2383 2777 6825 2383 2796 2073 4492 4030 4243 5690 1868 5005 5188 3309 1390 5473 4151 3696 2502 5286 5305 2857 2227 4942 3871 5816 2796 5431 3618 5058 3928 1567 1156 2820 2945 2679 4754 1493 5550 1016 1098 5506 2751 3080 6468 3471 1845 5086 4386 4438 379 3059 3536 1472 5666 3657 4311 
31 3000 3966 4367 5033 1960 6030 2112 4788 2845 1941 5568 5691 4947 5895 4225 887 4246 3684 3334 4159 6100 6005 4727 3086 6815 4796 852 2958 2686 3817 4567 0 2011 1717 1470 522 4511 2845 2064 4073 4156 5852 2969 4415 3361 2125 4124 3501 2527 2927 6558 985 2209 3119 4408 988 1363 6233 4685 918 6234 2199 2556 868 1048 4415 3952 2241 742 1642 1905 2135 3304 2161 1480 3002 4741 2029 6080 2711 4839 3074 2809 4582 4067 4704 2937 2247 3971 1526 5875 3777 5327 573 4915 6360 1321 3245 2404 4229 2939 
32 3000 4974 2358 5516 3943 4744 1574 3035 1296 961 3741 5207 5193 4464 2411 2404 4922 2646 3184 4121 6581 4761 3379 1078 5440 3227 1221 3784 1342 2099 4480 2011 0 3272 2426 2508 2620 3023 4061 4608 3222 4686 1241 3421 2381 1758 2548 2479 1698 3686 4957 2715 333 1378 3503 2996 3372 4975 5162 2545 4678 808 1977 1871 2994 3080 4847 472 2184 1813 2807 4145 1652 4137 3178 3100 5113 1754 4932 3810 2929 3213 1143 4048 4467 2694 4088 1399 2272 2941 6183 1765 3560 2517 4859 5237 1346 3649 1192 2571 999 
33 3000 2340 5448 3638 2150 5978 2421 5354 3534 2688 6170 4955 3720 6001 4921 2404 2790 3733 2722 3257 4649 5914 4870 4225 6796 5152 2429 1582 4274 5313 3640 1717 3272 0 1002 1688 5287 2113 1563 2734 4015 5699 4439 4282 3446 2290 5689 3583 2809 1618 6805 737 3325 4588 4197 1546 1615 6135 3321 2338 6451 3036 2627 2576 1891 4589 2387 3645 1128 3359 984 1798 3967 1464 325 2282 3444 2191 5888 1158 5621 2289 4298 4023 2829 5770 1314 2698 5479 358 4537 4911 5865 1226 3920 6123 1995 2168 4003 4746 3957 
34 3000 2650 4487 3574 2770 5086 1418 4353 2539 1724 5169 4349 3477 5067 3920 2345 2812 2786 2000 2737 4648 5033 3918 3298 5900 4168 1867 1536 3580 4518 3144 1470 2426 1002 0 1747 4287 1440 2392 2612 3124 4836 3648 3394 2485 1290 4939 2626 1810 1484 5847 947 2422 3792 3334 1892 2133 5258 3223 2346 5497 2073 1648 2287 2171 3628 2583 2847 737 2971 455 2591 2966 2349 1095 1609 3271 1190 5040 1417 4622 1661 3525 3306 2597 4804 1687 1696 4690 647 4406 3970 4867 1297 3479 5293 1084 1777 3331 3745 3004 
35 3000 4021 4866 5215 1442 6518 2597 5311 3367 2460 6091 6070 5189 6398 4748 718 4395 4168 3708 4484 6263 6489 5228 3586 7309 5312 1307 3119 3052 4216 4891 522 2508 1688 1747 0 5031 3179 1634 4268 4621 6328 3391 4884 3845 2592 4484 3987 3020 3110 7072 981 2721 3539 4867 501 873 6717 4876 653 6746 2722 3024 1023 528 4917 4046 2700 1026 1815 2134 1669 3827 1762 1391 3344 4957 2492 6552 2795 5359 3403 3225 4986 4296 5202 2988 2751 4362 1603 6084 4271 5850 484 5225 6827 1819 3507 2768 4750 3453 
36 3000 6168 1031 6017 6470 2903 2876 686 1757 2656 1144 4517 5472 2427 409 5018 5762 2218 3656 4339 6913 2987 1859 1656 3351 1280 3814 5053 3179 2741 4522 4511 2620 5287 4287 5031 0 3941 6444 5359 2568 3060 2616 2552 2282 3032 3228 2221 2535 4920 2579 4956 2340 2588 2743 5488 5857 3139 5724 5154 2394 2339 2809 4491 5546 1760 5942 2687 4421 4339 4468 6573 1321 6472 5318 3894 5562 3121 3286 5328 336 3999 2727 3626 5101 1069 5593 2591 2843 4929 6358 1285 1055 4921 4836 3572 3380 4538 3272 869 1621 
37 3000 2230 4462 2492 4163 3934 1465 3778 2443 2071 4563 2912 2215 4030 3533 3732 1947 1900 610 1313 3561 3857 2980 3526 4749 3405 2995 1139 4352 5034 1721 2845 3023 2113 1440 3179 3941 0 3670 1598 2011 3625 4232 2263 1705 1270 5528 1808 1545 1002 4889 2363 2857 4354 2147 3327 3545 4072 2138 3753 4528 2333 1213 3577 3611 2747 2017 3496 2154 4147 1158 3897 2718 3577 2353 172 2098 1269 3801 1528 4246 229 4157 1914 1443 4728 1750 1710 5209 1866 3198 4076 4219 2738 2073 4024 1884 648 4159 3192 3155 
38 3000 3510 6404 5002 824 7476 3712 6624 4704 3789 7431 6515 5181 7457 6118 2165 4143 5174 4277 4812 5929 7421 6302 5125 8292 6512 2912 3070 4686 5850 5189 2064 4061 1563 2392 1634 6444 3670 0 4172 5513 7217 5020 5782 4868 3629 6115 5010 4135 3131 8222 1516 4227 5169 5713 1142 815 7645 4720 2020 7876 4106 4023 2625 1343 6007 3650 4305 2029 3381 2521 251 5163 218 1325 3841 4878 3523 7415 2576 6779 3852 4856 5584 4313 6739 2621 3946 5996 1816 5916 5821 7154 1547 5452 7659 3069 3717 4402 6029 4941 
39 3000 1130 5987 962 4864 4598 3062 5075 4006 3664 5798 2710 1011 4863 4950 4927 413 3164 1704 1231 2040 4484 4038 5114 5351 4587 4425 1159 5923 6632 1389 4073 4608 2734 2612 4268 5359 1598 4172 0 3010 4210 5827 3186 3078 2866 7125 3139 3122 1157 5769 3307 4453 5949 3004 4251 4349 4661 611 4907 5416 3931 2788 4900 4584 3889 838 5079 3331 5562 2168 4423 4230 4009 3055 1560 710 2857 4309 1601 5638 1443 5747 2298 304 6232 1565 3307 6807 2685 1817 5640 5440 3785 1472 4439 3390 959 5716 4540 4739 
40 3000 4002 3430 3522 5863 1964 2056 2135 1992 2446 2802 2092 2938 2019 2191 4972 3423 578 1470 1852 4361 1908 1030 3059 2781 1588 3889 3102 4458 4662 1973 4156 3222 4015 3124 4621 2568 2011 5513 3010 0 1717 4092 269 854 2031 5199 744 1677 2967 2883 4054 2911 4158 280 4919 5214 2133 3264 5047 2522 2431 1599 4620 5130 893 3734 3615 3660 4909 3032 5716 1881 5454 4195 1879 3071 2130 1933 3535 2786 1937 4098 1064 2720 3587 3741 2000 4818 3709 3794 3299 2443 4284 2271 2205 2851 2404 4380 1699 2705 
41 3000 5316 4088 4397 7581 415 3741 2389 3389 4050 2587 2002 3746 899 2848 6645 4596 2173 3028 2984 4935 281 1342 4221 1149 1786 5517 4619 5771 5685 2866 5852 4686 5699 4836 6328 3060 3625 7217 4210 1717 0 5308 1449 2494 3735 6205 2357 3335 4494 1712 5769 4354 5337 1504 6635 6931 456 4248 6730 1423 3957 3304 6259 6841 1616 5027 5007 5376 6462 4715 7425 3095 7151 5895 3471 4002 3837 248 5099 3099 3501 5358 1917 3906 4108 5269 3641 5813 5405 4312 4203 2309 6000 2973 555 4535 3873 5753 2386 3941 
42 3000 6216 1891 6718 4744 5276 2767 3223 2113 2162 3738 6165 6361 4892 2598 3052 6151 3522 4332 5255 7772 5323 3966 1087 5863 3624 2117 5025 582 874 5591 2969 1241 4439 3648 3391 2616 4232 5020 5827 4092 5308 0 4240 3321 2961 1307 3384 2801 4926 5184 3819 1376 150 4363 3892 4258 5516 6367 3211 4969 1915 3115 2496 3798 3709 6088 801 3319 2008 4042 5060 2249 5129 4307 4295 6304 2970 5555 5045 2837 4411 172 5036 5671 2184 5322 2548 1043 4125 7348 1363 3670 3530 5966 5861 2580 4868 766 2959 1395 
43 3000 4205 3461 3642 6132 1696 2310 2061 2163 2677 2675 2006 3038 1770 2196 5225 3597 782 1706 1995 4435 1639 865 3188 2514 1472 4130 3339 4629 4775 2067 4415 3421 4282 3394 4884 2552 2263 5782 3186 269 1449 4240 0 1085 2292 5311 962 1921 3206 2647 4323 3103 4299 200 5186 5482 1864 3401 5303 2287 2641 1860 4864 5394 807 3932 3799 3927 5133 3298 5985 2003 5723 4464 2126 3196 2392 1667 3782 2743 2179 4255 1092 2890 3596 3982 2241 4926 3977 3854 3376 2318 4551 2336 1944 3106 2628 4563 1689 2846 
44 3000 3907 2957 3777 5146 2673 1249 2072 1209 1593 2861 2850 3278 2592 1873 4152 3480 322 1374 2126 4732 2644 1433 2343 3469 1733 3044 2842 3648 3960 2383 3361 2381 3446 2485 3845 2282 1705 4868 3078 854 2494 3321 1085 0 1265 4492 143 842 2706 3362 3370 2079 3401 1133 4178 4494 2871 3468 4235 3011 1582 848 3780 4364 1143 3671 2791 2929 4055 2494 5055 1235 4834 3580 1634 3325 1371 2726 3189 2570 1732 3311 1715 2826 3176 3433 1156 4123 3112 4221 2703 2522 3543 2739 3014 2042 2267 3553 1492 1968 
45 3000 3361 3357 3760 3880 3935 200 3064 1328 801 3880 3691 3439 3853 2652 2956 3200 1585 1462 2398 4822 3900 2686 2302 4734 2887 1958 2170 3095 3769 2777 2125 1758 2290 1290 2592 3032 1270 3629 2866 2031 3735 2961 2292 1265 0 4258 1409 519 2052 4594 2119 1587 3083 2283 2913 3228 4128 3407 3024 4250 1072 431 2651 3106 2384 3193 2231 1663 3074 1436 3807 1716 3610 2375 1341 3355 106 3959 2343 3363 1455 2887 2538 2712 3653 2619 486 3944 1937 4429 2905 3576 2278 3155 4236 842 1908 2916 2455 1948 
46 3000 7522 2239 8006 5728 6101 4062 3909 3293 3462 4203 7291 7628 5649 3363 4016 7454 4651 5595 6506 9051 6172 4891 2150 6579 4434 3294 6332 1438 536 6825 4124 2548 5689 4939 4484 3228 5528 6115 7125 5199 6205 1307 5311 4492 4258 0 4535 4062 6233 5756 5035 2671 1176 5457 4973 5319 6341 7657 4176 5608 3198 4385 3499 4821 4678 7395 2097 4561 2821 5342 6122 3318 6246 5532 5584 7586 4271 6444 6344 3332 5701 1415 6198 6962 2389 6620 3829 392 5389 8611 2002 4243 4697 7197 6743 3881 6167 1721 3821 2525 
47 3000 3994 2936 3812 5289 2531 1390 1975 1271 1716 2755 2781 3296 2449 1814 4288 3544 184 1441 2147 4749 2504 1292 2384 3326 1610 3173 2947 3728 4000 2383 3501 2479 3583 2626 3987 2221 1808 5010 3139 744 2357 3384 962 143 1409 4535 0 978 2810 3223 3513 2170 3458 1025 4321 4637 2731 3509 4372 2871 1686 991 3911 4506 1005 3753 2877 3072 4172 2628 5198 1245 4975 3720 1728 3358 1514 2590 3306 2499 1822 3380 1663 2880 3144 3546 1287 4161 3251 4227 2710 2411 3686 2732 2880 2181 2353 3641 1408 2015 
48 3000 3741 2935 3959 4353 3503 429 2544 901 796 3361 3533 3565 3383 2147 3310 3487 1162 1533 2454 4992 3480 2213 1993 4289 2376 2212 2573 3029 3549 2796 2527 1698 2809 1810 3020 2535 1545 4135 3122 1677 3335 2801 1921 842 519 4062 978 0 2446 4098 2621 1446 2906 1948 3374 3702 3707 3617 3394 3759 901 334 2943 3542 1904 3548 2151 2143 3255 1938 4307 1232 4121 2893 1562 3530 621 3568 2802 2863 1679 2754 2368 2928 3216 3072 329 3722 2457 4550 2531 3057 2743 3174 3856 1205 2191 2891 1936 1616 
49 3000 1309 5381 2109 3768 4832 2251 4778 3343 2798 5565 3428 2109 4975 4515 3772 1327 2901 1500 1721 3173 4742 3963 4354 5637 4405 3337 136 4949 5769 2073 2927 3686 1618 1484 3110 4920 1002 3131 1157 2967 4494 4926 3206 2706 2052 6233 2810 2446 0 5851 2151 3587 5060 3068 3104 3223 4948 1766 3749 5490 3111 2133 3766 3433 3740 1161 4145 2185 4454 1030 3377 3664 2992 1930 1099 1853 2009 4646 622 5231 1030 4827 2645 1214 5662 778 2535 5944 1533 2974 4954 5222 2627 2321 4839 2382 638 4722 4189 4001 
50 3000 6831 3517 6060 8445 1300 4527 1969 3756 4622 1569 3714 5413 906 2607 7232 6171 3071 4351 4540 6643 1442 1935 4163 1054 1765 6027 5985 5733 5296 4492 6558 4957 6805 5847 7072 2579 4889 8222 5769 2883 1712 5184 2647 3362 4594 5756 3223 4098 5851 0 6713 4634 5164 2801 7459 7796 1384 5882 7345 361 4409 4201 6760 7600 2218 6551 5142 6241 6762 5840 8401 3327 8194 6942 4761 5646 4700 1760 6417 2425 4821 5284 3489 5465 3396 6625 4330 5383 6474 6021 3864 1526 6835 4643 1872 5261 5275 5799 2388 4015 
51 3000 3045 4994 4246 1822 6008 2196 5112 3205 2300 5922 5275 4251 5962 4619 1685 3419 3681 2940 3628 5287 5960 4801 3733 6818 4996 1745 2151 3605 4687 4030 985 2715 737 947 981 4956 2363 1516 3307 4054 5769 3819 4323 3370 2119 5035 3513 2621 2151 6713 0 2823 3969 4271 975 1186 6186 3912 1633 6369 2630 2522 1839 1288 4502 3065 3042 544 2625 1233 1687 3661 1519 501 2534 4004 2012 5977 1814 5292 2574 3670 4250 3354 5324 2011 2431 4849 625 5124 4430 5641 501 4346 6234 1576 2598 3329 4515 3507 
52 3000 4890 2178 5341 4163 4410 1392 2723 965 793 3447 4919 4989 4132 2108 2680 4784 2333 2965 3895 6396 4428 3046 909 5107 2897 1474 3693 1587 2186 4243 2209 333 3325 2422 2721 2340 2857 4227 4453 2911 4354 1376 3103 2079 1587 2671 2170 1446 3587 4634 2823 0 1496 3191 3197 3572 4642 4991 2814 4351 546 1748 2162 3224 2747 4745 714 2282 2144 2768 4327 1320 4288 3263 2919 4928 1601 4601 3764 2658 3035 1313 3765 4295 2512 4045 1175 2362 2982 5978 1606 3252 2679 4620 4906 1342 3496 1474 2246 732 
53 3000 6352 1817 6836 4887 5293 2888 3211 2191 2286 3698 6238 6470 4897 2593 3192 6277 3592 4439 5359 7886 5344 3997 1121 5865 3634 2268 5160 668 727 5690 3119 1378 4588 3792 3539 2588 4354 5169 5949 4158 5337 150 4299 3401 3083 1176 3458 2906 5060 5164 3969 1496 0 4427 4040 4405 5534 6486 3352 4957 2029 3224 2637 3943 3747 6221 947 3469 2130 4183 5208 2300 5278 4457 4413 6419 3095 5583 5186 2794 4530 314 5116 5790 2099 5464 2661 898 4273 7456 1317 3644 3681 6064 5888 2721 4991 883 2973 1453 
54 3000 4037 3641 3445 6087 1788 2318 2260 2268 2723 2874 1842 2839 1911 2382 5232 3414 858 1571 1804 4235 1717 1062 3323 2605 1673 4161 3199 4735 4920 1868 4408 3503 4197 3334 4867 2743 2147 5713 3004 280 1504 4363 200 1133 2283 5457 1025 1948 3068 2801 4271 3191 4427 0 5153 5440 1937 3207 5305 2442 2711 1853 4888 5371 1006 3761 3895 3894 5187 3213 5921 2140 5647 4391 2002 2999 2379 1706 3654 2940 2047 4372 892 2706 3782 3846 2274 5073 3901 3653 3538 2517 4519 2135 1966 3111 2477 4659 1878 2973 
55 3000 3873 5354 5174 991 6847 2945 5740 3796 2879 6530 6240 5211 6757 5193 1065 4332 4498 3892 4602 6194 6810 5587 4073 7648 5709 1805 3091 3545 4713 5005 988 2996 1546 1892 501 5488 3327 1142 4251 4919 6635 3892 5186 4178 2913 4973 4321 3374 3104 7459 975 3197 4040 5153 0 375 7037 4849 940 7127 3161 3339 1486 347 5279 3933 3200 1259 2256 2208 1168 4258 1285 1223 3497 4955 2808 6852 2702 5818 3542 3726 5195 4314 5690 2857 3128 4858 1571 6065 4762 6278 636 5321 7119 2200 3571 3261 5168 3926 
56 3000 3876 5730 5249 652 7155 3272 6098 4155 3236 6891 6454 5331 7080 5557 1350 4396 4811 4126 4791 6244 7113 5911 4449 7960 6052 2179 3195 3898 5072 5188 1363 3372 1615 2133 873 5857 3545 815 4349 5214 6931 4258 5482 4494 3228 5319 4637 3702 3223 7796 1186 3572 4405 5440 375 0 7340 4936 1206 7461 3525 3649 1822 530 5605 3963 3573 1565 2567 2399 804 4617 987 1295 3716 5059 3122 7144 2766 6187 3752 4091 5437 4437 6066 2888 3468 5214 1718 6151 5138 6636 962 5490 7406 2546 3733 3614 5521 4300 
57 3000 5769 4169 4823 7991 241 4121 2454 3681 4394 2503 2366 4171 754 2981 7009 5044 2549 3478 3437 5321 227 1596 4431 693 1911 5861 5074 6003 5832 3309 6233 4975 6135 5258 6717 3139 4072 7645 4661 2133 456 5516 1864 2871 4128 6341 2731 3707 4948 1384 6186 4642 5534 1937 7037 7340 0 4685 7098 1156 4276 3699 6605 7233 1897 5480 5270 5780 6771 5151 7849 3350 7583 6325 3919 4437 4231 390 5552 3129 3952 5578 2371 4357 4152 5724 4003 5951 5837 4697 4345 2272 6401 3399 510 4912 4329 6003 2560 4177 
58 3000 1410 6415 358 5433 4653 3599 5382 4479 4209 6065 2532 600 4977 5320 5538 600 3507 2125 1411 1439 4529 4266 5610 5361 4852 5026 1761 6487 7156 1390 4685 5162 3321 3223 4876 5724 2138 4720 611 3264 4248 6367 3401 3468 3407 7657 3509 3617 1766 5882 3912 4991 6486 3207 4849 4936 4685 0 5516 5540 4459 3286 5510 5185 4157 1158 5634 3943 6166 2779 4971 4664 4548 3645 2072 261 3407 4313 2173 5986 1956 6294 2399 695 6644 2098 3828 7330 3289 1216 6103 5706 4393 1307 4403 3975 1528 6289 4881 5230 
59 3000 4674 4857 5857 1553 6890 2992 5507 3593 2734 6256 6610 5814 6725 4911 161 5043 4556 4251 5065 6910 6872 5564 3603 7662 5580 1342 3764 2786 3975 5473 918 2545 2338 2346 653 5154 3753 2020 4907 5047 6730 3211 5303 4235 3024 4176 4372 3394 3749 7345 1633 2814 3352 5305 940 1206 7098 5516 0 7034 2938 3452 717 676 5251 4698 2623 1609 1376 2756 1979 4038 2190 2035 3912 5591 2931 6961 3448 5470 3980 3040 5500 4924 5190 3641 3096 4105 2254 6720 4257 6044 1134 5817 7246 2197 4121 2509 4979 3538 
60 3000 6474 3373 5724 8110 1026 4189 1746 3454 4304 1491 3421 5080 564 2374 6923 5820 2717 3991 4190 6331 1168 1581 3927 1015 1459 5723 5624 5507 5132 4151 6234 4678 6451 5497 6746 2394 4528 7876 5416 2522 1423 4969 2287 3011 4250 5608 2871 3759 5490 361 6369 4351 4957 2442 7127 7461 1156 5540 7034 0 4102 3853 6460 7274 1869 6195 4884 5902 6488 5484 8057 3035 7845 6592 4401 5306 4357 1506 6056 2281 4460 5060 3143 5113 3285 6264 3999 5228 6122 5710 3676 1368 6500 4312 1663 4931 4915 5559 2107 3755 
61 3000 4419 2415 4807 4150 4052 872 2590 654 349 3369 4399 4446 3825 2031 2823 4272 1860 2419 3349 5857 4055 2692 1253 4785 2645 1621 3224 2129 2700 3696 2199 808 3036 2073 2722 2339 2333 4106 3931 2431 3957 1915 2641 1582 1072 3198 1686 901 3111 4409 2630 546 2029 2711 3161 3525 4276 4459 2938 4102 0 1202 2361 3246 2382 4261 1251 2090 2506 2365 4234 1107 4140 3023 2386 4390 1103 4201 3341 2673 2502 1859 3239 3764 2734 3621 632 2875 2681 5433 1902 3129 2583 4074 4502 1058 2977 1998 2042 932 
62 3000 3420 3256 3629 4301 3508 484 2760 1229 1033 3573 3318 3246 3441 2411 3381 3153 1163 1217 2148 4666 3472 2280 2327 4311 2524 2350 2262 3318 3876 2502 2556 1977 2627 1648 3024 2809 1213 4023 2788 1599 3304 3115 1860 848 431 4385 991 334 2133 4201 2522 1748 3224 1853 3339 3649 3699 3286 3452 3853 1202 0 3059 3536 1984 3222 2440 2084 3439 1708 4207 1530 3992 2743 1228 3202 532 3527 2519 3130 1345 3061 2156 2595 3531 2784 578 4049 2285 4232 2863 3254 2703 2881 3804 1261 1858 3165 2152 1951 
63 3000 4833 4151 5862 2253 6388 2578 4880 3006 2211 5608 6327 5738 6184 4270 560 5091 4095 4006 4881 6935 6381 5040 2908 7139 5001 744 3805 2087 3273 5286 868 1871 2576 2287 1023 4491 3577 2625 4900 4620 6259 2496 4864 3780 2651 3499 3911 2943 3766 6760 1839 2162 2637 4888 1486 1822 6605 5510 717 6460 2361 3059 0 1323 4727 4814 1912 1589 799 2736 2623 3434 2771 2319 3722 5551 2572 6497 3577 4800 3806 2324 5185 4873 4483 3805 2624 3408 2395 6685 3551 5413 1372 5647 6790 1810 4036 1807 4376 2870 
64 3000 4221 5347 5512 954 7037 3118 5836 3893 2988 6613 6519 5538 6923 5269 825 4673 4686 4162 4900 6537 7006 5753 4071 7830 5840 1776 3425 3410 4593 5305 1048 2994 1891 2171 528 5546 3611 1343 4584 5130 6841 3798 5394 4364 3106 4821 4506 3542 3433 7600 1288 3224 3943 5371 347 530 7233 5185 676 7274 3246 3536 1323 0 5442 4278 3148 1490 2046 2514 1308 4352 1517 1568 3780 5286 3003 7062 3045 5871 3831 3629 5455 4641 5683 3203 3278 4731 1900 6400 4749 6375 876 5627 7335 2345 3884 3129 5277 3956 
65 3000 4848 2708 4415 6257 1670 2334 1254 1784 2522 1911 2760 3826 1480 1427 5152 4302 863 2278 2745 5236 1680 313 2626 2413 698 3983 3877 4159 4147 2857 4415 3080 4589 3628 4917 1760 2747 6007 3889 893 1616 3709 807 1143 2384 4678 1005 1904 3740 2218 4502 2747 3747 1006 5279 5605 1897 4157 5251 1869 2382 1984 4727 5442 0 4587 3391 4043 4873 3631 6189 1479 5976 4723 2641 3964 2491 1864 4269 1937 2719 3751 1899 3603 2817 4497 2167 4287 4256 4659 2695 1553 4648 3138 2171 3097 3221 4136 915 2330 
66 3000 291 6478 1376 4404 5408 3393 5723 4450 3955 6477 3542 1728 5649 5532 4746 561 3807 2322 2043 2287 5298 4764 5495 6172 5279 4450 1069 6106 6929 2227 3952 4847 2387 2583 4046 5942 2017 3650 838 3734 5027 6088 3932 3671 3193 7395 3753 3548 1161 6551 3065 4745 6221 3761 3933 3963 5480 1158 4698 6195 4261 3222 4814 4278 4587 0 5306 3225 5540 2131 3900 4735 3465 2710 2048 1382 3157 5134 1250 6239 1942 5988 3110 1132 6746 1076 3670 7105 2448 2285 6076 6124 3565 2298 5272 3539 1404 5874 5160 5135 
67 3000 5427 2240 5989 4103 5035 2045 3184 1639 1432 3830 5633 5664 4717 2545 2470 5391 3037 3652 4587 7053 5062 3679 1037 5697 3456 1395 4240 878 1674 4942 2241 472 3645 2847 2700 2687 3496 4305 5079 3615 5007 801 3799 2791 2231 2097 2877 2151 4145 5142 3042 714 947 3895 3200 3573 5270 5634 2623 4884 1251 2440 1912 3148 3391 5306 0 2531 1651 3244 4366 1920 4400 3523 3572 5586 2226 5255 4247 2971 3686 683 4479 4939 2571 4523 1862 1845 3327 6654 1642 3688 2785 5321 5561 1783 4120 764 2786 1128 
68 3000 3254 4450 4291 2217 5592 1713 4596 2676 1764 5402 5044 4212 5516 4090 1607 3506 3247 2682 3463 5358 5553 4348 3191 6396 4507 1310 2218 3146 4192 3871 742 2184 1128 737 1026 4421 2154 2029 3331 3660 5376 3319 3927 2929 1663 4561 3072 2143 2185 6241 544 2282 3469 3894 1259 1565 5780 3943 1609 5902 2090 2084 1589 1490 4043 3225 2531 0 2322 1164 2179 3134 2051 994 2318 4001 1557 5593 1996 4757 2380 3175 3967 3329 4780 2236 1927 4357 854 5135 3887 5128 624 4210 5860 1041 2515 2876 4005 2963 
69 3000 5576 3828 6523 2917 6543 2957 4819 3092 2465 5481 6757 6349 6276 4184 1222 5782 4351 4508 5419 7603 6553 5178 2687 7250 5039 1152 4506 1496 2674 5816 1642 1813 3359 2971 1815 4339 4147 3381 5562 4909 6462 2008 5133 4055 3074 2821 4172 3255 4454 6762 2625 2144 2130 5187 2256 2567 6771 6166 1376 6488 2506 3439 799 2046 4873 5540 1651 2322 0 3427 3354 3465 3539 3112 4276 6187 3014 6707 4318 4621 4371 1839 5596 5508 4145 4558 2926 2788 3157 7315 3245 5332 2169 6187 7008 2280 4661 1247 4381 2755 
70 3000 2208 4757 3128 3008 4994 1604 4467 2754 2022 5281 4056 3058 5025 4084 2766 2357 2770 1759 2395 4199 4930 3905 3613 5812 4219 2320 1080 4004 4906 2796 1905 2807 984 455 2134 4468 1158 2521 2168 3032 4715 4042 3298 2494 1436 5342 2628 1938 1030 5840 1233 2768 4183 3213 2208 2399 5151 2779 2756 5484 2365 1708 2736 2514 3631 2131 3244 1164 3427 0 2743 3152 2439 1198 1330 2838 1352 4906 1003 4798 1356 3927 3070 2169 5063 1281 1899 5079 708 3971 4266 4963 1662 3113 5143 1462 1374 3762 3858 3296 
71 3000 3758 6498 5253 625 7677 3880 6774 4844 3926 7577 6753 5432 7647 6256 2132 4394 5364 4502 5052 6178 7625 6487 5216 8491 6680 2970 3318 4702 5877 5431 2135 4145 1798 2591 1669 6573 3897 251 4423 5716 7425 5060 5985 5055 3807 6122 5198 4307 3377 8401 1687 4327 5208 5921 1168 804 7849 4971 1979 8057 4234 4207 2623 1308 6189 3900 4366 2179 3354 2743 0 5305 445 1545 4068 5129 3700 7625 2826 6907 4082 4893 5811 4562 6833 2873 4105 6019 2035 6167 5910 7307 1654 5697 7872 3212 3959 4419 6184 5048 
72 3000 4943 1756 4985 5248 3114 1555 1484 462 1381 2274 3973 4507 2814 959 3918 4618 1341 2541 3355 5960 3142 1760 1185 3791 1578 2706 3793 2680 2781 3618 3304 1652 3967 2966 3827 1321 2718 5163 4230 1881 3095 2249 2003 1235 1716 3318 1245 1232 3664 3327 3661 1320 2300 2140 4258 4617 3350 4664 4038 3035 1107 1530 3434 4352 1479 4735 1920 3134 3465 3152 5305 0 5180 4005 2699 4537 1801 3343 4034 1655 2811 2279 2894 4001 2011 4304 1270 2937 3609 5456 1468 2023 3665 3973 3650 2094 3346 2658 942 856 
73 3000 3317 6466 4824 1042 7419 3703 6630 4724 3815 7441 6395 5020 7416 6138 2331 3966 5135 4186 4688 5739 7360 6267 5191 8236 6497 3013 2924 4813 5967 5058 2161 4137 1464 2349 1762 6472 3577 218 4009 5454 7151 5129 5723 4834 3610 6246 4975 4121 2992 8194 1519 4288 5278 5647 1285 987 7583 4548 2190 7845 4140 3992 2771 1517 5976 3465 4400 2051 3539 2439 445 5180 0 1259 3745 4713 3504 7344 2421 6808 3751 4966 5486 4159 6800 2451 3947 6117 1746 5738 5889 7157 1620 5313 7583 3092 3590 4528 6031 4994 
74 3000 2656 5417 3963 1849 6160 2485 5425 3561 2681 6241 5228 4036 6158 4965 2110 3115 3878 2957 3539 4974 6102 5012 4171 6976 5260 2245 1900 4105 5177 3928 1480 3178 325 1095 1391 5318 2353 1325 3055 4195 5895 4307 4464 3580 2375 5532 3720 2893 1930 6942 501 3263 4457 4391 1223 1295 6325 3645 2035 6592 3023 2743 2319 1568 4723 2710 3523 994 3112 1198 1545 4005 1259 0 2524 3764 2272 6091 1483 5654 2542 4160 4267 3143 5744 1635 2747 5340 491 4861 4864 5946 950 4217 6334 1965 2460 3829 4821 3925 
75 3000 2275 4452 2422 4335 3786 1529 3703 2449 2141 4480 2742 2108 3895 3485 3889 1929 1807 445 1160 3481 3706 2864 3554 4599 3309 3125 1236 4435 5084 1567 3002 3100 2282 1609 3344 3894 172 3841 1560 1879 3471 4295 2126 1634 1341 5584 1728 1562 1099 4761 2534 2919 4413 2002 3497 3716 3919 2072 3912 4401 2386 1228 3722 3780 2641 2048 3572 2318 4276 1330 4068 2699 3745 2524 0 2013 1352 3644 1656 4194 117 4225 1743 1378 4710 1865 1756 5258 2038 3096 4084 4133 2905 1925 3862 2004 647 4249 3126 3178 
76 3000 1646 6280 455 5574 4409 3542 5199 4374 4155 5868 2271 348 4743 5161 5605 820 3344 2012 1226 1468 4283 4061 5515 5110 4656 5040 1865 6447 7078 1156 4741 5113 3444 3271 4957 5562 2098 4878 710 3071 4002 6304 3196 3325 3355 7586 3358 3530 1853 5646 4004 4928 6419 2999 4955 5059 4437 261 5591 5306 4390 3202 5551 5286 3964 1382 5586 4001 6187 2838 5129 4537 4713 3764 2013 0 3363 4063 2311 5816 1899 6238 2172 678 6500 2263 3757 7251 3386 1134 5987 5509 4476 1050 4148 3965 1525 6257 4711 5133 
77 3000 3318 3423 3762 3774 4039 254 3163 1403 809 3980 3762 3458 3959 2743 2866 3182 1690 1505 2435 4829 4004 2793 2346 4839 2992 1889 2124 3084 3788 2820 2029 1754 2191 1190 2492 3121 1269 3523 2857 2130 3837 2970 2392 1371 106 4271 1514 621 2009 4700 2012 1601 3095 2379 2808 3122 4231 3407 2931 4357 1103 532 2572 3003 2491 3157 2226 1557 3014 1352 3700 1801 3504 2272 1352 3363 0 4060 2276 3452 1464 2890 2613 2713 3723 2554 551 3963 1837 4447 2961 3677 2173 3196 4335 761 1898 2897 2555 1998 
78 3000 5424 4316 4444 7793 485 3970 2609 3636 4290 2762 1976 3792 1031 3084 6878 4687 2406 3198 3093 4931 349 1589 4468 1047 2018 5756 4769 6019 5925 2945 6080 4932 5888 5040 6552 3286 3801 7415 4309 1933 248 5555 1667 2726 3959 6444 2590 3568 4646 1760 5977 4601 5583 1706 6852 7144 390 4313 6961 1506 4201 3527 6497 7062 1864 5134 5255 5593 6707 4906 7625 3343 7344 6091 3644 4063 4060 0 5257 3312 3668 5605 2034 4006 4327 5419 3877 6052 5601 4307 4442 2500 6217 3021 306 4765 4019 6001 2627 4189 
79 3000 1257 5700 2482 3263 5429 2530 5245 3671 3004 6046 4041 2606 5552 4930 3495 1632 3414 2083 2337 3492 5344 4508 4594 6238 4914 3260 521 4996 5909 2679 2711 3810 1158 1417 2795 5328 1528 2576 1601 3535 5099 5045 3782 3189 2343 6344 3306 2802 622 6417 1814 3764 5186 3654 2702 2766 5552 2173 3448 6056 3341 2519 3577 3045 4269 1250 4247 1996 4318 1003 2826 4034 2421 1483 1656 2311 2276 5257 0 5649 1607 4929 3265 1738 5997 280 2826 6082 1198 3386 5231 5711 2314 2906 5455 2465 1260 4749 4645 4264 
