FILE: 611EuclS.txt
100 100 0 
1 3000 0 1267 6034 3495 3465 2778 4505 5762 5716 1952 2226 2529 3683 3289 2035 3679 4432 663 4308 5162 1653 1190 1974 2202 558 3247 887 3758 4016 1824 6817 1937 3625 4567 4775 2586 5169 4024 3396 1528 1731 4960 4226 2940 2081 4837 561 1972 183 2737 3912 3434 4100 2579 3164 4998 3508 2478 3185 1595 3282 3357 4905 1973 1789 5861 1700 5457 1300 1156 4183 3313 2031 1049 2903 5125 4148 2560 1342 1658 1914 3550 1264 3437 3961 5439 3243 2609 1732 4564 2526 4346 1881 4385 3730 2045 4555 1498 5977 2247 
2 3000 1267 0 7127 4227 4200 2783 5765 6974 6930 2603 3445 3449 4949 4162 3151 3731 5699 1672 5191 6384 2919 2432 1948 2052 1282 3091 1804 3639 5250 2953 7863 2963 4030 5328 5659 2995 6157 5279 4498 1791 2346 6000 5490 4083 2934 5625 1098 3091 1169 3977 3687 4330 5041 3799 3990 6265 3737 2993 4327 2599 4080 4464 6167 3155 3053 7033 1943 6602 33 2173 5371 4495 2712 2310 4065 6327 5133 3742 753 2478 2358 3598 105 4700 5226 6707 4492 2862 1191 5465 2621 5558 2517 5536 4453 3085 5766 2471 7162 3008 
3 3000 6034 7127 0 3448 3458 5696 3934 5196 5152 6876 5034 3740 3396 6741 4002 5530 3508 5471 2365 1796 4660 5345 7709 6066 5847 6069 6263 6027 2550 5627 900 5982 4456 2769 2071 4831 1276 2885 2639 5631 4958 1196 3087 5427 6483 2530 6029 5643 6206 3556 6356 2991 2300 3588 3403 3326 5021 4648 5431 4527 3393 2677 2797 5344 4782 5779 7300 776 7152 4957 5110 2801 4614 5301 5308 1539 2111 3510 6678 4701 5121 5539 7170 4022 3222 3343 3254 5176 6647 2117 5543 2095 6880 1719 3340 4041 4891 4656 1097 4291 
4 3000 3495 4227 3448 0 30 2257 4670 6290 6236 5098 3902 1100 3569 5781 1916 2147 4307 2831 1109 3689 2987 3477 5460 2712 3077 2622 4126 2629 3071 4159 3958 4505 1110 1100 1531 1435 2221 3427 1684 2479 1882 2262 3804 4696 4933 1400 3227 4262 3676 2641 2961 651 1161 2408 451 4612 1625 1309 4854 1972 303 1708 4174 4010 3294 6694 5141 3256 4244 2365 5262 2220 1520 3314 4584 3459 1389 2109 3605 1839 1905 2133 4300 3919 3675 4942 2921 1758 3439 1388 2131 3003 5059 2507 235 1692 5354 2030 3986 1253 
5 3000 3465 4200 3458 30 0 2244 4652 6272 6218 5068 3874 1070 3550 5752 1887 2146 4291 2802 1125 3685 2958 3447 5430 2693 3048 2613 4095 2626 3058 4130 3973 4475 1115 1127 1550 1416 2235 3412 1670 2454 1855 2271 3789 4670 4904 1426 3199 4233 3647 2618 2958 640 1168 2384 425 4599 1624 1286 4828 1942 278 1693 4163 3981 3266 6675 5111 3260 4217 2335 5239 2204 1492 3284 4557 3456 1394 2085 3580 1809 1880 2130 4273 3897 3658 4931 2901 1742 3416 1405 2114 2994 5028 2503 265 1662 5333 1999 3989 1224 
6 3000 2778 2783 5696 2257 2244 0 6058 7603 7550 4729 4406 2269 4975 5947 2731 950 5799 2305 3365 5679 3442 3520 4564 738 2220 548 3657 986 4796 4312 6210 4548 1493 3201 3765 900 4479 5041 3509 1252 1409 4502 5382 5255 4805 3517 2248 4456 2902 3847 1194 2735 3396 3578 2323 6243 1028 1135 5477 2222 2310 3506 5918 4321 3758 7874 4397 5436 2783 2226 6241 3861 1484 3312 5175 5498 3599 3329 2030 1794 1087 817 2884 5075 5176 6641 4321 545 1643 3641 286 4888 4660 4543 2402 2458 6483 2132 6142 1703 
7 3000 4505 5765 3934 4670 4652 6058 0 1620 1566 4143 2384 3909 1112 3287 3327 6505 439 4333 4339 2150 2904 3336 5301 5948 4713 6599 4137 6881 1728 3014 4804 3224 5680 4977 4527 5250 4157 1310 3007 5191 4697 3739 954 2144 3626 4993 4868 2927 4596 2212 7177 4041 3995 2483 4264 775 6036 4997 2004 3881 4389 2976 1173 2731 2716 2064 4879 3169 5798 4052 1243 2450 4574 3456 2071 2395 3778 2750 5741 4299 5012 6432 5748 1071 1003 1127 1780 5557 5992 4354 5786 2054 4191 2696 4779 3601 957 3997 3079 4388 
8 3000 5762 6974 5196 6290 6272 7603 1620 0 53 4917 3536 5508 2726 3613 4878 8096 2005 5712 5929 3427 4290 4573 6128 7430 6061 8148 5219 8456 3310 4043 5996 4130 7294 6570 6085 6823 5640 2904 4625 6654 6215 5225 2531 2944 4400 6567 6197 3918 5818 3787 8745 5660 5589 4057 5883 1908 7637 6572 2715 5393 6008 4595 2455 3819 4038 606 5741 4483 7007 5505 1623 4070 6126 4733 2936 3716 5364 4337 7069 5819 6535 8019 6939 2527 2620 1859 3389 7118 7372 5923 7324 3573 4985 4223 6398 5160 1208 5498 4186 5962 
9 3000 5716 6930 5152 6236 6218 7550 1566 53 0 4883 3491 5454 2672 3589 4826 8043 1952 5663 5876 3381 4240 4527 6094 7380 6013 8096 5177 8404 3257 4001 5955 4092 7241 6517 6033 6770 5590 2851 4572 6604 6163 5175 2478 2905 4365 6515 6150 3877 5773 3734 8692 5607 5537 4004 5829 1860 7583 6519 2677 5341 5954 4541 2407 3776 3990 641 5705 4438 6963 5454 1584 4016 6073 4686 2895 3670 5312 4284 7022 5767 6483 7966 6895 2475 2566 1818 3336 7066 7324 5872 7272 3522 4951 4172 6345 5107 1164 5446 4145 5909 
10 3000 1952 2603 6876 5098 5068 4729 4143 4917 4883 0 1914 4014 3771 1600 3265 5617 4265 2483 5673 5559 2288 1653 1210 4145 2509 5199 1075 5710 4441 1265 7746 948 5454 6074 6109 4458 6302 4259 4425 3477 3576 5998 4295 2032 524 6297 2500 1286 1844 3322 5862 4849 5391 3323 4692 4838 5410 4310 2231 3137 4833 4376 4962 1565 2104 4821 844 6173 2631 2801 3316 4098 3807 1791 2084 5629 5358 3479 3097 3383 3811 5490 2522 3256 4042 5250 3656 4528 3554 5885 4473 4872 87 5158 5327 3428 3777 3103 6509 3938 
11 3000 2226 3445 5034 3902 3874 4406 2384 3536 3491 1914 0 2827 1858 1907 2004 5105 2420 2250 4180 3646 989 1040 2975 4072 2561 4948 1754 5358 2543 664 5921 972 4591 4692 4565 3802 4608 2345 2779 3285 3008 4261 2391 853 1464 4856 2682 629 2283 1551 5599 3470 3855 1648 3453 3002 4745 3579 1070 2250 3603 2729 3068 361 659 3646 2546 4305 3478 2181 1964 2340 3057 1215 768 3726 3761 1894 3546 2655 3323 4999 3415 1385 2133 3433 1781 4013 3877 4342 4120 2984 1939 3333 4102 2269 2328 2306 4603 3028 
12 3000 2529 3449 3740 1100 1070 2269 3909 5508 5454 4014 2827 0 2799 4689 825 2597 3603 1882 1779 3430 1891 2381 4453 2420 2200 2775 3073 2990 2530 3059 4428 3405 1829 2074 2247 1388 2708 2797 1265 1894 1221 2574 3152 3643 3835 2323 2373 3165 2713 1731 3299 905 1594 1467 678 4007 2129 1139 3815 938 821 1254 3656 2916 2205 5854 4111 3324 3471 1373 4327 1596 899 2224 3535 3270 1686 1174 2944 974 1422 2528 3505 3029 2968 4391 2131 1729 2910 2040 2033 2624 3978 2338 1320 592 4478 1031 3983 592 
13 3000 3683 4949 3396 3569 3550 4975 1112 2726 2672 3771 1858 2799 0 3360 2255 5396 827 3403 3323 1818 2030 2594 4817 4908 3801 5511 3493 5778 864 2521 4296 2823 4569 3949 3566 4150 3319 521 1930 4172 3639 2913 551 2051 3300 3998 3970 2484 3801 1133 6078 2950 2973 1399 3157 1337 4924 3897 2037 2836 3284 1895 1241 2216 1936 3129 4387 2625 4981 3059 1865 1360 3491 2665 1937 1945 2778 1650 4827 3242 3947 5325 4947 626 284 1774 668 4465 5032 3374 4707 1308 3797 1857 3688 2517 1831 2960 2797 3291 
14 3000 3289 4162 6741 5781 5752 5947 3287 3613 3589 1600 1907 4689 3360 0 3865 6755 3554 3644 6085 5152 2799 2454 2727 5461 3803 6460 2434 6931 4191 1672 7641 1399 6381 6598 6463 5493 6459 3881 4670 4718 4633 6092 3775 1314 1233 6763 3848 1544 3236 3424 7128 5374 5757 3549 5336 4056 6459 5298 1336 3987 5486 4620 4341 1773 2486 3398 2425 5979 4191 3786 2165 4195 4769 2659 1433 5303 5654 3801 4570 4341 4920 6637 4089 2739 3574 4404 3540 5643 5002 6242 5670 4646 1686 5102 5988 4109 2628 4006 6137 4805 
15 3000 2035 3151 4002 1916 1887 2731 3327 4878 4826 3265 2004 825 2255 3865 0 3249 3082 1479 2413 3299 1070 1613 3833 2664 1872 3273 2402 3583 2232 2247 4783 2599 2608 2816 2860 1953 3159 2389 1363 1962 1387 2930 2699 2828 3046 3032 2057 2347 2210 1122 3867 1584 2150 857 1476 3557 2829 1705 3008 621 1625 1325 3296 2093 1380 5176 3459 3451 3178 985 3591 1372 1248 1482 2722 3207 2155 657 2806 993 1692 3161 3185 2355 2474 3974 1621 2240 2906 2638 2458 2462 3238 2385 2128 289 3787 759 4020 1102 
16 3000 3679 3731 5530 2147 2146 950 6505 8096 8043 5617 5105 2597 5396 6755 3249 0 6199 3150 3167 5812 4118 4303 5506 1680 3121 784 4542 499 5072 5094 5921 5359 1074 2831 3487 1308 4262 5375 3702 2155 2124 4373 5738 5959 5654 3130 3168 5233 3814 4309 826 2757 3295 4040 2389 6586 522 1547 6168 2857 2318 3712 6201 5066 4446 8420 5327 5399 3731 2973 6838 4153 2052 4096 5869 5594 3533 3759 2977 2451 1836 133 3832 5593 5562 6954 4728 1111 2575 3414 1160 5081 5551 4635 2204 2961 7033 2799 6131 2147 
17 3000 4432 5699 3508 4307 4291 5799 439 2005 1952 4265 2420 3603 827 3554 3082 6199 0 4198 3927 1736 2793 3295 5386 5735 4590 6333 4148 6590 1308 3076 4384 3325 5340 4567 4101 4967 3718 899 2630 4995 4467 3301 528 2333 3761 4573 4753 3007 4537 1960 6894 3669 3585 2225 3914 582 5719 4713 2232 3663 4033 2602 798 2779 2649 2483 4959 2739 5732 3874 1622 2088 4316 3392 2244 1968 3363 2471 5619 4069 4774 6132 5690 1036 638 1018 1479 5285 5840 3932 5532 1616 4305 2261 4405 3343 1386 3786 2686 4109 
18 3000 663 1672 5471 2831 2802 2305 4333 5712 5663 2483 2250 1882 3403 3644 1479 3150 4198 0 3661 4728 1433 1258 2635 1849 407 2816 1415 3291 3609 2032 6229 2246 2997 3905 4130 1978 4553 3677 2834 1079 1101 4366 3924 3059 2506 4177 588 2181 845 2355 3483 2786 3466 2154 2504 4740 2926 1846 3296 963 2621 2799 4582 2088 1675 5879 2343 4931 1700 520 4198 2826 1377 1055 2998 4661 3528 2074 1423 994 1328 3026 1705 3265 3668 5178 2881 2049 1664 3921 2031 3897 2422 3864 3066 1437 4522 852 5491 1583 
19 3000 4308 5191 2365 1109 1125 3365 4339 5929 5876 5673 4180 1779 3323 6085 2413 3167 3927 3661 0 2918 3412 4019 6213 3811 3968 3711 4803 3663 2619 4581 2848 4947 2093 642 470 2539 1115 3030 1455 3508 2865 1214 3399 4873 5420 690 4136 4656 4491 2691 3993 874 351 2537 1205 4105 2655 2392 4984 2713 1137 1502 3602 4372 3668 6403 5855 2281 5210 3151 5160 2012 2497 3895 4752 2646 565 2286 4621 2720 2949 3174 5254 3812 3344 4365 2772 2867 4498 283 3240 2398 5648 1783 977 2296 5154 2810 3021 2187 
20 3000 5162 6384 1796 3689 3685 5679 2150 3427 3381 5559 3646 3430 1818 5152 3299 5812 1736 4728 2918 0 3569 4223 6547 5837 5134 6155 5157 6273 1157 4296 2654 4618 4800 3531 2911 4780 2307 1306 2170 5220 4579 1916 1382 3857 5105 3432 5316 4275 5309 2431 6601 3057 2646 2586 3427 1535 5293 4545 3817 3915 3494 2177 1001 3994 3583 3998 6120 1057 6413 4272 3356 1928 4310 4242 3747 302 2390 2659 6102 4227 4830 5780 6402 2419 1581 1609 1960 5134 6197 2809 5457 836 5579 1183 3696 3461 3107 4053 984 4020 
21 3000 1653 2919 4660 2987 2958 3442 2904 4290 4240 2288 989 1891 2030 2799 1070 4118 2793 1433 3412 3569 0 685 3051 3164 1808 3988 1614 4382 2412 1181 5507 1541 3612 3863 3836 2813 4015 2380 2138 2378 2036 3721 2572 1841 2007 4060 1965 1277 1777 1148 4631 2627 3116 1071 2547 3351 3756 2590 2050 1262 2695 2090 3253 1026 330 4487 2640 4002 2951 1237 2821 1859 2068 672 1750 3568 3071 1193 2837 1671 2355 4014 2917 1834 2307 3792 1616 3032 3096 3611 3156 2784 2275 2947 3199 1310 3112 1323 4442 2043 
22 3000 1190 2432 5345 3477 3447 3520 3336 4573 4527 1653 1040 2381 2594 2454 1613 4303 3295 1258 4019 4223 685 0 2366 3107 1532 4048 935 4498 3067 792 6191 1071 3953 4426 4457 3040 4679 2995 2806 2330 2179 4395 3145 1808 1458 4645 1645 935 1263 1823 4712 3197 3741 1757 3058 3870 4006 2849 2048 1563 3202 2758 3835 831 658 4686 1955 4686 2465 1332 3004 2544 2321 208 1754 4236 3715 1864 2505 1891 2471 4187 2412 2277 2878 4311 2263 3192 2845 4234 3238 3454 1629 3632 3702 1790 3366 1564 5114 2386 
23 3000 1974 1948 7709 5460 5430 4564 5301 6128 6094 1210 2975 4453 4817 2727 3833 5506 5386 2635 6213 6547 3051 2366 0 3878 2469 4950 1449 5492 5399 2312 8546 2077 5578 6517 6673 4527 6986 5274 5134 3378 3696 6729 5359 3227 1729 6776 2373 2380 1799 4184 5579 5347 5975 4122 5109 5966 5409 4440 3434 3516 5235 5089 6041 2613 2972 6027 429 7052 1965 3097 4523 4909 4006 2411 3268 6581 5988 4210 2633 3629 3848 5374 1845 4357 5097 6389 4595 4502 3102 6455 4349 5804 1143 5998 5695 3917 4982 3438 7463 4218 
24 3000 2202 2052 6066 2712 2693 738 5948 7430 7380 4145 4072 2420 4908 5461 2664 1680 5735 1849 3811 5837 3164 3107 3878 0 1661 1074 3090 1614 4859 3879 6652 4074 2147 3744 4244 1279 4903 5050 3684 788 1281 4871 5364 4899 4276 4061 1645 4028 2300 3777 1723 3075 3782 3519 2665 6221 1745 1424 5133 2072 2691 3670 5952 3934 3455 7650 3741 5723 2051 1929 5984 3942 1527 2902 4832 5688 3955 3311 1298 1671 1007 1548 2154 4917 5136 6639 4285 992 905 4093 647 5016 4070 4758 2895 2430 6270 1951 6399 1828 
25 3000 558 1282 5847 3077 3048 2220 4713 6061 6013 2509 2561 2200 3801 3803 1872 3121 4590 407 3968 5134 1808 1532 2469 1661 0 2694 1440 3201 4016 2261 6591 2425 3108 4168 4438 2059 4898 4082 3216 969 1236 4727 4325 3338 2615 4452 184 2411 696 2761 3360 3097 3794 2561 2787 5136 2963 1973 3580 1320 2892 3182 4986 2360 2025 6206 2231 5321 1308 891 4522 3228 1570 1345 3287 5064 3872 2478 1029 1252 1380 2992 1323 3642 4068 5575 3287 2059 1316 4236 1967 4302 2439 4257 3310 1805 4863 1196 5890 1825 
26 3000 3247 3091 6069 2622 2613 548 6599 8148 8096 5199 4948 2775 5511 6460 3273 784 6333 2816 3711 6155 3988 4048 4950 1074 2694 0 4134 548 5305 4837 6530 5062 1689 3465 4079 1387 4825 5563 3993 1743 1956 4884 5908 5795 5301 3776 2700 4983 3358 4386 668 3158 3781 4116 2755 6768 1130 1636 6019 2770 2721 3993 6431 4855 4303 8422 4815 5857 3086 2767 6789 4371 2025 3840 5717 5963 4000 3862 2344 2342 1635 683 3196 5621 5707 7161 4854 1050 1904 3976 832 5378 5126 5004 2734 2998 7031 2680 6575 2227 
27 3000 887 1804 6263 4126 4095 3657 4137 5219 5177 1075 1754 3073 3493 2434 2402 4542 4148 1415 4803 5157 1614 935 1449 3090 1440 4134 0 4640 4001 1175 7098 1159 4404 5148 5257 3394 5543 3916 3686 2405 2515 5281 4044 2294 1208 5392 1446 1304 806 2758 4799 3949 4551 2680 3745 4729 4340 3255 2536 2154 3879 3641 4734 1420 1577 5244 1058 5616 1836 1777 3602 3466 2765 963 2287 5172 4553 2761 2136 2350 2740 4415 1751 3113 3777 5166 3196 3454 2568 5037 3398 4390 1010 4556 4359 2511 4017 2100 6050 2923 
28 3000 3758 3639 6027 2629 2626 986 6881 8456 8404 5710 5358 2990 5778 6931 3583 499 6590 3291 3663 6273 4382 4498 5492 1614 3201 548 4640 0 5498 5290 6420 5532 1571 3330 3986 1633 4761 5785 4143 2236 2349 4867 6142 6210 5791 3627 3219 5433 3876 4672 331 3225 3783 4401 2845 6996 1009 1885 6428 3134 2784 4149 6628 5289 4704 8758 5349 5885 3634 3188 7150 4570 2347 4289 6126 6061 4018 4130 2892 2712 2037 496 3744 5938 5956 7374 5113 1355 2452 3912 1261 5527 5639 5101 2696 3298 7368 3059 6616 2494 
29 3000 4016 5250 2550 3071 3058 4796 1728 3310 3257 4441 2543 2530 864 4191 2232 5072 1308 3609 2619 1157 2412 3067 5399 4859 4016 5305 4001 5498 0 3176 3450 3512 4145 3260 2799 3918 2477 422 1390 4190 3579 2065 780 2877 4007 3266 4197 3168 4160 1279 5815 2421 2279 1455 2713 1541 4571 3669 2885 2853 2816 1372 1129 2878 2430 3790 4974 1790 5280 3177 2699 934 3353 3085 2758 1188 2055 1575 5006 3204 3857 5020 5264 1484 767 1883 805 4259 5135 2625 4550 454 4457 1006 3146 2433 2599 2990 2070 3095 
30 3000 1824 2953 5627 4159 4130 4312 3014 4043 4001 1265 664 3059 2521 1672 2247 5094 3076 2032 4581 4296 1181 792 2312 3879 2261 4837 1175 5290 3176 0 6504 369 4712 5044 4994 3823 5115 3000 3249 3111 2970 4790 3056 1130 865 5237 2346 150 1835 2085 5502 3808 4276 2120 3723 3657 4788 3626 1376 2317 3871 3199 3733 304 914 4080 1884 4915 2985 2121 2427 2873 3097 1001 1114 4363 4212 2316 3166 2669 3263 4979 2909 2044 2797 4084 2393 3983 3547 4770 4030 3608 1283 3912 4375 2470 2841 2334 5244 3137 
31 3000 6817 7863 900 3958 3973 6210 4804 5996 5955 7746 5921 4428 4296 7641 4783 5921 4384 6229 2848 2654 5507 6191 8546 6652 6591 6530 7098 6420 3450 6504 0 6862 4861 3090 2451 5385 1749 3784 3429 6288 5622 1863 3978 6327 7364 2799 6771 6525 6993 4424 6741 3603 2881 4438 3999 4164 5434 5228 6332 5271 3962 3471 3650 6225 5646 6589 8143 1673 7887 5710 5995 3653 5265 6135 6208 2418 2745 4337 7369 5401 5752 5949 7912 4923 4120 4136 4144 5716 7298 2570 6088 2996 7747 2592 3809 4792 5762 5395 1812 4943 
32 3000 1937 2963 5982 4505 4475 4548 3224 4130 4092 948 972 3405 2823 1399 2599 5359 3325 2246 4947 4618 1541 1071 2077 4074 2425 5062 1159 5532 3512 369 6862 0 5024 5404 5362 4108 5483 3315 3618 3323 3240 5157 3346 1186 501 5600 2486 343 1914 2448 5730 4168 4643 2489 4073 3901 5074 3920 1417 2630 4220 3568 4014 638 1283 4113 1659 5264 2995 2398 2508 3238 3393 1271 1208 4696 4581 2685 3261 2962 3523 5240 2908 2309 3094 4319 2739 4247 3668 5137 4270 3949 981 4270 4723 2813 2948 2636 5575 3453 
33 3000 3625 4030 4456 1110 1115 1493 5680 7294 7241 5454 4591 1829 4569 6381 2608 1074 5340 2997 2093 4800 3612 3953 5578 2147 3108 1689 4404 1571 4145 4712 4861 5024 0 1780 2418 1054 3189 4480 2755 2254 1896 3301 4853 5429 5391 2088 3212 4837 3790 3549 1900 1751 2232 3291 1432 5680 572 1150 5615 2396 1330 2772 5261 4624 3941 7665 5325 4337 4039 2659 6156 3257 1649 3760 5327 4568 2476 2993 3313 2078 1732 1088 4121 4848 4703 6025 3905 1182 3017 2340 1500 4104 5400 3617 1137 2328 6297 2389 5072 1576 
34 3000 4567 5328 2769 1100 1127 3201 4977 6570 6517 6074 4692 2074 3949 6598 2816 2831 4567 3905 642 3531 3863 4426 6517 3744 4168 3465 5148 3330 3260 5044 3090 5404 1780 0 701 2472 1496 3669 2049 3573 2982 1723 4039 5421 5860 317 4322 5131 4749 3253 3651 1236 982 3074 1407 4746 2352 2384 5545 3003 1284 2093 4242 4856 4142 7041 6183 2816 5344 3420 5773 2618 2619 4283 5302 3252 1208 2803 4700 2921 2997 2863 5401 4420 3979 5002 3378 2759 4515 729 3127 3039 6042 2418 877 2648 5781 3078 3549 2343 
35 3000 4775 5659 2071 1531 1550 3765 4527 6085 6033 6109 4565 2247 3566 6463 2860 3487 4101 4130 470 2911 3836 4457 6673 4244 4438 4079 5257 3986 2799 4994 2451 5362 2418 701 0 2966 796 3220 1796 3967 3330 1041 3574 5226 5841 522 4606 5063 4958 3045 4312 1343 719 2916 1671 4218 2990 2833 5323 3180 1595 1845 3693 4774 4079 6585 6312 2131 5679 3619 5425 2318 2962 4340 5104 2621 816 2683 5084 3190 3404 3507 5723 4093 3552 4438 3064 3284 4952 224 3657 2514 6087 1868 1363 2756 5383 3278 2858 2654 
36 3000 2586 2995 4831 1435 1416 900 5250 6823 6770 4458 3802 1388 4150 5493 1953 1308 4967 1978 2539 4780 2813 3040 4527 1279 2059 1387 3394 1633 3918 3823 5385 4108 1054 2472 2966 0 3640 4181 2612 1207 882 3634 4530 4655 4438 2787 2158 3958 2747 3040 1927 1850 2533 2769 1436 5389 966 253 4862 1551 1438 2610 5045 3777 3142 7129 4284 4544 3005 1710 5534 2984 744 2837 4563 4598 2723 2500 2298 1157 679 1212 3082 4307 4336 5778 3487 355 2056 2820 712 3994 4400 3643 1616 1666 5740 1502 5246 861 
37 3000 5169 6157 1276 2221 2235 4479 4157 5640 5590 6302 4608 2708 3319 6459 3159 4262 3718 4553 1115 2307 4015 4679 6986 4903 4898 4825 5543 4761 2477 5115 1749 5483 3189 1496 796 3640 0 2893 1877 4545 3883 417 3209 5172 5978 1278 5074 5162 5349 3056 5089 1858 1134 2994 2250 3737 3758 3479 5234 3590 2212 1925 3194 4864 4211 6175 6601 1400 6179 4033 5175 2269 3523 4592 5049 2005 1025 2822 5637 3682 4004 4276 6211 3904 3244 3897 2937 3975 5552 850 4347 2103 6290 1472 2091 3124 5067 3706 2102 3202 
38 3000 4024 5279 2885 3427 3412 5041 1310 2904 2851 4259 2345 2797 521 3881 2389 5375 899 3677 3030 1306 2380 2995 5274 5050 4082 5563 3916 5785 422 3000 3784 3315 4480 3669 3220 4181 2893 0 1743 4349 3768 2479 378 2573 3800 3683 4258 2974 4155 1324 6096 2783 2687 1552 3048 1211 4883 3929 2556 3002 3160 1718 911 2696 2340 3373 4846 2111 5310 3283 2291 1225 3574 3041 2459 1423 2469 1738 5094 3380 4061 5315 5285 1144 353 1599 796 4513 5259 3044 4785 817 4282 1420 3516 2621 2178 3135 2279 3338 
39 3000 3396 4498 2639 1684 1670 3509 3007 4625 4572 4425 2779 1265 1930 4670 1363 3702 2630 2834 1455 2170 2138 2806 5134 3684 3216 3993 3686 4143 1390 3249 3429 3618 2755 2049 1796 2612 1877 1743 0 3116 2453 1594 2121 3430 4109 2145 3400 3305 3570 1249 4465 1040 1109 1135 1325 2929 3194 2374 3533 1905 1426 50 2507 3010 2339 5055 4741 2115 4524 2325 3726 573 2157 2727 3308 2005 984 945 4094 2136 2681 3657 4537 2371 2005 3270 1330 2964 4121 1578 3286 1386 4413 1083 1775 1419 3754 2039 2738 1857 
40 3000 1528 1791 5631 2479 2454 1252 5191 6654 6604 3477 3285 1894 4172 4718 1962 2155 4995 1079 3508 5220 2378 2330 3378 788 969 1743 2405 2236 4190 3111 6288 3323 2254 3573 3967 1207 4545 4349 3116 0 673 4452 4647 4114 3559 3879 1015 3258 1659 3050 2411 2687 3411 2800 2306 5498 2031 1206 4347 1346 2372 3095 5258 3153 2667 6865 3177 5212 1803 1149 5197 3298 1023 2124 4046 5097 3546 2619 1127 993 576 2025 1876 4149 4411 5922 3569 1125 1016 3789 998 4388 3408 4199 2696 1762 5488 1215 5854 1345 
41 3000 1731 2346 4958 1882 1855 1409 4697 6215 6163 3576 3008 1221 3639 4633 1387 2124 4467 1101 2865 4579 2036 2179 3696 1281 1236 1956 2515 2349 3579 2970 5622 3240 1896 2982 3330 882 3883 3768 2453 673 0 3782 4085 3860 3558 3279 1367 3108 1900 2506 2594 2027 2750 2244 1660 4944 1843 747 4078 822 1739 2434 4670 2947 2355 6472 3430 4542 2363 849 4832 2668 368 1973 3777 4445 2878 2030 1757 398 322 2010 2418 3689 3861 5359 3008 1014 1689 3144 1123 3751 3518 3536 2110 1149 5082 724 5190 682 
42 3000 4960 6000 1196 2262 2271 4502 3739 5225 5175 5998 4261 2574 2913 6092 2930 4373 3301 4366 1214 1916 3721 4395 6729 4871 4727 4884 5281 4867 2065 4790 1863 5157 3301 1723 1041 3634 417 2479 1594 4452 3782 0 2792 4797 5655 1560 4907 4831 5137 2714 5198 1795 1106 2676 2206 3323 3858 3451 4851 3407 2196 1640 2782 4531 3897 5758 6335 1092 6024 3847 4765 1923 3432 4322 4674 1617 915 2531 5518 3544 3933 4375 6049 3505 2831 3493 2557 3980 5467 1005 4346 1686 5990 1059 2170 2928 4651 3531 1826 3108 
43 3000 4226 5490 3087 3804 3789 5382 954 2531 2478 4295 2391 3152 551 3775 2699 5738 528 3924 3399 1382 2572 3145 5359 5364 4325 5908 4044 6142 780 3056 3978 3346 4853 4039 3574 4530 3209 378 2121 4647 4085 2792 0 2490 3814 4045 4496 3011 4347 1598 6451 3161 3058 1847 3422 861 5249 4278 2438 3302 3536 2096 689 2751 2487 3011 4929 2310 5522 3556 2028 1596 3907 3214 2385 1567 2835 2060 5346 3693 4384 5676 5490 1063 267 1275 1079 4858 5534 3404 5122 1107 4325 1743 3894 2944 1862 3431 2366 3681 
44 3000 2940 4083 5427 4696 4670 5255 2144 2944 2905 2032 853 3643 2051 1314 2828 5959 2333 3059 4873 3857 1841 1808 3227 4899 3338 5795 2294 6210 2877 1130 6327 1186 5429 5421 5226 4655 5172 2573 3430 4114 3860 4797 2490 0 1508 5559 3441 992 2962 2182 6448 4223 4535 2346 4245 2879 5596 4431 245 3103 4394 3381 3095 977 1512 2951 2822 4665 4115 3028 1321 2925 3910 2005 123 3997 4411 2624 4281 3509 4174 5853 4038 1437 2276 3268 2239 4867 4644 5008 4969 3331 2089 3794 4886 3102 1763 3160 4841 3874 
45 3000 2081 2934 6483 4933 4904 4805 3626 4400 4365 524 1464 3835 3300 1233 3046 5654 3761 2506 5420 5105 2007 1458 1729 4276 2615 5301 1208 5791 4007 865 7364 501 5391 5860 5841 4438 5978 3800 4109 3559 3558 5655 3814 1508 0 6065 2643 841 2014 2949 5969 4625 5121 2984 4510 4330 5402 4266 1707 3015 4655 4059 4472 1139 1770 4319 1343 5764 2964 2736 2794 3737 3746 1637 1562 5190 5066 3171 3339 3314 3822 5531 2864 2764 3566 4738 3238 4548 3776 5616 4535 4447 586 4772 5156 3242 3253 3005 6066 3836 
46 3000 4837 5625 2530 1400 1426 3517 4993 6567 6515 6297 4856 2323 3998 6763 3032 3130 4573 4177 690 3432 4060 4645 6776 4061 4452 3776 5392 3627 3266 5237 2799 5600 2088 317 522 2787 1278 3683 2145 3879 3279 1560 4045 5559 6065 0 4609 5318 5020 3379 3945 1449 1038 3219 1673 4715 2658 2695 5673 3260 1560 2192 4197 5037 4328 7056 6434 2647 5642 3685 5843 2700 2913 4509 5439 3143 1221 2961 5006 3201 3304 3165 5697 4498 4006 4947 3459 3076 4827 644 3444 3006 6268 2367 1184 2883 5826 3342 3369 2630 
47 3000 561 1098 6029 3227 3199 2248 4868 6197 6150 2500 2682 2373 3970 3848 2057 3168 4753 588 4136 5316 1965 1645 2373 1645 184 2700 1446 3219 4197 2346 6771 2486 3212 4322 4606 2158 5074 4258 3400 1015 1367 4907 4496 3441 2643 4609 0 2496 657 2939 3362 3267 3967 2741 2948 5303 3038 2089 3684 1502 3050 3367 5160 2464 2168 6329 2161 5506 1124 1075 4646 3412 1712 1468 3395 5248 4049 2662 875 1416 1479 3037 1141 3796 4238 5743 3463 2131 1203 4405 2008 4485 2426 4442 3459 1987 4996 1376 6074 1979 
48 3000 1972 3091 5643 4262 4233 4456 2927 3918 3877 1286 629 3165 2484 1544 2347 5233 3007 2181 4656 4275 1277 935 2380 4028 2411 4983 1304 5433 3168 150 6525 343 4837 5131 5063 3958 5162 2974 3305 3258 3108 4831 3011 992 841 5318 2496 0 1981 2118 5647 3896 4346 2171 3824 3586 4921 3757 1236 2442 3972 3255 3683 300 989 3943 1955 4922 3123 2259 2298 2909 3228 1144 983 4353 4275 2380 3314 2802 3404 5118 3046 1983 2756 4009 2396 4123 3696 4839 4174 3606 1314 3933 4476 2578 2719 2464 5231 3260 
49 3000 183 1169 6206 3676 3647 2902 4596 5818 5773 1844 2283 2713 3801 3236 2210 3814 4537 845 4491 5309 1777 1263 1799 2300 696 3358 806 3876 4160 1835 6993 1914 3790 4749 4958 2747 5349 4155 3570 1659 1900 5137 4347 2962 2014 5020 657 1981 0 2880 4019 3617 4283 2731 3347 5107 3659 2646 3208 1778 3465 3530 5030 2009 1888 5899 1537 5623 1202 1339 4227 3474 2207 1144 2933 5278 4329 2723 1347 1838 2071 3684 1153 3532 4081 5549 3380 2756 1765 4746 2657 4498 1770 4550 3911 2226 4610 1682 6135 2427 
50 3000 2737 3977 3556 2641 2618 3847 2212 3787 3734 3322 1551 1731 1133 3424 1122 4309 1960 2355 2691 2431 1148 1823 4184 3777 2761 4386 2758 4672 1279 2085 4424 2448 3549 3253 3045 3040 3056 1324 1249 3050 2506 2714 1598 2182 2949 3379 2939 2118 2880 0 4966 2093 2352 270 2199 2448 3856 2787 2294 1708 2340 1200 2233 1817 1227 4123 3766 2871 4007 1961 2622 791 2363 1819 2061 2420 2232 556 3770 2109 2814 4231 3988 1299 1361 2873 528 3344 3939 2827 3577 1636 3324 1836 2801 1389 2748 1835 3294 2178 
51 3000 3912 3687 6356 2961 2958 1194 7177 8745 8692 5862 5599 3299 6078 7128 3867 826 6894 3483 3993 6601 4631 4712 5579 1723 3360 668 4799 331 5815 5502 6741 5730 1900 3651 4312 1927 5089 6096 4465 2411 2594 5198 6451 6448 5969 3945 3362 5647 4019 4966 0 3555 4115 4695 3173 7307 1340 2181 6670 3396 3114 4471 6945 5514 4949 9036 5460 6217 3680 3420 7417 4886 2623 4503 6368 6391 4350 4428 2954 2970 2276 827 3793 6223 6262 7688 5415 1628 2497 4240 1479 5851 5789 5430 3027 3585 7645 3314 6947 2788 
52 3000 3434 4330 2991 651 640 2735 4041 5660 5607 4849 3470 905 2950 5374 1584 2757 3669 2786 874 3057 2627 3197 5347 3075 3097 3158 3949 3225 2421 3808 3603 4168 1751 1236 1343 1850 1858 2783 1040 2687 2027 1795 3161 4223 4625 1449 3267 3896 3617 2093 3555 0 723 1885 414 3963 2237 1657 4362 1840 441 1067 3523 3623 2908 6079 4996 2702 4351 2277 4689 1591 1665 3060 4106 2837 879 1599 3784 1854 2149 2730 4391 3337 3041 4291 2316 2201 3694 1138 2562 2354 4819 1878 738 1437 4755 1936 3416 1345 
53 3000 4100 5041 2300 1161 1168 3396 3995 5589 5537 5391 3855 1594 2973 5757 2150 3295 3585 3466 351 2646 3116 3741 5975 3782 3794 3781 4551 3783 2279 4276 2881 4643 2232 982 719 2533 1134 2687 1109 3411 2750 1106 3058 4535 5121 1038 3967 4346 4283 2352 4115 723 0 2208 1119 3779 2775 2358 4642 2506 1095 1157 3285 4058 3361 6059 5608 2104 5062 2950 4809 1662 2389 3626 4413 2387 256 1968 4506 2562 2870 3288 5099 3461 2997 4051 2421 2876 4417 494 3244 2079 5370 1485 1095 2063 4804 2613 2839 2069 
54 3000 2579 3799 3588 2408 2384 3578 2483 4057 4004 3323 1648 1467 1399 3549 857 4040 2225 2154 2537 2586 1071 1757 4122 3519 2561 4116 2680 4401 1455 2120 4438 2489 3291 3074 2916 2769 2994 1552 1135 2800 2244 2676 1847 2346 2984 3219 2741 2171 2731 270 4695 1885 2208 0 1961 2702 3589 2516 2477 1455 2105 1085 2464 1875 1221 4388 3712 2936 3828 1734 2870 787 2093 1723 2227 2547 2113 300 3557 1848 2549 3961 3816 1561 1617 3123 768 3074 3708 2694 3309 1767 3318 1876 2577 1119 3010 1585 3407 1907 
55 3000 3164 3990 3403 451 425 2323 4264 5883 5829 4692 3453 678 3157 5336 1476 2389 3914 2504 1205 3427 2547 3058 5109 2665 2787 2755 3745 2845 2713 3723 3999 4073 1432 1407 1671 1436 2250 3048 1325 2306 1660 2206 3422 4245 4510 1673 2948 3824 3347 2199 3173 414 1119 1961 0 4247 1875 1244 4402 1596 149 1341 3833 3567 2850 6274 4776 3112 4009 2014 4821 1827 1292 2902 4132 3219 1291 1661 3416 1534 1755 2353 4056 3484 3278 4595 2501 1788 3305 1484 2148 2692 4657 2258 652 1268 4924 1671 3822 983 
56 3000 4998 6265 3326 4612 4599 6243 775 1908 1860 4838 3002 4007 1337 4056 3557 6586 582 4740 4105 1535 3351 3870 5966 6221 5136 6768 4729 6996 1541 3657 4164 3901 5680 4746 4218 5389 3737 1211 2929 5498 4944 3323 861 2879 4330 4715 5303 3586 5107 2448 7307 3963 3779 2702 4247 0 6092 5136 2758 4155 4355 2909 546 3361 3221 2467 5539 2591 6298 4394 2006 2433 4768 3963 2796 1816 3540 2921 6163 4551 5245 6526 6258 1618 1087 441 1936 5718 6369 4070 5983 1709 4879 2349 4686 3804 1663 4283 2387 4542 
57 3000 3508 3737 5021 1625 1624 1028 6036 7637 7583 5410 4745 2129 4924 6459 2829 522 5719 2926 2655 5293 3756 4006 5409 1745 2963 1130 4340 1009 4571 4788 5434 5074 572 2352 2990 966 3758 4883 3194 2031 1843 3858 5249 5596 5402 2658 3038 4921 3659 3856 1340 2237 2775 3589 1875 6092 0 1168 5797 2498 1799 3205 5698 4735 4086 7977 5193 4878 3742 2676 6419 3658 1696 3803 5501 5073 3012 3301 2995 2119 1600 518 3834 5149 5081 6454 4256 907 2646 2908 1120 4568 5349 4115 1687 2540 6595 2460 5610 1733 
58 3000 2478 2993 4648 1309 1286 1135 4997 6572 6519 4310 3579 1139 3897 5298 1705 1547 4713 1846 2392 4545 2590 2849 4440 1424 1973 1636 3255 1885 3669 3626 5228 3920 1150 2384 2833 253 3479 3929 2374 1206 747 3451 4278 4431 4266 2695 2089 3757 2646 2787 2181 1657 2358 2516 1244 5136 1168 0 4634 1330 1266 2371 4795 3567 2920 6881 4178 4336 3006 1529 5291 2735 529 2649 4337 4368 2536 2247 2327 957 634 1456 3075 4056 4083 5526 3234 591 2132 2675 919 3753 4254 3416 1511 1417 5492 1293 5030 609 
59 3000 3185 4327 5431 4854 4828 5477 2004 2715 2677 2231 1070 3815 2037 1336 3008 6168 2232 3296 4984 3817 2050 2048 3434 5133 3580 6019 2536 6428 2885 1376 6332 1417 5615 5545 5323 4862 5234 2556 3533 4347 4078 4851 2438 245 1707 5673 3684 1236 3208 2294 6670 4362 4642 2477 4402 2758 5797 4634 0 3311 4551 3485 3012 1220 1724 2708 3035 4663 4360 3252 1094 3009 4117 2243 302 3973 4507 2763 4526 3721 4394 6064 4282 1412 2241 3132 2297 5081 4888 5108 5191 3337 2292 3830 5038 3286 1547 3372 4801 4069 
60 3000 1595 2599 4527 1972 1942 2222 3881 5393 5341 3137 2250 938 2836 3987 621 2857 3663 963 2713 3915 1262 1563 3516 2072 1320 2770 2154 3134 2853 2317 5271 2630 2396 3003 3180 1551 3590 3002 1905 1346 822 3407 3302 3103 3015 3260 1502 2442 1778 1708 3396 1840 2506 1455 1596 4155 2498 1330 3311 0 1726 1874 3912 2240 1591 5652 3180 4018 2624 443 4021 1986 806 1378 3012 3815 2565 1278 2201 428 1143 2754 2644 2867 3069 4578 2223 1779 2285 2968 1939 3079 3094 2965 2205 486 4262 138 4613 823 
61 3000 3282 4080 3393 303 278 2310 4389 6008 5954 4833 3603 821 3284 5486 1625 2318 4033 2621 1137 3494 2695 3202 5235 2691 2892 2721 3879 2784 2816 3871 3962 4220 1330 1284 1595 1438 2212 3160 1426 2372 1739 2196 3536 4394 4655 1560 3050 3972 3465 2340 3114 441 1095 2105 149 4355 1799 1266 4551 1726 0 1445 3931 3716 3000 6405 4906 3136 4099 2137 4962 1945 1371 3044 4281 3278 1289 1806 3490 1641 1811 2289 4148 3622 3398 4696 2631 1784 3361 1420 2150 2777 4797 2318 503 1412 5059 1796 3854 1074 
62 3000 3357 4464 2677 1708 1693 3506 2976 4595 4541 4376 2729 1254 1895 4620 1325 3712 2602 2799 1502 2177 2090 2758 5089 3670 3182 3993 3641 4149 1372 3199 3471 3568 2772 2093 1845 2610 1925 1718 50 3095 2434 1640 2096 3381 4059 2192 3367 3255 3530 1200 4471 1067 1157 1085 1341 2909 3205 2371 3485 1874 1445 0 2493 2959 2290 5021 4695 2145 4491 2291 3684 535 2143 2681 3260 2018 1033 897 4066 2112 2666 3665 4503 2329 1975 3254 1289 2961 4098 1627 3280 1385 4365 1104 1804 1388 3716 2008 2760 1846 
63 3000 4905 6167 2797 4174 4163 5918 1173 2455 2407 4962 3068 3656 1241 4341 3296 6201 798 4582 3602 1001 3253 3835 6041 5952 4986 6431 4734 6628 1129 3733 3650 4014 5261 4242 3693 5045 3194 911 2507 5258 4670 2782 689 3095 4472 4197 5160 3683 5030 2233 6945 3523 3285 2464 3833 546 5698 4795 3012 3912 3931 2493 0 3430 3176 3012 5612 2052 6199 4194 2408 2061 4463 3900 2998 1274 3040 2642 6001 4285 4958 6149 6169 1708 957 770 1705 5384 6171 3553 5668 1205 4995 1830 4232 3521 2122 4045 1906 4215 
64 3000 1973 3155 5344 4010 3981 4321 2731 3819 3776 1565 361 2916 2216 1773 2093 5066 2779 2088 4372 3994 1026 831 2613 3934 2360 4855 1420 5289 2878 304 6225 638 4624 4856 4774 3777 4864 2696 3010 3153 2947 4531 2751 977 1139 5037 2464 300 2009 1817 5514 3623 4058 1875 3567 3361 4735 3567 1220 2240 3716 2959 3430 0 717 3890 2184 4626 3188 2101 2218 2609 3039 1032 931 4064 3982 2091 3310 2620 3252 4955 3119 1745 2492 3790 2101 3961 3667 4550 4036 3313 1586 3633 4219 2336 2612 2275 4944 3048 
65 3000 1789 3053 4782 3294 3266 3758 2716 4038 3990 2104 659 2205 1936 2486 1380 4446 2649 1675 3668 3583 330 658 2972 3455 2025 4303 1577 4704 2430 914 5646 1283 3941 4142 4079 3142 4211 2340 2339 2667 2355 3897 2487 1512 1770 4328 2168 989 1888 1227 4949 2908 3361 1221 2850 3221 4086 2920 1724 1591 3000 2290 3176 717 0 4208 2549 4097 3086 1540 2532 1994 2398 743 1423 3609 3298 1402 3043 1997 2672 4341 3041 1647 2219 3663 1625 3356 3333 3855 3472 2832 2101 3062 3502 1631 2847 1648 4490 2373 
66 3000 5861 7033 5779 6694 6675 7874 2064 606 641 4821 3646 5854 3129 3398 5176 8420 2483 5879 6403 3998 4487 4686 6027 7650 6206 8422 5244 8758 3790 4080 6589 4113 7665 7041 6585 7129 6175 3373 5055 6865 6472 5758 3011 2951 4319 7056 6329 3943 5899 4123 9036 6079 6059 4388 6274 2467 7977 6881 2708 5652 6405 5021 3012 3890 4208 0 5661 5056 7065 5721 1683 4489 6413 4862 2968 4283 5842 4679 7191 6080 6793 8336 6989 2828 3063 2455 3774 7409 7522 6415 7592 4087 4895 4736 6817 5463 1391 5748 4782 6274 
67 3000 1700 1943 7300 5141 5111 4397 4879 5741 5705 844 2546 4111 4387 2425 3459 5327 4959 2343 5855 6120 2640 1955 429 3741 2231 4815 1058 5349 4974 1884 8143 1659 5325 6183 6312 4284 6601 4846 4741 3177 3430 6335 4929 2822 1343 6434 2161 1955 1537 3766 5460 4996 5608 3712 4776 5539 5193 4178 3035 3180 4906 4695 5612 2184 2549 5661 0 6637 1966 2776 4129 4499 3721 2013 2858 6157 5612 3809 2556 3327 3608 5195 1848 3929 4667 5964 4171 4288 3028 6092 4166 5381 766 5586 5376 3560 4583 3112 7039 3913 
68 3000 5457 6602 776 3256 3260 5436 3169 4483 4438 6173 4305 3324 2625 5979 3451 5399 2739 4931 2281 1057 4002 4686 7052 5723 5321 5857 5616 5885 1790 4915 1673 5264 4337 2816 2131 4544 1400 2111 2115 5212 4542 1092 2310 4665 5764 2647 5506 4922 5623 2871 6217 2702 2104 2936 3112 2591 4878 4336 4663 4018 3136 2145 2052 4626 4097 5056 6637 0 6629 4430 4335 2158 4221 4660 4547 778 1867 2900 6209 4245 4741 5389 6636 3252 2447 2653 2525 4898 6224 2094 5252 1335 6181 1072 3199 3533 4124 4153 739 3904 
69 3000 1300 33 7152 4244 4217 2783 5798 7007 6963 2631 3478 3471 4981 4191 3178 3731 5732 1700 5210 6413 2951 2465 1965 2051 1308 3086 1836 3634 5280 2985 7887 2995 4039 5344 5679 3005 6179 5310 4524 1803 2363 6024 5522 4115 2964 5642 1124 3123 1202 4007 3680 4351 5062 3828 4009 6298 3742 3006 4360 2624 4099 4491 6199 3188 3086 7065 1966 6629 0 2199 5404 4524 2730 2343 4098 6356 5155 3770 753 2499 2372 3598 119 4733 5258 6739 4523 2868 1184 5485 2624 5587 2544 5564 4469 3111 5799 2496 7190 3027 
70 3000 1156 2173 4957 2365 2335 2226 4052 5505 5454 2801 2181 1373 3059 3786 985 2973 3874 520 3151 4272 1237 1332 3097 1929 891 2767 1777 3188 3177 2121 5710 2398 2659 3420 3619 1710 4033 3283 2325 1149 849 3847 3556 3028 2736 3685 1075 2259 1339 1961 3420 2277 2950 1734 2014 4394 2676 1529 3252 443 2137 2291 4194 2101 1540 5721 2776 4430 2199 0 4058 2353 1011 1127 2950 4190 3009 1613 1831 582 1151 2859 2213 3003 3310 4826 2489 1863 1978 3409 1940 3437 2751 3368 2600 918 4341 343 5006 1146 
71 3000 4183 5371 5110 5262 5239 6241 1243 1623 1584 3316 1964 4327 1865 2165 3591 6838 1622 4198 5160 3356 2821 3004 4523 5984 4522 6789 3602 7150 2699 2427 5995 2508 6156 5773 5425 5534 5175 2291 3726 5197 4832 4765 2028 1321 2794 5843 4646 2298 4227 2622 7417 4689 4809 2870 4821 2006 6419 5291 1094 4021 4962 3684 2408 2218 2532 1683 4129 4335 5404 4058 0 3154 4803 3178 1315 3577 4627 3170 5509 4448 5154 6746 5332 1355 1938 2294 2395 5795 5839 5228 5956 3106 3380 3705 5413 3880 470 4108 4308 4693 
72 3000 3313 4495 2801 2220 2204 3861 2450 4070 4016 4098 2340 1596 1360 4195 1372 4153 2088 2826 2012 1928 1859 2544 4909 3942 3228 4371 3466 4570 934 2873 3653 3238 3257 2618 2318 2984 2269 1225 573 3298 2668 1923 1596 2925 3737 2700 3412 2909 3474 791 4886 1591 1662 787 1827 2433 3658 2735 3009 1986 1945 535 2061 2609 1994 4489 4499 2158 4524 2353 3154 0 2427 2506 2802 1837 1503 754 4178 2305 2936 4096 4522 1802 1454 2803 760 3324 4269 2108 3617 1093 4096 1091 2330 1535 3180 2125 2668 2162 
73 3000 2031 2712 4614 1520 1492 1484 4574 6126 6073 3807 3057 899 3491 4769 1248 2052 4316 1377 2497 4310 2068 2321 4006 1527 1570 2025 2765 2347 3353 3097 5265 3393 1649 2619 2962 744 3523 3574 2157 1023 368 3432 3907 3910 3746 2913 1712 3228 2207 2363 2623 1665 2389 2093 1292 4768 1696 529 4117 806 1371 2143 4463 3039 2398 6413 3721 4221 2730 1011 4803 2427 0 2123 3818 4161 2523 1848 2124 431 524 1951 2783 3601 3696 5173 2840 995 2035 2777 1217 3492 3754 3235 1749 973 5022 764 4883 323 
74 3000 1049 2310 5301 3314 3284 3312 3456 4733 4686 1791 1215 2224 2665 2659 1482 4096 3392 1055 3895 4242 672 208 2411 2902 1345 3840 963 4289 3085 1001 6135 1271 3760 4283 4340 2837 4592 3041 2727 2124 1973 4322 3214 2005 1637 4509 1468 1144 1144 1819 4503 3060 3626 1723 2902 3963 3803 2649 2243 1378 3044 2681 3900 1032 743 4862 2013 4660 2343 1127 3178 2506 2123 0 1947 4239 3613 1798 2336 1692 2263 3980 2297 2389 2947 4405 2287 2985 2662 4117 3030 3456 1759 3597 3541 1637 3530 1371 5112 2199 
75 3000 2903 4065 5308 4584 4557 5175 2071 2936 2895 2084 768 3535 1937 1433 2722 5869 2244 2998 4752 3747 1750 1754 3268 4832 3287 5717 2287 6126 2758 1114 6208 1208 5327 5302 5104 4563 5049 2459 3308 4046 3777 4674 2385 123 1562 5439 3395 983 2933 2061 6368 4106 4413 2227 4132 2796 5501 4337 302 3012 4281 3260 2998 931 1423 2968 2858 4547 4098 2950 1315 2802 3818 1947 0 3883 4288 2507 4242 3421 4092 5764 4023 1327 2166 3192 2117 4780 4597 4887 4889 3213 2137 3673 4772 2998 1743 3072 4730 3776 
76 3000 5125 6327 1539 3459 3456 5498 2395 3716 3670 5629 3726 3270 1945 5303 3207 5594 1968 4661 2646 302 3568 4236 6581 5688 5064 5963 5172 6061 1188 4363 2418 4696 4568 3252 2621 4598 2005 1423 2005 5097 4445 1617 1567 3997 5190 3143 5248 4353 5278 2420 6391 2837 2387 2547 3219 1816 5073 4368 3973 3815 3278 2018 1274 4064 3609 4283 6157 778 6356 4190 3577 1837 4161 4239 3883 0 2131 2586 6013 4105 4684 5567 6351 2563 1734 1909 1986 4953 6087 2527 5285 783 5644 961 3453 3349 3351 3953 882 3863 
77 3000 4148 5133 2111 1389 1394 3599 3778 5364 5312 5358 3761 1686 2778 5654 2155 3533 3363 3528 565 2390 3071 3715 5988 3955 3872 4000 4553 4018 2055 4212 2745 4581 2476 1208 816 2723 1025 2469 984 3546 2878 915 2835 4411 5066 1221 4049 4275 4329 2232 4350 879 256 2113 1291 3540 3012 2536 4507 2565 1289 1033 3040 3982 3298 5842 5612 1867 5155 3009 4627 1503 2523 3613 4288 2131 0 1896 4624 2661 3020 3522 5187 3287 2787 3805 2253 3072 4559 605 3436 1835 5340 1232 1341 2103 4605 2680 2598 2200 
78 3000 2560 3742 3510 2109 2085 3329 2750 4337 4284 3479 1894 1174 1650 3801 657 3759 2471 2074 2286 2659 1193 1864 4210 3311 2478 3862 2761 4130 1575 2316 4337 2685 2993 2803 2683 2500 2822 1738 945 2619 2030 2531 2060 2624 3171 2961 2662 2380 2723 556 4428 1599 1968 300 1661 2921 3301 2247 2763 1278 1806 897 2642 2091 1402 4679 3809 2900 3770 1613 3170 754 1848 1798 2507 2586 1896 0 3444 1643 2324 3683 3767 1855 1847 3331 992 2815 3560 2459 3065 1825 3467 1827 2281 883 3304 1415 3423 1640 
79 3000 1342 753 6678 3605 3580 2030 5741 7069 7022 3097 3546 2944 4827 4570 2806 2977 5619 1423 4621 6102 2837 2505 2633 1298 1029 2344 2136 2892 5006 3166 7369 3261 3313 4700 5084 2298 5637 5094 4094 1127 1757 5518 5346 4281 3339 5006 875 3314 1347 3770 2954 3784 4506 3557 3416 6163 2995 2327 4526 2201 3490 4066 6001 3310 3043 7191 2556 6209 753 1831 5509 4178 2124 2336 4242 6013 4624 3444 0 1977 1703 2845 856 4670 5091 6601 4298 2134 472 4901 1875 5266 3014 5164 3823 2679 5866 2063 6814 2439 
