FILE: 711EuclS.txt
100 100 0 
1 3000 0 1084 5555 305 2673 5279 5458 2041 1386 4091 5492 5900 1602 2523 2126 1911 6091 3256 5745 3857 1911 6126 5511 6140 819 4726 1332 5733 3245 5375 3146 5707 4043 4140 6440 2917 4670 5829 2992 1331 1958 3964 2114 1999 3677 5097 2114 3126 955 3773 5088 4190 5914 3395 162 1340 3002 1443 4446 5296 4687 743 2847 443 4675 5632 4820 2043 6360 5450 3776 746 3801 2648 1719 2581 5031 4832 4921 6837 1035 5228 5676 1079 4653 2362 2053 4507 3308 3742 3221 4657 3463 1347 2502 2351 5493 1668 4741 5951 
2 3000 1084 0 4706 1362 2687 4789 4394 1752 941 3853 4812 4855 520 1869 1968 1584 5007 2978 4836 3525 2265 5048 5178 5079 268 4481 2141 4687 2821 4492 2693 4937 3432 3518 5388 2936 4379 4947 1955 640 1916 2882 2061 1763 2735 4311 1530 2700 1904 3138 4589 3575 4844 2330 924 1972 1921 1017 3453 4871 3827 776 2297 1439 3591 4637 4149 1466 5276 4377 2757 1552 2789 2120 770 2726 4579 3976 4196 5773 1263 4172 4640 1183 3851 1854 2074 3424 2723 3018 3132 4367 2379 299 2400 1273 4478 1059 3750 4979 
3 3000 5555 4706 0 5859 7071 7832 2397 3790 4187 7683 1143 2101 4296 3071 6333 3836 3401 6931 6048 7247 6920 2999 8566 4568 4880 8186 6818 2066 2864 325 6419 6901 1915 6536 4896 7289 8006 6293 4214 4235 4157 3464 6498 3878 2026 609 5542 2925 5847 2037 7651 6592 2646 2904 5440 5334 3710 5480 1645 8077 5780 4827 5988 5994 3223 5247 1285 3551 3698 3954 4373 5474 4439 3078 3936 7221 7775 730 6608 4869 5956 2202 4770 4670 935 3327 6566 3270 6150 1891 7329 7995 3339 4634 6720 3716 1577 3891 4874 5644 
4 3000 305 1362 5859 0 2602 5312 5750 2308 1683 4062 5782 6198 1883 2820 2124 2185 6366 3253 5915 3858 1768 6410 5496 6382 1104 4692 1071 6030 3513 5680 3194 5826 4330 4223 6676 2837 4650 5988 3228 1636 2189 4228 2083 2259 3983 5398 2229 3395 897 4063 5125 4270 6204 3686 446 1422 3267 1562 4750 5310 4842 1039 2930 170 4946 5838 5111 2338 6631 5703 4000 821 4021 2934 2021 2474 5055 5137 5030 7082 1023 5523 5902 1331 4955 2648 2004 4777 3392 4040 3164 4637 3738 1609 2469 2635 5795 1970 4948 6146 
5 3000 2673 2687 7071 2602 0 2951 6023 4410 3600 1514 7378 6602 2895 4530 748 4246 6223 900 4478 1440 969 6448 2955 5713 2682 2119 1980 6443 5508 6806 1253 3968 6069 2279 5899 251 2110 4446 3071 3326 4485 4191 625 4405 5048 6782 1540 5387 3485 5770 2795 2299 6378 4247 2622 4007 3477 1689 5563 2865 3407 3158 1413 2464 4896 4780 6735 4151 6387 5264 3458 3404 3432 4803 3360 326 2662 6361 3168 6387 1647 5893 5084 3613 6320 4540 633 4728 1667 5598 574 2098 3962 2601 360 3358 6412 3746 4023 4939 
6 3000 5279 4789 7832 5312 2951 0 5961 6464 5695 1535 8512 6565 4682 6234 3196 6296 5641 2101 2692 1513 3910 6029 867 4612 4928 1236 4906 6446 7293 7515 2136 1675 7520 1361 4618 2817 1069 2508 3760 5359 6695 4375 3275 6497 6048 7765 3266 7186 6205 7236 202 1300 6128 5022 5173 6589 4275 3886 6186 335 2187 5501 2493 5211 4788 3443 7977 6028 5651 4575 3458 6020 3393 6587 5145 3239 297 7244 1343 5106 4289 5969 3969 5951 7355 6394 3387 4680 2071 6948 2422 1074 4527 4552 2918 4677 6645 5703 3196 3337 
7 3000 5458 4394 2397 5750 6023 5961 0 4413 4362 6192 3473 610 3876 3599 5373 4363 1058 5604 3801 5750 6202 785 6777 2172 4646 6580 6457 485 4084 2094 5050 4763 3467 4814 2499 6189 6376 4055 2958 4221 4856 1836 5571 4510 2150 2705 4533 4073 6097 3368 5805 4861 474 2064 5305 5815 2631 4766 1388 6251 3786 4877 4691 5833 1198 2951 3302 3936 1384 1610 2682 5698 2730 3841 3768 6258 5972 2224 4643 2502 5426 284 2431 4948 2561 3950 5679 1341 4685 3019 6105 6367 2118 4183 5665 3123 832 4074 2788 3323 
8 3000 2041 1752 3790 2308 4410 6464 4413 0 813 5603 3526 4691 1783 821 3711 169 5296 4729 6065 5265 3846 5181 6906 5769 1727 6229 3372 4537 1205 3679 4417 6383 2064 5144 6119 4661 6121 6224 3083 1123 443 3526 3788 97 2290 3255 3253 1087 2078 1826 6262 5203 4887 2610 1987 1547 2753 2768 3115 6573 5191 1329 4000 2471 4051 5657 2863 547 5613 4998 3836 1732 3889 711 1343 4411 6274 3116 5715 6402 2843 4138 5498 980 2854 485 3783 3924 4395 1898 4878 6108 2975 1933 4141 2031 4166 763 4831 6051 
9 3000 1386 941 4187 1683 3600 5695 4362 813 0 4794 4110 4732 1057 1137 2898 646 5134 3920 5491 4463 3072 5089 6111 5431 921 5422 2701 4569 1941 4021 3622 5716 2670 4395 5766 3851 5318 5630 2504 339 1003 3165 2977 822 2392 3715 2457 1819 1754 2394 5494 4453 4833 2370 1292 1480 2278 1955 3202 5791 4554 644 3215 1829 3787 5172 3439 657 5433 4681 3299 1356 3344 1285 729 3610 5495 3470 5014 6097 2059 4106 5082 588 3275 1000 2975 3639 3623 2356 4065 5305 2613 1143 3328 1522 4268 305 4310 5546 
10 3000 4091 3853 7683 4062 1514 1535 6192 5603 4794 0 8178 6801 3900 5554 1971 5434 6132 874 3697 444 2481 6447 1443 5338 3924 636 3493 6658 6592 7387 1280 2908 7002 1511 5439 1335 596 3588 3470 4480 5753 4404 1980 5616 5730 7498 2375 6476 4957 6705 1422 1488 6461 4778 4014 5431 3973 2849 6068 1384 2803 4462 1726 3938 4997 4242 7578 5251 6221 5081 3512 4836 3462 5873 4386 1762 1237 7019 2225 5942 3057 6128 4675 4925 7053 5639 2060 4851 1540 6472 945 584 4365 3680 1593 4132 6743 4875 3691 4275 
11 3000 5492 4812 1143 5782 7378 8512 3473 3526 4110 8178 0 3232 4494 2982 6630 3619 4506 7372 6963 7758 7078 4120 9191 5624 4933 8726 6811 3185 2391 1395 6898 7740 1461 7174 5963 7612 8561 7200 4777 4247 3807 4238 6772 3598 2471 798 5903 2488 5595 1719 8322 7233 3763 3489 5402 4998 4258 5712 2450 8730 6569 4748 6454 5935 4145 6205 671 3452 4812 4964 5095 5258 5163 2851 4060 7481 8422 1339 7362 5970 6073 3249 5763 4490 1157 3134 6818 4159 6684 1795 7708 8550 3989 4812 7043 4063 2682 3848 5733 6614 
12 3000 5900 4855 2101 6198 6602 6565 610 4691 4732 6801 3232 0 4344 3869 5939 4660 1339 6203 4348 6358 6745 906 7385 2594 5099 7190 6953 167 4212 1840 5650 5336 3483 5424 2888 6773 6986 4603 3531 4624 5128 2427 6134 4788 2401 2522 5098 4218 6483 3435 6411 5472 575 2535 5751 6152 3172 5295 1576 6857 4385 5283 5284 6290 1809 3484 3179 4250 1612 2138 3289 6084 3338 4068 4188 6830 6580 2118 5242 2796 5937 712 2944 5311 2484 4212 6239 1949 5290 3114 6699 6978 2663 4664 6243 3600 601 4434 3383 3836 
13 3000 1602 520 4296 1883 2895 4682 3876 1783 1057 3900 4494 4344 0 1661 2150 1617 4488 3035 4466 3533 2625 4527 5150 4592 783 4511 2623 4176 2692 4065 2668 4660 3175 3361 4907 3136 4387 4595 1512 721 2053 2373 2282 1822 2291 3939 1524 2576 2383 2876 4480 3420 4325 1814 1443 2361 1416 1218 2972 4798 3505 1182 2238 1957 3075 4206 3844 1361 4759 3878 2320 2012 2358 1973 486 2987 4497 3568 3959 5281 1670 3657 4175 1494 3476 1743 2324 2909 2616 2706 3276 4375 1862 340 2574 753 3981 1021 3327 4563 
14 3000 2523 1869 3071 2820 4530 6234 3599 821 1137 5554 2982 3869 1661 0 3792 806 4503 4694 5522 5176 4125 4371 6764 5046 1961 6157 3832 3715 1058 2927 4304 5953 1566 4881 5401 4775 6026 5701 2618 1270 1260 2849 3907 919 1468 2581 3181 952 2784 1277 6033 4942 4071 1890 2425 2329 2201 2840 2293 6381 4737 1781 3864 2967 3307 5036 2311 483 4824 4270 3296 2406 3356 368 1178 4590 6075 2368 5348 5657 3111 3322 4825 1599 2148 351 3932 3193 4204 1219 4933 6013 2318 1930 4221 1582 3346 865 4254 5442 
15 3000 2126 1968 6333 2124 748 3196 5373 3711 2898 1971 6630 5939 2150 3792 0 3545 5648 1131 4240 1735 981 5842 3385 5252 1993 2607 1807 5777 4783 6072 1130 3908 5325 2220 5471 985 2545 4250 2415 2609 3818 3556 204 3713 4308 6036 840 4663 3021 5026 3014 2258 5747 3533 2043 3464 2783 955 4843 3186 3139 2507 1030 2017 4281 4414 5987 3425 5835 4737 2902 2872 2887 4074 2618 900 2934 5620 3092 5943 1102 5227 4652 2969 5574 3816 338 4109 1438 4850 1167 2532 3281 1862 431 2617 5720 3025 3594 4626 
16 3000 1911 1584 3836 2185 4246 6296 4363 169 646 5434 3619 4660 1617 806 3545 0 5226 4559 5923 5096 3694 5124 6737 5667 1564 6059 3244 4504 1336 3712 4247 6228 2158 4978 6014 4497 5952 6079 2936 954 528 3416 3623 211 2260 3315 3083 1216 2013 1907 6094 5037 4837 2516 1849 1524 2621 2600 3088 6404 5040 1186 3831 2346 3959 5530 2952 441 5540 4898 3697 1652 3750 774 1183 4251 6105 3149 5555 6306 2687 4091 5382 871 2903 509 3620 3828 4226 1950 4712 5939 2862 1763 3975 1890 4146 598 4697 5920 
17 3000 6091 5007 3401 6366 6223 5641 1058 5296 5134 6132 4506 1339 4488 4503 5648 5226 0 5669 3192 5703 6555 462 6494 1287 5272 6430 6952 1339 5085 3115 5120 4243 4513 4659 1556 6355 6217 3444 3289 4945 5738 2165 5852 5391 3109 3752 4836 5063 6818 4400 5510 4697 765 2764 5931 6612 3110 5192 2411 5955 3469 5585 4825 6426 1426 2318 4359 4788 331 1070 2765 6425 2792 4778 4477 6493 5704 3281 4298 1468 5896 1326 1756 5721 3620 4854 5976 1599 4717 4044 6207 6211 2628 4760 5879 3746 1826 4865 2475 2617 
18 3000 3256 2978 6931 3253 900 2101 5604 4729 3920 874 7372 6203 3035 4694 1131 4559 5669 0 3641 606 1823 5940 2255 5026 3052 1505 2807 6052 5727 6644 554 3075 6162 1402 5180 856 1422 3590 2751 3606 4880 3777 1181 4742 4946 6713 1513 5610 4150 5863 1932 1416 5914 4034 3169 4592 3229 1977 5344 2063 2604 3596 946 3140 4428 4021 6759 4382 5798 4657 2940 4003 2901 5008 3521 1220 1826 6250 2283 5677 2233 5510 4377 4058 6262 4770 1287 4270 954 5642 561 1409 3661 2808 816 3310 6089 4003 3333 4140 
19 3000 5745 4836 6048 5915 4478 2692 3801 6065 5491 3697 6963 4348 4466 5522 4240 5923 3192 3641 0 3366 5211 3632 3555 2004 5075 3754 6000 4269 6484 5723 3229 1086 6360 2256 1948 4490 3542 254 2992 5174 6430 2815 4419 6133 4724 6166 3729 6407 6683 6126 2619 2258 3822 3763 5594 6805 3327 4366 4513 3027 1103 5608 3210 5888 2829 875 6573 5529 3122 2211 2232 6369 2176 5887 4777 4803 2847 5624 1479 2424 5041 3906 1436 5960 5847 5800 4562 2804 2833 5775 4187 3540 3255 4537 4235 4033 4602 5356 1287 650 
20 3000 3857 3525 7247 3858 1440 1513 5750 5265 4463 444 7758 6358 3533 5176 1735 5096 5703 606 3366 0 2397 6012 1665 4938 3618 982 3395 6214 6222 6950 874 2662 6603 1128 5052 1324 856 3277 3033 4141 5438 3960 1786 5284 5304 7071 2016 6108 4755 6306 1355 1116 6022 4344 3766 5189 3539 2543 5629 1458 2419 4171 1320 3746 4555 3862 7164 4892 5799 4657 3068 4603 3019 5503 4018 1737 1229 6588 1921 5555 2837 5684 4276 4632 6628 5277 1889 4408 1099 6065 940 843 3925 3333 1416 3725 6299 4526 3275 3921 
21 3000 1911 2265 6920 1768 969 3910 6202 3846 3072 2481 7078 6745 2625 4125 981 3694 6555 1823 5211 2397 0 6720 3918 6216 2170 3074 1013 6580 5014 6684 2027 4819 5691 3118 6443 1156 3076 5211 3276 2859 3840 4423 792 3823 4906 6558 1722 4892 2609 5400 3749 3148 6600 4259 1904 3191 3573 1466 5531 3833 4112 2526 2004 1611 5160 5395 6415 3691 6757 5678 3839 2590 3830 4345 3022 744 3625 6193 4006 6912 1016 6033 5625 2950 6096 4065 649 4986 2386 5283 1536 3064 4085 2289 1030 3249 6473 3279 4570 5606 
22 3000 6126 5048 2999 6410 6448 6029 785 5181 5089 6447 4120 906 4527 4371 5842 5124 462 5940 3632 6012 6720 0 6874 1750 5307 6773 7056 935 4870 2725 5387 4671 4234 4997 2015 6593 6562 3885 3443 4927 5624 2297 6044 5277 2932 3386 5015 4859 6806 4146 5890 5038 361 2744 5969 6555 3199 5321 2173 6337 3845 5578 5068 6482 1561 2757 4018 4693 706 1460 3006 6410 3041 4621 4466 6705 6078 2941 4686 1892 6008 1070 2197 5677 3293 4722 6162 1734 4995 3800 6468 6555 2695 4818 6097 3775 1442 4808 2840 3069 
23 3000 5511 5178 8566 5496 2955 867 6777 6906 6111 1443 9191 7385 5150 6764 3385 6737 6494 2255 3555 1665 3918 6874 0 5479 5280 856 4931 7261 7819 8253 2489 2517 8127 2030 5485 2764 848 3364 4413 5784 7094 5134 3413 6929 6720 8463 3654 7708 6393 7835 984 1973 6962 5709 5425 6848 4933 4207 6921 540 3029 5835 2911 5375 5593 4310 8630 6511 6511 5426 4209 6258 4147 7103 5629 3189 805 7953 2200 5972 4483 6770 4834 6296 8040 6890 3499 5476 2563 7568 2382 860 5234 4973 3028 5250 7437 6158 4036 4202 
24 3000 6140 5079 4568 6382 5713 4612 2172 5769 5431 5338 5624 2594 4592 5046 5252 5667 1287 5026 2004 4938 6216 1750 5479 0 5347 5539 6784 2562 5807 4262 4507 3087 5398 3827 361 5800 5322 2245 3154 5180 6196 2266 5454 5857 3831 4840 4517 5763 6975 5233 4507 3853 2022 3163 5978 6895 3183 5007 3310 4940 2545 5764 4304 6409 1748 1171 5384 5228 1142 776 2418 6602 2413 5371 4715 6013 4719 4328 3292 703 5731 2375 664 5994 4631 5383 5590 1853 4085 4866 5586 5318 2821 4797 5397 3924 3002 5205 1695 1380 
25 3000 819 268 4880 1104 2682 4928 4646 1727 921 3924 4933 5099 783 1961 1993 1564 5272 3052 5075 3618 2170 5307 5280 5347 0 4558 1941 4931 2855 4676 2809 5144 3527 3685 5655 2934 4467 5180 2218 690 1829 3150 2061 1723 2936 4464 1662 2733 1641 3238 4730 3740 5099 2581 661 1749 2189 1076 3675 4994 4054 576 2435 1191 3857 4894 4265 1521 5542 4646 3018 1298 3048 2175 955 2689 4708 4150 4391 6041 1153 4420 4904 1023 4007 1898 2055 3691 2874 3145 3160 4454 2645 556 2420 1532 4709 1109 4005 5232 
26 3000 4726 4481 8186 4692 2119 1236 6580 6229 5422 636 8726 7190 4511 6157 2607 6059 6430 1505 3754 982 3074 6773 856 5539 4558 0 4086 7054 7202 7884 1856 2836 7583 1776 5600 1917 216 3607 3976 5105 6385 4837 2613 6244 6265 8029 2989 7086 5585 7287 1204 1735 6817 5289 4650 6066 4489 3482 6556 976 2998 5098 2301 4564 5381 4399 8138 5867 6490 5365 3922 5470 3866 6482 4996 2339 973 7539 2285 6100 3691 6537 4876 5561 7591 6253 2688 5246 2044 7043 1544 221 4850 4301 2224 4704 7174 5496 3958 4372 
27 3000 1332 2141 6818 1071 1980 4906 6457 3372 2701 3493 6811 6953 2623 3832 1807 3244 6952 2807 6000 3395 1013 7056 4931 6784 1941 4086 0 6785 4577 6618 2932 5715 5370 4026 7044 2168 4089 6028 3682 2589 3260 4787 1670 3327 4873 6387 2306 4458 1740 5095 4739 4062 6889 4418 1409 2394 3857 1780 5592 4840 4897 2069 2811 903 5528 6078 6140 3358 7188 6173 4366 1831 4371 3977 2895 1749 4625 6089 4899 7487 1060 6255 6237 2401 5935 3690 1540 5354 3241 5046 2549 4077 4362 2293 1993 3354 6604 2968 5213 6333 
28 3000 5733 4687 2066 6030 6443 6446 485 4537 4569 6658 3185 167 4176 3715 5777 4504 1339 6052 4269 6214 6580 935 7261 2562 4931 7054 6785 0 4080 1790 5500 5242 3371 5292 2869 6615 6851 4523 3371 4459 4975 2275 5972 4635 2247 2455 4936 4083 6319 3313 6289 5340 580 2367 5584 5992 3008 5129 1425 6735 4271 5117 5131 6123 1674 3411 3098 4092 1631 2064 3146 5920 3196 3921 4022 6669 6455 2028 5128 2807 5770 550 2879 5149 2389 4060 6076 1809 5143 2986 6545 6843 2499 4496 6084 3432 511 4272 3273 3772 
29 3000 3245 2821 2864 3513 5508 7293 4084 1205 1941 6592 2391 4212 2692 1058 4783 1336 5085 5727 6484 6222 5014 4870 7819 5807 2855 7202 4577 4080 0 2833 5353 6973 971 5939 6168 5757 7074 6676 3648 2184 1422 3726 4883 1258 1991 2274 4217 122 3221 837 7091 5999 4534 2748 3185 2609 3201 3827 2696 7440 5753 2522 4915 3676 4062 5937 1757 1357 5415 5035 4282 2906 4345 719 2206 5539 7133 2294 6390 6366 4001 3800 5669 2184 1960 967 4893 3977 5261 1102 5939 7062 3234 2931 5215 2631 3628 1762 5202 6351 
30 3000 5375 4492 325 5680 6806 7515 2094 3679 4021 7387 1395 1840 4065 2927 6072 3712 3115 6644 5723 6950 6684 2725 8253 4262 4676 7884 6618 1790 2833 0 6127 6576 1921 6224 4593 7020 7701 5968 3916 4047 4065 3144 6241 3770 1778 710 5272 2882 5712 1996 7334 6280 2368 2611 5254 5226 3417 5235 1332 7762 5457 4656 5700 5811 2898 4925 1402 3401 3418 3637 4056 5333 4121 2971 3726 6964 7461 563 6286 4581 5732 1890 4451 4526 873 3205 6313 2945 5851 1797 7051 7691 3034 4405 6453 3460 1289 3721 4549 5324 
31 3000 3146 2693 6419 3194 1253 2136 5050 4417 3622 1280 6898 5650 2668 4304 1130 4247 5120 554 3229 874 2027 5387 2489 4507 2809 1856 2932 5500 5353 6127 0 2794 5729 1095 4675 1300 1721 3206 2219 3295 4609 3226 1265 4439 4453 6221 1165 5238 4080 5432 1944 1130 5360 3516 3037 4452 2709 1753 4818 2185 2154 3376 446 3105 3874 3537 6297 4029 5254 4115 2386 3885 2347 4634 3151 1576 1902 5748 1979 5169 2178 4959 3866 3832 5775 4411 1401 3716 423 5194 1089 1709 3125 2483 1014 2854 5544 3669 2812 3686 
32 3000 5707 4937 6901 5826 3968 1675 4763 6383 5716 2908 7740 5336 4660 5953 3908 6228 4243 3075 1086 2662 4819 4671 2517 3087 5144 2836 5715 5242 6973 6576 2794 0 6984 1701 3033 3924 2634 864 3335 5382 6702 3505 4057 6439 5381 6953 3597 6883 6662 6727 1642 1674 4834 4365 5569 6892 3774 4268 5304 2008 1221 5710 2925 5769 3692 1934 7292 5874 4193 3222 2721 6394 2655 6322 5046 4292 1877 6413 815 3501 4863 4834 2494 6112 6596 6191 4195 3632 2477 6394 3572 2635 3840 4651 3794 4386 5532 5635 2027 1733 
33 3000 4043 3432 1915 4330 6069 7520 3467 2064 2670 7002 1461 3483 3175 1566 5325 2158 4513 6162 6360 6603 5691 4234 8127 5398 3527 7583 5370 3371 971 1921 5729 6984 0 6160 5758 6310 7436 6574 3768 2836 2358 3544 5451 2137 1639 1314 4657 1052 4136 299 7323 6221 3881 2620 3960 3553 3265 4382 2112 7704 5769 3301 5283 4485 3706 5713 801 2018 4844 4651 4263 3797 4330 1396 2710 6143 7394 1422 6488 5888 4677 3189 5367 3030 1058 1681 5483 3659 5571 589 6445 7424 3144 3470 5749 2882 2883 2423 5076 6132 
34 3000 4140 3518 6536 4223 2279 1361 4814 5144 4395 1511 7174 5424 3361 4881 2220 4978 4659 1402 2256 1128 3118 4997 2030 3827 3685 1776 4026 5292 5939 6224 1095 1701 6160 0 3929 2258 1567 2191 2406 4056 5399 3113 2361 5183 4705 6439 2040 5833 5091 5875 1162 60 5042 3687 4016 5400 2924 2702 4891 1556 1293 4262 1293 4148 3617 2735 6628 4691 4731 3598 2189 4860 2129 5236 3812 2605 1248 5926 891 4432 3226 4784 3163 4698 6020 5051 2497 3488 832 5590 1936 1559 3205 3262 2093 3318 5435 4381 2195 2795 
35 3000 6440 5388 4896 6676 5899 4618 2499 6119 5766 5439 5963 2888 4907 5401 5471 6014 1556 5180 1948 5052 6443 2015 5485 361 5655 5600 7044 2869 6168 4593 4675 3033 5758 3929 0 5974 5384 2172 3449 5509 6543 2605 5671 6205 4193 5182 4759 6123 7288 5594 4526 3950 2313 3515 6278 7224 3507 5273 3667 4950 2636 6084 4500 6698 2108 1201 5735 5576 1353 1135 2688 6919 2677 5728 5047 6206 4746 4675 3327 503 5997 2713 819 6324 4982 5736 5809 2209 4252 5227 5741 5380 3161 5102 5593 4253 3323 5545 1880 1299 
36 3000 2917 2936 7289 2837 251 2817 6189 4661 3851 1335 7612 6773 3136 4775 985 4497 6355 856 4490 1324 1156 6593 2764 5800 2934 1917 2168 6615 5757 7020 1300 3924 6310 2258 5974 0 1926 4444 3248 3575 4736 4353 875 4657 5268 7008 1748 5636 3715 6011 2671 2272 6533 4448 2868 4247 3670 1935 5766 2708 3439 3408 1530 2696 5048 4836 6971 4400 6508 5378 3592 3643 3563 5051 3603 427 2524 6582 3138 6467 1894 6066 5163 3864 6547 4789 884 4882 1723 5835 395 1914 4147 2845 570 3580 6598 3995 4106 4975 
37 3000 4670 4379 8006 4650 2110 1069 6376 6121 5318 596 8561 6986 4387 6026 2545 5952 6217 1422 3542 856 3076 6562 848 5322 4467 216 4089 6851 7074 7701 1721 2634 7436 1567 5384 1926 0 3397 3800 4997 6290 4641 2567 6139 6096 7858 2871 6960 5546 7140 1016 1524 6609 5113 4588 6009 4316 3391 6372 844 2782 5016 2162 4528 5177 4183 7978 5747 6276 5151 3724 5416 3668 6355 4872 2353 790 7364 2070 5884 3640 6337 4660 5478 7422 6131 2651 5044 1878 6890 1539 12 4667 4190 2181 4554 6977 5382 3744 4158 
38 3000 5829 4947 6293 5988 4446 2508 4055 6224 5630 3588 7200 4603 4595 5701 4250 6079 3444 3590 254 3277 5211 3885 3364 2245 5180 3607 6028 4523 6676 5968 3206 864 6574 2191 2172 4444 3397 0 3142 5308 6581 3031 4423 6290 4940 6403 3782 6596 6773 6336 2448 2185 4077 3968 5680 6919 3501 4431 4750 2843 1146 5722 3223 5955 3071 1128 6802 5692 3369 2466 2405 6468 2346 6068 4923 4772 2679 5862 1362 2637 5091 4157 1688 6085 6079 5972 4566 3042 2825 5987 4127 3396 3454 4649 4219 4192 4854 5505 1497 874 
39 3000 2992 1955 4214 3228 3071 3760 2958 3083 2504 3470 4777 3531 1512 2618 2415 2936 3289 2751 2992 3033 3276 3443 4413 3154 2218 3976 3682 3371 3648 3916 2219 3335 3768 2406 3449 3248 3800 3142 0 2195 3438 1147 2614 3147 2306 4059 1578 3554 3859 3489 3565 2466 3334 1312 2830 3874 519 1908 2600 3961 2123 2691 1806 3255 1884 2694 4222 2556 3511 2498 807 3505 846 2986 1785 3300 3651 3563 2746 3856 2622 2821 2686 2999 3629 2858 2727 1709 1936 3191 3204 3790 911 1662 2712 1057 3355 2364 1815 3052 
40 3000 1331 640 4235 1636 3326 5359 4221 1123 339 4480 4247 4624 721 1270 2609 954 4945 3606 5174 4141 2859 4927 5784 5180 690 5105 2589 4459 2184 4047 3295 5382 2836 4056 5509 3575 4997 5308 2195 0 1342 2921 2701 1144 2350 3797 2130 2062 1879 2548 5158 4115 4687 2186 1206 1715 2005 1657 3132 5458 4224 658 2883 1763 3571 4877 3578 835 5236 4440 2996 1482 3039 1491 470 3356 5162 3509 4676 5855 1843 3975 4807 816 3345 1218 2709 3417 3288 2464 3773 4985 2376 811 3041 1256 4190 423 4008 5245 
41 3000 1958 1916 4157 2189 4485 6695 4856 443 1003 5753 3807 5128 2053 1260 3818 528 5738 4880 6430 5438 3840 5624 7094 6196 1829 6385 3260 4975 1422 4065 4609 6702 2358 5399 6543 4736 6290 6581 3438 1342 0 3944 3873 347 2728 3603 3445 1319 1800 2149 6494 5457 5329 3042 1939 1194 3141 2903 3552 6785 5526 1329 4210 2358 4484 6052 3159 968 6055 5426 4210 1502 4261 1099 1661 4454 6492 3502 6011 6833 2867 4580 5909 889 3222 915 3851 4355 4624 2270 4982 6278 3391 2142 4242 2402 4597 1075 5213 6440 
42 3000 3964 2882 3464 4228 4191 4375 1836 3526 3165 4404 4238 2427 2373 2849 3556 3416 2165 3777 2815 3960 4423 2297 5134 2266 3150 4837 4787 2275 3726 3144 3226 3505 3544 3113 2605 4353 4641 3031 1147 2921 3944 0 3757 3610 1909 3457 2723 3661 4748 3313 4198 3167 2191 978 3802 4634 962 3032 1826 4631 2333 3523 2857 4279 742 2210 3791 2981 2409 1518 924 4366 986 3197 2453 4433 4334 2920 3146 2934 3731 1733 1977 3731 3091 3169 3872 568 2876 2959 4271 4632 555 2619 3834 1669 2340 2939 1534 2626 
43 3000 2114 2061 6498 2083 625 3275 5571 3788 2977 1980 6772 6134 2282 3907 204 3623 5852 1181 4419 1786 792 6044 3413 5454 2061 2613 1670 5972 4883 6241 1265 4057 5451 2361 5671 875 2567 4423 2614 2701 3873 3757 0 3785 4472 6190 1037 4761 2980 5152 3099 2395 5948 3716 2046 3455 2974 1068 5022 3244 3320 2550 1212 1963 4483 4609 6125 3526 6040 4942 3106 2857 3091 4178 2740 722 3004 5782 3241 6145 1079 5422 4852 3009 5728 3915 143 4311 1601 4987 1117 2554 3474 1980 388 2782 5909 3121 3794 4815 
44 3000 1999 1763 3878 2259 4405 6497 4510 97 822 5616 3598 4788 1822 919 3713 211 5391 4742 6133 5284 3823 5277 6929 5857 1723 6244 3327 4635 1258 3770 4439 6439 2137 5183 6205 4657 6139 6290 3147 1144 347 3610 3785 0 2387 3339 3274 1142 2000 1904 6296 5242 4983 2699 1951 1457 2827 2775 3213 6601 5251 1299 4027 2424 4141 5734 2937 629 5707 5086 3906 1661 3959 800 1394 4399 6304 3207 5765 6491 2825 4235 5580 927 2942 582 3776 4013 4427 1986 4881 6127 3058 1956 4142 2099 4263 807 4904 6126 
45 3000 3677 2735 2026 3983 5048 6048 2150 2290 2392 5730 2471 2401 2291 1468 4308 2260 3109 4946 4724 5304 4906 2932 6720 3831 2936 6265 4873 2247 1991 1778 4453 5381 1639 4705 4193 5268 6096 4940 2306 2350 2728 1909 4472 2387 0 1768 3525 1960 4142 1426 5857 4765 2618 1033 3544 3764 1787 3457 828 6262 4178 2993 4013 4101 2100 4076 1934 1859 3438 3065 2676 3747 2744 1690 1981 5194 5953 1314 4935 4376 3961 1869 3747 2952 1325 1814 4540 2036 4220 1062 5321 6085 1551 2632 4698 1691 1891 2088 3443 4495 
46 3000 5097 4311 609 5398 6782 7765 2705 3255 3715 7498 798 2522 3939 2581 6036 3315 3752 6713 6166 7071 6558 3386 8463 4840 4464 8029 6387 2455 2274 710 6221 6953 1314 6439 5182 7008 7858 6403 4059 3797 3603 3457 6190 3339 1768 0 5275 2342 5328 1460 7577 6497 3026 2753 4991 4790 3542 5147 1654 7992 5791 4359 5782 5540 3346 5406 694 3065 4066 4170 4329 4965 4396 2545 3542 6908 7686 542 6593 5208 5572 2470 4966 4167 463 2807 6248 3362 5984 1368 7078 7847 3237 4271 6437 3430 1945 3429 4941 5816 
47 3000 2114 1530 5542 2229 1540 3266 4533 3253 2457 2375 5903 5098 1524 3181 840 3083 4836 1513 3729 2016 1722 5015 3654 4517 1662 2989 2306 4936 4217 5272 1165 3597 4657 2040 4759 1748 2871 3782 1578 2130 3445 2723 1037 3274 3525 5275 0 4100 3069 4358 3067 2093 4912 2706 1982 3359 1945 671 4022 3341 2637 2237 772 2181 3453 3771 5276 2878 5035 3958 2120 2822 2114 3497 2010 1737 3050 4839 2807 5217 1311 4386 3946 2685 4817 3264 1148 3280 1217 4149 1805 2859 2440 1319 1183 1845 4882 2510 2911 4030 
48 3000 3126 2700 2925 3395 5387 7186 4073 1087 1819 6476 2488 4218 2576 952 4663 1216 5063 5610 6407 6108 4892 4859 7708 5763 2733 7086 4458 4083 122 2882 5238 6883 1052 5833 6123 5636 6960 6596 3554 2062 1319 3661 4761 1142 1960 2342 4100 0 3115 889 6985 5894 4527 2683 3065 2510 3114 3707 2688 7331 5664 2402 4802 3558 4016 5871 1847 1237 5394 4989 4199 2795 4261 604 2090 5418 7024 2336 6293 6330 3879 3788 5612 2067 2011 847 4772 3926 5151 1123 5820 6948 3162 2812 5094 2530 3639 1640 5127 6284 
49 3000 955 1904 5847 897 3485 6205 6097 2078 1754 4957 5595 6483 2383 2784 3021 2013 6818 4150 6683 4755 2609 6806 6393 6975 1641 5585 1740 6319 3221 5712 4080 6662 4136 5091 7288 3715 5546 6773 3859 1879 1800 4748 2980 2000 4142 5328 3069 3115 0 3904 6017 5140 6565 4064 1095 693 3798 2398 4956 6207 5633 1232 3797 1021 5428 6534 4937 2317 7104 6259 4659 398 4689 2783 2342 3337 5950 5152 5877 7664 1919 5847 6544 1194 4915 2522 2897 5268 4259 3963 4053 5534 4219 2198 3365 3086 6022 2056 5644 6865 
50 3000 3773 3138 2037 4063 5770 7236 3368 1826 2394 6705 1719 3435 2876 1277 5026 1907 4400 5863 6126 6306 5400 4146 7835 5233 3238 7287 5095 3313 837 1996 5432 6727 299 5875 5594 6011 7140 6336 3489 2548 2149 3313 5152 1904 1426 1460 4358 889 3904 0 7037 5936 3799 2372 3685 3342 2991 4084 1988 7416 5509 3029 4986 4216 3519 5499 1048 1738 4732 4476 4005 3556 4072 1135 2412 5846 7106 1459 6218 5745 4387 3086 5172 2777 1123 1416 5185 3461 5277 367 6145 7128 2893 3172 5450 2587 2842 2139 4840 5918 
51 3000 5088 4589 7651 5125 2795 202 5805 6262 5494 1422 8322 6411 4480 6033 3014 6094 5510 1932 2619 1355 3749 5890 984 4507 4730 1204 4739 6289 7091 7334 1944 1642 7323 1162 4526 2671 1016 2448 3565 5158 6494 4198 3099 6296 5857 7577 3067 6985 6017 7037 0 1101 5981 4832 4981 6395 4080 3691 6005 447 2045 5303 2294 5027 4626 3341 7783 5826 5529 4441 3278 5828 3214 6385 4943 3089 235 7058 1218 5018 4103 5806 3857 5752 7165 6193 3214 4515 1870 6751 2279 1019 4340 4351 2748 4476 6479 5501 3053 3257 
52 3000 4190 3575 6592 4270 2299 1300 4861 5203 4453 1488 7233 5472 3420 4942 2258 5037 4697 1416 2258 1116 3148 5038 1973 3853 3740 1735 4062 5340 5999 6280 1130 1674 6221 60 3950 2272 1524 2185 2466 4115 5457 3167 2395 5242 4765 6497 2093 5894 5140 5936 1101 0 5085 3746 4066 5453 2983 2753 4947 1497 1314 4317 1342 4194 3665 2754 6687 4751 4765 3634 2242 4911 2182 5297 3872 2624 1189 5983 869 4453 3271 4833 3189 4754 6079 5112 2530 3537 881 5650 1943 1517 3263 3320 2121 3378 5486 4440 2229 2804 
53 3000 5914 4844 2646 6204 6378 6128 474 4887 4833 6461 3763 575 4325 4071 5747 4837 765 5914 3822 6022 6600 361 6962 2022 5099 6817 6889 580 4534 2368 5360 4834 3881 5042 2313 6533 6609 4077 3334 4687 5329 2191 5948 4983 2618 3026 4912 4527 6565 3799 5981 5085 0 2520 5760 6289 3043 5178 1839 6428 3941 5343 5019 6283 1488 2951 3656 4410 1051 1614 2974 6167 3016 4309 4232 6624 6160 2580 4792 2229 5851 749 2402 5420 2933 4422 6061 1651 4980 3457 6429 6601 2532 4627 6023 3571 1082 4546 2931 3289 
54 3000 3395 2330 2904 3686 4247 5022 2064 2610 2370 4778 3489 2535 1814 1890 3533 2516 2764 4034 3763 4344 4259 2744 5709 3163 2581 5289 4418 2367 2748 2611 3516 4365 2620 3687 3515 4448 5113 3968 1312 2186 3042 978 3716 2699 1033 2753 2706 2683 4064 2372 4832 3746 2520 0 3241 3849 806 2794 1319 5242 3154 2834 3089 3769 1443 3188 2967 2074 3063 2389 1649 3669 1716 2228 1722 4434 4935 2251 3902 3791 3410 1842 2941 2956 2333 2221 3805 1313 3248 2031 4453 5102 524 2129 3888 1065 2215 2106 2475 3602 
55 3000 162 924 5440 446 2622 5173 5305 1987 1292 4014 5402 5751 1443 2425 2043 1849 5931 3169 5594 3766 1904 5969 5425 5978 661 4650 1409 5584 3185 5254 3037 5569 3960 4016 6278 2868 4588 5680 2830 1206 1939 3802 2046 1951 3544 4991 1982 3065 1095 3685 4981 4066 5760 3241 0 1423 2840 1314 4306 5198 4539 664 2726 557 4514 5473 4731 1949 6199 5288 3615 848 3640 2569 1576 2548 4929 4715 4787 6675 975 5077 5514 1050 4543 2282 1994 4347 3185 3642 3159 4575 3303 1185 2433 2193 5350 1563 4582 5794 
56 3000 1340 1972 5334 1422 4007 6589 5815 1547 1480 5431 4998 6152 2361 2329 3464 1524 6612 4592 6805 5189 3191 6555 6848 6895 1749 6066 2394 5992 2609 5226 4452 6892 3553 5400 7224 4247 6009 6919 3874 1715 1194 4634 3455 1457 3764 4790 3359 2510 693 3342 6395 5453 6289 3849 1423 0 3720 2707 4591 6620 5799 1197 4121 1580 5267 6568 4353 1904 6913 6152 4681 604 4720 2257 2180 3894 6349 4663 6133 7568 2376 5552 6519 902 4399 2024 3392 5117 4575 3443 4559 5996 4085 2269 3843 2971 5655 1748 5688 6924 
57 3000 3002 1921 3710 3267 3477 4275 2631 2753 2278 3973 4258 3172 1416 2201 2783 2621 3110 3229 3327 3539 3573 3199 4933 3183 2189 4489 3857 3008 3201 3417 2709 3774 3265 2924 3507 3670 4316 3501 519 2005 3141 962 2974 2827 1787 3542 1945 3114 3798 2991 4080 2983 3043 806 2840 3720 0 2135 2115 4479 2552 2581 2284 3320 1684 2911 3704 2211 3366 2461 1096 3421 1155 2569 1550 3682 4170 3050 3228 3868 2810 2460 2804 2822 3110 2473 3073 1513 2445 2684 3657 4305 512 1658 3117 755 2937 2087 2078 3299 
58 3000 1443 1017 5480 1562 1689 3886 4766 2768 1955 2849 5712 5295 1218 2840 955 2600 5192 1977 4366 2543 1466 5321 4207 5007 1076 3482 1780 5129 3827 5235 1753 4268 4382 2702 5273 1935 3391 4431 1908 1657 2903 3032 1068 2775 3457 5147 671 3707 2398 4084 3691 2753 5178 2794 1314 2707 2135 0 4065 3935 3285 1629 1415 1523 3775 4348 5061 2470 5419 4393 2589 2158 2596 3118 1672 1769 3655 4757 3479 5711 724 4586 4473 2089 4684 2860 1106 3600 1872 3923 2116 3379 2648 912 1387 1785 5009 2070 3469 4632 
59 3000 4446 3453 1645 4750 5563 6186 1388 3115 3202 6068 2450 1576 2972 2293 4843 3088 2411 5344 4513 5629 5531 2173 6921 3310 3675 6556 5592 1425 2696 1332 4818 5304 2112 4891 3667 5766 6372 4750 2600 3132 3552 1826 5022 3213 828 1654 4022 2688 4956 1988 6005 4947 1839 1319 4306 4591 2115 4065 0 6431 4156 3785 4398 4858 1706 3769 2096 2686 2743 2588 2729 4559 2794 2495 2729 5743 6129 1112 4973 3777 4632 1104 3355 3770 1348 2636 5106 1710 4529 1634 5771 6362 1706 3310 5205 2283 1067 2899 3287 4182 
60 3000 5296 4871 8077 5310 2865 335 6251 6573 5791 1384 8730 6857 4798 6381 3186 6404 5955 2063 3027 1458 3833 6337 540 4940 4994 976 4840 6735 7440 7762 2185 2008 7704 1556 4950 2708 844 2843 3961 5458 6785 4631 3244 6601 6262 7992 3341 7331 6207 7416 447 1497 6428 5242 5198 6620 4479 3935 6431 0 2492 5561 2576 5201 5070 3772 8183 6154 5971 4887 3709 6042 3646 6728 5270 3135 309 7477 1659 5439 4287 6250 4294 6017 7576 6526 3347 4957 2183 7137 2313 852 4756 4647 2873 4841 6920 5816 3500 3671 
61 3000 4687 3827 5780 4842 3407 2187 3786 5191 4554 2803 6569 4385 3505 4737 3139 5040 3469 2604 1103 2419 4112 3845 3029 2545 4054 2998 4897 4271 5753 5457 2154 1221 5769 1293 2636 3439 2782 1146 2123 4224 5526 2333 3320 5251 4178 5791 2637 5664 5633 5509 2045 1314 3941 3154 4539 5799 2552 3285 4156 2492 0 4604 2109 4808 2634 1442 6100 4674 3504 2399 1505 5335 1438 5106 3865 3730 2234 5254 856 3139 3947 3810 1881 4982 5418 4982 3463 2543 1747 5179 3163 2777 2629 3533 3149 3179 4498 4453 1009 1535 
62 3000 743 776 4827 1039 3158 5501 4877 1329 644 4462 4748 5283 1182 1781 2507 1186 5585 3596 5608 4171 2526 5578 5835 5764 576 5098 2069 5117 2522 4656 3376 5710 3301 4262 6084 3408 5016 5722 2691 658 1329 3523 2550 1299 2993 4359 2237 2402 1232 3029 5303 4317 5343 2834 664 1197 2581 1629 3785 5561 4604 0 3009 1187 4196 5384 4077 1300 5871 5039 3498 843 3534 1907 1112 3125 5277 4108 4963 6449 1539 4633 5357 463 3918 1621 2524 4037 3450 3001 3664 5003 2990 1072 2924 1857 4845 936 4500 5734 
63 3000 2847 2297 5988 2930 1413 2493 4691 4000 3215 1726 6454 5284 2238 3864 1030 3831 4825 946 3210 1320 2004 5068 2911 4304 2435 2301 2811 5131 4915 5700 446 2925 5283 1293 4500 1530 2162 3223 1806 2883 4210 2857 1212 4027 4013 5782 772 4802 3797 4986 2294 1342 5019 3089 2726 4121 2284 1415 4398 2576 2109 3009 0 2859 3532 3409 5852 3599 4979 3852 2064 3572 2033 4197 2718 1709 2282 5312 2115 4983 1942 4585 3682 3458 5333 3979 1355 3369 462 4747 1414 2150 2717 2072 1093 2407 5152 3247 2620 3604 
64 3000 443 1439 5994 170 2464 5211 5833 2471 1829 3938 5935 6290 1957 2967 2017 2346 6426 3140 5888 3746 1611 6482 5375 6409 1191 4564 903 6123 3676 5811 3105 5769 4485 4148 6698 2696 4528 5955 3255 1763 2358 4279 1963 2424 4101 5540 2181 3558 1021 4216 5027 4194 6283 3769 557 1580 3320 1523 4858 5201 4808 1187 2859 0 5003 5837 5263 2486 6686 5742 4015 983 4033 3089 2129 2325 4951 5270 4968 7111 927 5610 5917 1497 5095 2804 1877 4833 3320 4186 3031 4515 3799 1667 2347 2711 5899 2111 4949 6136 
65 3000 4675 3591 3223 4946 4896 4788 1198 4051 3787 4997 4145 1809 3075 3307 4281 3959 1426 4428 2829 4555 5160 1561 5593 1748 3857 5381 5528 1674 4062 2898 3874 3692 3706 3617 2108 5048 5177 3071 1884 3571 4484 742 4483 4141 2100 3346 3453 4016 5428 3519 4626 3665 1488 1443 4514 5267 1684 3775 1706 5070 2634 4196 3532 5003 0 2063 3797 3517 1685 973 1491 5040 1537 3626 3100 5148 4787 2806 3488 2352 4473 1180 1664 4367 3054 3647 4601 174 3499 3152 4941 5169 1212 3338 4543 2343 1863 3536 1669 2476 
66 3000 5632 4637 5247 5838 4780 3443 2951 5657 5172 4242 6205 3484 4206 5036 4414 5530 2318 4021 875 3862 5395 2757 4310 1171 4894 4399 6078 3411 5937 4925 3537 1934 5713 2735 1201 4836 4183 1128 2694 4877 6052 2210 4609 5734 4076 5406 3771 5871 6534 5499 3341 2754 2951 3188 5473 6568 2911 4348 3769 3772 1442 5384 3409 5837 2063 0 5856 5111 2259 1347 1886 6190 1850 5392 4443 5095 3557 4868 2132 1703 5060 3074 562 5688 5116 5341 4750 2071 3116 5138 4583 4179 2719 4340 4492 3659 3764 4996 890 419 
67 3000 4820 4149 1285 5111 6735 7977 3302 2863 3439 7578 671 3179 3844 2311 5987 2952 4359 6759 6573 7164 6415 4018 8630 5384 4265 8138 6140 3098 1757 1402 6297 7292 801 6628 5735 6971 7978 6802 4222 3578 3159 3791 6125 2937 1934 694 5276 1847 4937 1048 7783 6687 3656 2967 4731 4353 3704 5061 2096 8183 6100 4077 5852 5263 3797 5856 0 2781 4680 4680 4605 4596 4673 2182 3402 6831 7874 1078 6868 5797 5407 3048 5451 3823 753 2465 6168 3787 6101 1138 7079 7967 3483 4157 6404 3448 2588 3177 5315 6272 
68 3000 2043 1466 3551 2338 4151 6028 3936 547 657 5251 3452 4250 1361 483 3425 441 4788 4382 5529 4892 3691 4693 6511 5228 1521 5867 3358 4092 1357 3401 4029 5874 2018 4691 5576 4400 5747 5692 2556 835 968 2981 3526 629 1859 3065 2878 1237 2317 1738 5826 4751 4410 2074 1949 1904 2211 2470 2686 6154 4674 1300 3599 2486 3517 5111 2781 0 5101 4458 3298 1933 3352 655 883 4190 5851 2843 5225 5865 2675 3667 4951 1126 2631 390 3540 3387 3970 1702 4582 5734 2429 1577 3857 1500 3750 412 4289 5506 
69 3000 6360 5276 3698 6631 6387 5651 1384 5613 5433 6221 4812 1612 4759 4824 5835 5540 331 5798 3122 5799 6757 706 6511 1142 5542 6490 7188 1631 5415 3418 5254 4193 4844 4731 1353 6508 6276 3369 3511 5236 6055 2409 6040 5707 3438 4066 5035 5394 7104 4732 5529 4765 1051 3063 6199 6913 3366 5419 2743 5971 3504 5871 4979 6686 1685 2259 4680 5101 0 1143 2935 6713 2956 5103 4767 6664 5730 3602 4311 1187 6129 1655 1701 6019 3944 5175 6166 1853 4844 4376 6344 6270 2897 5022 6047 4023 2129 5168 2536 2516 
70 3000 5450 4377 3954 5703 5264 4575 1610 4998 4681 5081 4964 2138 3878 4270 4737 4898 1070 4657 2211 4657 5678 1460 5426 776 4646 5365 6173 2064 5035 3637 4115 3222 4651 3598 1135 5378 5151 2466 2498 4440 5426 1518 4942 5086 3065 4170 3958 4989 6259 4476 4441 3634 1614 2389 5288 6152 2461 4393 2588 4887 2399 5039 3852 5742 973 1347 4680 4458 1143 0 1838 5881 1850 4594 3972 5548 4634 3644 3231 1416 5114 1755 822 5249 3928 4607 5072 1077 3703 4109 5205 5145 2068 4103 4930 3187 2433 4447 1407 1712 
71 3000 3776 2757 4373 4000 3458 3458 2682 3836 3299 3512 5095 3289 2320 3296 2902 3697 2765 2940 2232 3068 3839 3006 4209 2418 3018 3922 4366 3146 4282 4056 2386 2721 4263 2189 2688 3592 3724 2405 807 2996 4210 924 3106 3906 2676 4329 2120 4199 4659 4005 3278 2242 2974 1649 3615 4681 1096 2589 2729 3709 1505 3498 2064 4015 1491 1886 4605 3298 2935 1838 0 4309 67 3663 2573 3730 3411 3800 2267 3121 3313 2619 1902 3804 3938 3569 3235 1340 2007 3674 3462 3715 1125 2461 3114 1808 3253 3141 1011 2248 
72 3000 746 1552 5474 821 3404 6020 5698 1732 1356 4836 5258 6084 2012 2406 2872 1652 6425 4003 6369 4603 2590 6410 6258 6602 1298 5470 1831 5920 2906 5333 3885 6394 3797 4860 6919 3643 5416 6468 3505 1482 1502 4366 2857 1661 3747 4965 2822 2795 398 3556 5828 4911 6167 3669 848 604 3421 2158 4559 6042 5335 843 3572 983 5040 6190 4596 1933 6713 5881 4309 0 4341 2426 1948 3290 5775 4774 5620 7289 1778 5448 6184 807 4545 2157 2791 4881 4031 3597 3958 5404 3833 1850 3245 2700 5625 1660 5302 6530 
73 3000 3801 2789 4439 4021 3432 3393 2730 3889 3344 3462 5163 3338 2358 3356 2887 3750 2792 2901 2176 3019 3830 3041 4147 2413 3048 3866 4371 3196 4345 4121 2347 2655 4330 2129 2677 3563 3668 2346 846 3039 4261 986 3091 3959 2744 4396 2114 4261 4689 4072 3214 2182 3016 1716 3640 4720 1155 2596 2794 3646 1438 3534 2033 4033 1537 1850 4673 3352 2956 1850 67 4341 0 3724 2620 3708 3348 3867 2199 3116 3321 2672 1885 3845 4006 3626 3221 1389 1964 3741 3427 3659 1193 2492 3091 1860 3310 3190 969 2206 
74 3000 2648 2120 3078 2934 4803 6587 3841 711 1285 5873 2851 4068 1973 368 4074 774 4778 5008 5887 5503 4345 4621 7103 5371 2175 6482 3977 3921 719 2971 4634 6322 1396 5236 5728 5051 6355 6068 2986 1491 1099 3197 4178 800 1690 2545 3497 604 2783 1135 6385 5297 4309 2228 2569 2257 2569 3118 2495 6728 5106 1907 4197 3089 3626 5392 2182 655 5103 4594 3663 2426 3724 0 1487 4845 6423 2408 5714 5970 3328 3560 5169 1641 2142 286 4194 3518 4548 1186 5226 6343 2672 2216 4505 1947 3521 1067 4617 5799 
75 3000 1719 770 3936 2021 3360 5145 3768 1343 729 4386 4060 4188 486 1178 2618 1183 4477 3521 4777 4018 3022 4466 5629 4715 955 4996 2895 4022 2206 3726 3151 5046 2710 3812 5047 3603 4872 4923 1785 470 1661 2453 2740 1394 1981 3542 2010 2090 2342 2412 4943 3872 4232 1722 1576 2180 1550 1672 2729 5270 3865 1112 2718 2129 3100 4443 3402 883 4767 3972 2573 1948 2620 1487 0 3435 4967 3206 4372 5388 2030 3528 4355 1278 3082 1260 2773 2946 3086 2265 3755 4859 1906 760 3045 795 3774 588 3584 4819 
76 3000 2581 2726 7221 2474 326 3239 6258 4411 3610 1762 7481 6830 2987 4590 900 4251 6493 1220 4803 1737 744 6705 3189 6013 2689 2339 1749 6669 5539 6964 1576 4292 6143 2605 6206 427 2353 4772 3300 3356 4454 4433 722 4399 5194 6908 1737 5418 3337 5846 3089 2624 6624 4434 2548 3894 3682 1769 5743 3135 3730 3125 1709 2325 5148 5095 6831 4190 6664 5548 3730 3290 3708 4845 3435 0 2947 6504 3494 6692 1587 6119 5389 3571 6446 4575 663 4978 1986 5692 822 2341 4177 2675 618 3504 6619 3780 4327 5259 
77 3000 5031 4579 7775 5055 2662 297 5972 6274 5495 1237 8422 6580 4497 6075 2934 6105 5704 1826 2847 1229 3625 6078 805 4719 4708 973 4625 6455 7133 7461 1902 1877 7394 1248 4746 2524 790 2679 3651 5162 6492 4334 3004 6304 5953 7686 3050 7024 5950 7106 235 1189 6160 4935 4929 6349 4170 3655 6129 309 2234 5277 2282 4951 4787 3557 7874 5851 5730 4634 3411 5775 3348 6423 4967 2947 0 7172 1426 5240 4032 5965 4066 5731 7268 6222 3113 4671 1881 6827 2129 794 4451 4352 2642 4532 6632 5515 3238 3483 
78 3000 4832 3976 730 5137 6361 7244 2224 3116 3470 7019 1339 2118 3568 2368 5620 3149 3281 6250 5624 6588 6193 2941 7953 4328 4150 7539 6089 2028 2294 563 5748 6413 1422 5926 4675 6582 7364 5862 3563 3509 3502 2920 5782 3207 1314 542 4839 2336 5152 1459 7058 5983 2580 2251 4715 4663 3050 4757 1112 7477 5254 4108 5312 5270 2806 4868 1078 2843 3602 3644 3800 4774 3867 2408 3206 6504 7172 0 6060 4723 5226 1974 4434 3967 371 2642 5847 2820 5496 1238 6633 7353 2720 3906 6012 3003 1520 3172 4399 5279 
79 3000 4921 4196 6608 5030 3168 1343 4643 5715 5014 2225 7362 5242 3959 5348 3092 5555 4298 2283 1479 1921 4006 4686 2200 3292 4391 2285 4899 5128 6390 6286 1979 815 6488 891 3327 3138 2070 1362 2746 4676 6011 3146 3241 5765 4935 6593 2807 6293 5877 6218 1218 869 4792 3902 4787 6133 3228 3479 4973 1659 856 4963 2115 4968 3488 2132 6868 5225 4311 3231 2267 5620 2199 5714 4372 3494 1426 6060 0 3824 4057 4665 2640 5378 6206 5561 3379 3392 1664 5903 2799 2067 3384 3919 2983 3766 5351 4957 1862 2087 
