FILE: 811EuclS.txt
100 100 0 
1 3000 0 1251 4727 4012 1167 907 3507 4223 2548 1318 3839 1886 5182 3579 1873 5754 1341 520 1237 5514 3786 2691 5413 3919 5821 3461 2096 2885 3203 2070 3740 4979 1678 3794 2211 2180 2505 3551 788 5858 3775 3761 4528 3599 1702 4465 2552 3868 2086 3185 1101 4643 827 3902 4509 2893 2127 2086 2484 2235 3003 6124 1454 1133 3484 1832 4666 5499 2507 2316 3496 3844 1598 2051 1203 2460 2917 2202 4073 4607 3113 2273 1258 2371 1030 3237 3068 656 714 6077 5859 4171 5262 3376 1311 3690 1458 2934 4906 2272 
2 3000 1251 0 5559 5022 914 2155 4560 5007 3422 2520 5081 3117 6361 4731 2712 6498 2076 1516 1695 6764 4986 3913 6662 4883 6817 4562 2788 2519 3554 3220 4985 6229 652 4896 3374 2523 2812 4241 1986 6712 4685 4292 5654 4831 2233 5702 3543 4980 3327 3353 2099 5821 1069 4754 5361 4144 2943 2916 3230 3289 4254 7375 2611 1819 3923 2815 5498 6427 2360 1648 4253 4573 2058 3303 2342 2447 3012 2662 4982 5830 4312 1982 1080 3564 2235 3419 3736 646 862 7311 7108 4822 6442 4614 152 4936 450 3413 6151 3273 
3 3000 4727 5559 0 1191 5881 4355 1656 584 2179 4599 3429 4359 2759 2241 2877 1109 3495 5029 3867 4960 2701 4512 4315 1036 1608 5703 6140 4407 2551 4927 3518 4213 5449 5868 4888 6603 3061 1408 4037 1153 6695 7609 6131 3159 3344 3420 2229 1871 3539 3046 5167 5765 5552 825 235 3873 5946 2665 6289 2603 3778 5026 4807 3752 2154 5437 61 1013 3989 4999 1321 7261 6067 3865 4848 3734 3326 6509 743 5202 2767 4324 5984 4732 4607 2992 1882 4991 5428 5860 4578 1079 2819 3286 5695 3525 5386 7042 4831 2500 
4 3000 4012 5022 1191 0 5178 3473 547 1192 1655 3629 2248 3301 1927 1049 2335 2257 2968 4222 3412 3883 1521 3364 3289 286 1809 4533 5150 4439 2753 3853 2331 3123 5047 4687 3796 5679 2996 1601 3252 2035 5545 6537 4939 1969 2966 2306 1480 691 2485 3250 4252 4577 4811 856 984 2704 4928 2153 5252 1777 2602 4045 3817 3219 2468 4420 1158 1546 3942 4819 1362 6143 5178 2795 3900 3680 3429 5557 564 4025 1595 4194 5257 3618 3688 3216 1838 4401 4727 4775 3608 1746 2005 2094 5142 2337 4939 6029 3690 1755 
5 3000 1167 914 5881 5178 0 1874 4669 5365 3701 2075 4830 2697 6277 4705 3010 6891 2427 1071 2180 6357 4866 3437 6348 5086 6986 3888 1939 3378 4166 2648 4716 5900 1566 4217 2812 1611 3429 4663 1935 7018 3877 3384 4988 4626 2713 5472 3719 5012 3118 4046 1488 5221 410 5057 5666 3804 2137 3224 2385 3400 3932 7013 2089 2185 4494 2113 5820 6666 3151 2550 4628 3698 1180 3005 1828 3192 3729 1760 5236 5316 4202 2807 169 3038 1827 4107 4167 1017 453 6817 6791 5274 6354 4387 818 4665 1361 2504 5717 3439 
6 3000 907 2155 4355 3473 1874 0 2935 3919 2269 508 2971 990 4409 2868 1746 5438 1491 809 1668 4608 2996 1797 4525 3436 5255 2677 1866 3501 3348 1279 2864 4086 2571 3002 1394 2249 2757 3376 510 5436 3168 3497 3704 2755 1927 3608 2127 3205 1244 3464 818 3775 1466 3543 4125 1992 1759 1928 2135 1752 2107 5225 722 1422 3534 1310 4297 5010 3043 3093 3259 3401 1715 1157 583 2927 3269 2170 3645 3708 2337 2906 1903 1513 301 3502 2951 1559 1480 5171 4971 3996 4485 2520 2204 2814 2357 2782 3998 1863 
7 3000 3507 4560 1656 547 4669 2935 0 1494 1308 3082 1924 2758 2056 697 1926 2754 2541 3694 3000 3706 1235 2857 3181 619 2325 4048 4603 4198 2653 3313 1981 2946 4629 4220 3261 5132 2761 1629 2736 2577 5040 5999 4522 1607 2598 2126 1035 556 1940 3124 3708 4199 4295 1077 1428 2219 4381 1768 4707 1278 2129 3965 3269 2783 2441 3873 1612 2094 3681 4485 1373 5620 4635 2253 3353 3424 3251 5009 930 3687 1119 3891 4742 3091 3144 3101 1712 3929 4221 4578 3545 1953 2140 1682 4674 1977 4506 5482 3429 1290 
8 3000 4223 5007 584 1192 5365 3919 1494 0 1680 4205 3397 4027 3025 2167 2355 1532 2957 4554 3311 5075 2681 4273 4474 934 2151 5491 5743 3829 1979 4602 3465 4315 4877 5683 4579 6167 2476 823 3565 1722 6441 7263 6014 3093 2781 3498 1804 1868 3221 2480 4737 5693 5050 431 471 3677 5568 2141 5922 2188 3601 5221 4423 3211 1595 5063 527 1584 3405 4414 753 6962 5618 3551 4439 3150 2749 6087 627 5171 2602 3739 5475 4447 4185 2428 1302 4452 4915 5967 4779 599 3096 3177 5145 3465 4820 6654 4871 2057 
9 3000 2548 3422 2179 1655 3701 2269 1308 1680 0 2608 2811 2557 3354 1803 710 3212 1346 2874 1768 4719 2289 3009 4298 1476 3408 4232 4123 2908 1582 3123 2808 3987 3401 4482 3136 4505 1492 1121 1888 3319 5060 5703 4968 2466 1312 3210 420 1845 1838 1974 3086 4778 3375 1356 1965 2582 3977 509 4344 683 2565 5091 2838 1603 1542 3484 2118 3004 2383 3182 990 5485 3948 2152 2816 2129 2025 4438 1560 4396 1802 2583 3805 3063 2549 1968 785 2829 3248 5533 4700 1731 3439 2407 3552 2783 3303 5040 4315 487 
10 3000 1318 2520 4599 3629 2075 508 3082 4205 2608 0 2787 622 4342 2899 2166 5699 1981 1032 2177 4290 2933 1395 4275 3631 5365 2178 1541 4008 3802 776 2666 3825 2995 2506 902 2055 3239 3729 1009 5639 2667 3096 3222 2621 2417 3433 2401 3272 1201 3945 682 3325 1670 3808 4365 1735 1369 2329 1735 2016 1868 4938 235 1927 3963 877 4544 5176 3551 3580 3588 2939 1598 987 290 3433 3763 1927 3870 3310 2315 3412 2063 1053 288 3981 3335 1972 1750 4796 4717 4339 4413 2370 2546 2614 2773 2448 3659 2161 
11 3000 3839 5081 3429 2248 4830 2971 1924 3397 2811 2787 0 2195 1720 1231 3093 4434 3505 3758 3952 1914 728 1720 1606 2469 3328 2587 3967 5582 4376 2527 144 1217 5382 2646 2393 4655 4258 3514 3104 4041 3667 4949 2746 345 3772 646 2393 1559 1754 4785 3457 2340 4420 2994 3231 1086 3669 3051 3886 2291 939 2372 2851 3665 4252 3234 3400 3446 5045 5586 3262 4389 4318 1824 3067 4817 4817 4459 2789 1778 1011 5130 4837 2137 3007 4779 3475 4446 4451 2725 2048 3877 1773 475 5150 191 5197 4685 1524 2461 
12 3000 1886 3117 4359 3301 2697 990 2758 4027 2557 622 2195 0 3803 2460 2272 5468 2259 1650 2549 3670 2415 806 3656 3348 4964 1799 1890 4393 3930 575 2068 3205 3559 2103 581 2514 3455 3662 1386 5335 2510 3250 2759 2058 2678 2840 2264 2858 820 4145 1266 2792 2292 3609 4124 1124 1638 2392 1950 1894 1262 4316 655 2270 4028 1139 4307 4835 3904 4062 3487 2944 2129 507 882 3753 4010 2346 3617 2721 1848 3819 2682 574 889 4171 3330 2543 2368 4193 4097 4244 3871 1802 3152 2016 3343 2735 3042 2074 
13 3000 5182 6361 2759 1927 6277 4409 2056 3025 3354 4342 1720 3803 0 1643 3909 3469 4478 5218 4947 2375 1414 3431 1664 2212 1923 4270 5647 6255 4662 4206 1865 1729 6534 4285 4084 6311 4818 3528 4397 2883 5351 6669 4224 1753 4606 1211 3026 1508 3173 5150 5024 3716 5873 2767 2654 2762 5358 3780 5593 3145 2614 2294 4448 4697 4394 4901 2761 2290 5736 6502 3287 6094 5926 3355 4631 5479 5299 6129 2436 3060 2075 5932 6312 3835 4515 5121 3729 5714 5859 3254 1847 3618 84 2011 6455 1910 6384 6395 2477 3232 
14 3000 3579 4731 2241 1049 4705 2868 697 2167 1803 2899 1231 2460 1643 0 2286 3296 2838 3670 3307 3020 539 2380 2525 1245 2508 3511 4349 4703 3282 2969 1298 2263 4891 3650 2888 4944 3295 2317 2790 3001 4544 5623 3890 928 2989 1450 1428 417 1698 3731 3567 3536 4309 1762 2029 1695 4096 2176 4391 1505 1580 3316 3050 3054 3104 3599 2206 2446 4173 4881 2062 5177 4495 1959 3186 3924 3820 4793 1566 3004 619 4335 4755 2682 3022 3714 2348 4085 4274 3885 2910 2648 1727 1046 4830 1299 4742 5187 2731 1605 
15 3000 1873 2712 2877 2335 3010 1746 1926 2355 710 2166 3093 2272 3909 2286 0 3883 637 2244 1078 5001 2701 2879 4663 2176 4111 4049 3610 2488 1659 2798 3059 4307 2712 4332 2846 3919 1239 1686 1294 4022 4765 5242 4902 2761 703 3585 894 2421 1722 1893 2539 4793 2699 2058 2668 2608 3503 213 3878 811 2631 5449 2402 894 1796 3036 2816 3715 1952 2595 1623 5103 3348 1978 2325 1726 1814 3876 2270 4498 2103 2061 3121 2830 2045 1912 1222 2119 2559 5760 5087 2309 3994 2641 2841 3023 2604 4523 4526 681 
16 3000 5754 6498 1109 2257 6891 5438 2754 1532 3212 5699 4434 5468 3469 3296 3883 0 4473 6085 4804 5802 3714 5611 5115 2138 1763 6790 7240 5035 3193 6037 4536 5084 6319 6943 5997 7687 3831 2257 5095 721 7794 8718 7168 4192 4264 4334 3312 2901 4649 3635 6253 6774 6581 1894 1344 4960 7051 3669 7396 3692 4859 5761 5910 4725 2770 6542 1161 1202 4691 5748 2263 8369 7143 4974 5943 4454 3965 7600 1852 6185 3851 5066 7004 5839 5697 3571 2762 5963 6442 6697 5315 1702 3512 4340 6640 4549 6282 8144 5755 3575 
17 3000 1341 2076 3495 2968 2427 1491 2541 2957 1346 1981 3505 2259 4478 2838 637 4473 0 1784 469 5378 3203 2977 5104 2814 4748 4056 3273 2174 1901 2708 3450 4722 2087 4363 2791 3485 1267 2236 982 4645 4648 4940 5000 3192 435 4047 1506 3014 1922 1974 2193 4962 2148 2682 3291 2852 3217 839 3594 1332 2906 5878 2208 257 2151 2796 3433 4350 1661 2084 2210 4890 2903 2099 2066 1495 1781 3474 2905 4745 2563 1651 2549 2834 1788 2014 1741 1496 1985 6088 5539 2848 4562 3035 2207 3409 1970 4167 4857 1259 
18 3000 520 1516 5029 4222 1071 809 3694 4554 2874 1032 3758 1650 5218 3670 2244 6085 1784 0 1742 5321 3805 2423 5286 4160 6020 3056 1575 3401 3677 1704 3646 4840 2054 3391 1858 1701 2996 3930 992 6139 3290 3242 4143 3555 2176 4400 2811 3996 2051 3685 615 4305 661 4206 4804 2741 1613 2451 1965 2459 2866 5963 1097 1605 3935 1355 4970 5743 3027 2794 3850 3328 1119 1934 827 2979 3427 1700 4344 4332 3146 2789 1093 2055 765 3735 3463 1055 717 5823 5730 4554 5294 3315 1527 3594 1824 2421 4691 2534 
19 3000 1237 1695 3867 3412 2180 1668 3000 3311 1768 2177 3952 2549 4947 3307 1078 4804 469 1742 0 5810 3670 3309 5556 3244 5176 4323 3303 1844 1996 2940 3892 5166 1635 4641 3041 3415 1276 2548 1178 5021 4828 4976 5309 3645 544 4505 1965 3480 2320 1948 2248 5308 1965 3070 3674 3249 3292 1261 3662 1802 3314 6325 2387 295 2313 2919 3806 4756 1374 1634 2558 4998 2834 2460 2202 1269 1684 3438 3314 5128 3025 1272 2321 3118 1941 2000 2043 1183 1767 6500 5992 3138 5032 3480 1836 3849 1535 4164 5274 1725 
20 3000 5514 6764 4960 3883 6357 4608 3706 5075 4719 4290 1914 3670 2375 3020 5001 5802 5378 5321 5810 0 2482 2925 722 4149 4294 3028 5049 7487 6271 3759 1942 762 7142 2863 3596 5783 6173 5335 4852 5250 3967 5492 2425 2256 5670 1585 4303 3222 3515 6692 4883 1854 5957 4716 4804 2626 4730 4965 4814 4204 2530 732 4270 5517 6119 4429 4948 4650 6951 7443 5080 4774 5599 3471 4529 6727 6731 5551 4448 1287 2925 7020 6328 3346 4558 6683 5353 6157 6038 900 816 5616 2354 2359 6810 1978 6941 5529 661 4376 
21 3000 3786 4986 2701 1521 4866 2996 1235 2681 2289 2933 728 2415 1414 539 2701 3714 3203 3805 3670 2482 0 2160 2010 1749 2707 3192 4288 5161 3803 2861 822 1727 5204 3292 2754 4929 3777 2857 3007 3346 4255 5438 3456 493 3402 924 1892 831 1759 4242 3615 3066 4461 2287 2503 1460 4012 2616 4275 1893 1321 2803 3050 3400 3638 3536 2672 2761 4627 5277 2602 4935 4525 1949 3224 4384 4314 4757 2067 2504 674 4762 4899 2522 3102 4228 2876 4340 4453 3346 2411 3179 1489 705 5074 836 5040 5079 2197 2026 
22 3000 2691 3913 4512 3364 3437 1797 2857 4273 3009 1395 1720 806 3431 2380 2879 5611 2977 2423 3309 2925 2160 0 2997 3476 4851 1231 2267 5141 4502 855 1577 2541 4365 1473 702 2975 4107 4050 2171 5375 2183 3277 2029 1705 3376 2331 2648 2798 1178 4773 1958 2001 3042 3843 4282 700 1960 2959 2166 2326 839 3602 1348 3021 4541 1561 4467 4827 4638 4855 3843 2797 2707 901 1611 4470 4675 2767 3777 1917 1776 4582 3404 439 1678 4791 3794 3347 3140 3400 3425 4584 3488 1460 3942 1529 4149 2965 2280 2525 
23 3000 5413 6662 4315 3289 6348 4525 3181 4474 4298 4275 1606 3656 1664 2525 4663 5115 5104 5286 5556 722 2010 2997 0 3565 3577 3372 5230 7146 5807 3853 1684 456 6983 3267 3697 5955 5781 4804 4698 4546 4387 5868 2958 1912 5354 1088 3895 2661 3343 6251 4914 2393 5940 4138 4173 2544 4913 4600 5049 3852 2420 793 4295 5270 5620 4554 4307 3950 6609 7188 4549 5186 5704 3367 4537 6373 6323 5734 3850 1751 2560 6716 6338 3436 4522 6237 4873 6034 5993 1589 446 5034 1638 2082 6723 1731 6795 5805 1059 4006 
24 3000 3919 4883 1036 286 5086 3436 619 934 1476 3631 2469 3348 2212 1245 2176 2138 2814 4160 3244 4149 1749 3476 3565 0 1934 4668 5165 4192 2479 3910 2542 3388 4877 4837 3864 5666 2753 1317 3177 2007 5658 6596 5123 2173 2777 2568 1366 934 2527 2979 4231 4781 4729 573 809 2838 4956 1983 5290 1701 2746 4326 3829 3069 2186 4447 993 1583 3703 4605 1081 6231 5150 2847 3893 3441 3169 5555 321 4246 1735 3969 5173 3702 3667 2943 1576 4274 4633 5039 3890 1469 2290 2276 5008 2544 4778 6056 3936 1647 
25 3000 5821 6817 1608 1809 6986 5255 2325 2151 3408 5365 3328 4964 1923 2508 4111 1763 4748 6020 5176 4294 2707 4851 3577 1934 0 5893 6849 5962 4128 5478 3459 3647 6806 5972 5394 7420 4566 2942 5058 1065 6962 8120 6033 3194 4697 3018 3284 2105 4178 4631 6011 5562 6617 2187 1681 4152 6602 3916 6900 3586 4020 4136 5533 5004 3746 6102 1651 632 5514 6477 2790 7640 6942 4459 5645 5253 4890 7282 1884 4921 3127 5819 7064 5181 5452 4580 3358 6203 6536 5163 3702 2687 1940 3412 6941 3489 6711 7695 4382 3561 
26 3000 3461 4562 5703 4533 3888 2677 4048 5491 4232 2178 2587 1799 4270 3511 4049 6790 4056 3056 4323 3028 3192 1231 3372 4668 5893 0 2178 6167 5695 1402 2447 2949 5108 334 1284 2894 5251 5282 3145 6508 1082 2496 1100 2700 4477 3069 3878 3923 2393 5935 2462 1406 3548 5060 5477 1830 1875 4149 1855 3548 1932 3761 2009 4054 5755 1774 5661 5939 5690 5755 5074 1841 2868 2089 2259 5548 5809 2649 4976 1753 2939 5580 3804 1226 2452 5959 5018 4094 3713 3172 3730 5814 4310 2497 4552 2412 4880 2513 2388 3746 
27 3000 2096 2788 6140 5150 1939 1866 4603 5743 4123 1541 3967 1890 5647 4349 3610 7240 3273 1575 3303 5049 4288 2267 5230 5165 6849 2178 0 4966 5171 1442 3828 4776 3423 2477 1574 733 4527 5238 2328 7171 1949 1673 3239 3893 3693 4593 3938 4743 2675 5227 1081 3583 1723 5349 5906 2889 319 3794 446 3555 3038 5765 1336 3133 5386 752 6085 6695 4603 4296 5111 1793 770 2390 1308 4552 4986 504 5409 3845 3738 4356 1810 1834 1575 5273 4818 2541 1950 5321 5643 5855 5710 3636 2727 3778 3196 916 4388 3692 
28 3000 2885 2519 4407 4439 3378 3501 4198 3829 2908 4008 5582 4393 6255 4703 2488 5035 2174 3401 1844 7487 5161 5141 7146 4192 5962 6167 4966 0 1864 4778 5545 6795 1956 6485 4884 4909 1443 3020 3021 5480 6631 6607 7151 5249 1824 6062 3276 4747 4093 1400 3981 7133 3357 3789 4288 5019 5013 2546 5367 3295 5065 7934 4209 2123 2280 4695 4353 5413 536 960 3180 6729 4364 4272 4003 779 1083 4992 4120 6916 4588 611 3547 4963 3758 1465 2626 2460 3118 8232 7564 3386 6339 5127 2659 5509 2087 5749 6998 3140 
29 3000 3203 3554 2551 2753 4166 3348 2653 1979 1582 3802 4376 3930 4662 3282 1659 3193 1901 3677 1996 6271 3803 4502 5807 2479 4128 5695 5171 1864 0 4456 4382 5526 3240 5969 4505 5376 743 1201 2853 3616 6424 6832 6504 4031 1502 4727 2000 3206 3326 506 4089 6343 3960 2000 2447 4141 5101 1546 5478 2219 4135 6598 4037 2073 423 4656 2498 3562 1498 2563 1404 6741 4793 3609 3931 1268 781 5373 2345 5976 3374 1882 4312 4483 3649 464 941 3152 3762 7101 6188 1523 4743 3986 3705 4358 3250 6068 5890 2018 
30 3000 2070 3220 4927 3853 2648 1279 3313 4602 3123 776 2527 575 4206 2969 2798 6037 2708 1704 2940 3759 2861 855 3853 3910 5478 1402 1442 4778 4456 0 2388 3396 3735 1731 164 2131 3943 4233 1762 5888 1967 2686 2457 2453 3139 3157 2839 3377 1388 4643 1161 2601 2269 4183 4692 1447 1153 2932 1423 2466 1595 4447 617 2679 4574 710 4876 5377 4313 4354 4060 2369 1852 1063 880 4183 4484 1932 4184 2668 2350 4186 2598 417 1051 4673 3891 2714 2399 4170 4280 4818 4269 2197 3229 2338 3509 2222 3105 2643 
31 3000 3740 4985 3518 2331 4716 2864 1981 3465 2808 2666 144 2068 1865 1298 3059 4536 3450 3646 3892 1942 822 1577 1684 2542 3459 2447 3828 5545 4382 2388 0 1275 5299 2513 2253 4518 4239 3550 3015 4156 3527 4805 2635 374 3730 774 2389 1647 1661 4781 3332 2247 4306 3057 3315 952 3528 3026 3743 2264 807 2435 2723 3602 4271 3096 3487 3564 5009 5526 3301 4246 4186 1712 2943 4785 4802 4321 2864 1706 1008 5083 4720 1996 2891 4777 3491 4354 4343 2726 2129 3932 1918 417 5051 51 5111 4541 1508 2440 
32 3000 4979 6229 4213 3123 5900 4086 2946 4315 3987 3825 1217 3205 1729 2263 4307 5084 4722 4840 5166 762 1727 2541 456 3388 3647 2949 4776 6795 5526 3396 1275 0 6565 2865 3240 5499 5456 4575 4275 4560 3983 5445 2621 1546 4990 822 3576 2460 2921 5956 4460 2072 5492 3953 4052 2099 4459 4258 4600 3501 1979 1160 3841 4877 5365 4098 4199 3955 6259 6800 4319 4777 5247 2929 4085 6028 6008 5280 3688 1412 2210 6348 5888 2979 4075 5945 4603 5605 5550 1653 891 4853 1726 1686 6288 1319 6373 5361 761 3665 
33 3000 1678 652 5449 5047 1566 2571 4629 4877 3401 2995 5382 3559 6534 4891 2712 6319 2087 2054 1635 7142 5204 4365 6983 4877 6806 5108 3423 1956 3240 3735 5299 6565 0 5443 3881 3176 2519 4076 2291 6599 5296 4945 6189 5106 2114 5980 3594 5094 3643 2964 2662 6320 1699 4673 5267 4516 3562 2895 3862 3398 4613 7721 3118 1848 3638 3394 5388 6368 1893 1031 4127 5213 2705 3672 2856 2033 2607 3313 4934 6279 4537 1486 1731 4049 2707 3032 3578 1023 1476 7738 7428 4620 6618 4908 759 5252 230 4065 6550 3344 
34 3000 3794 4896 5868 4687 4217 3002 4220 5683 4482 2506 2646 2103 4285 3650 4332 6943 4363 3391 4641 2863 3292 1473 3267 4837 5972 334 2477 6485 5969 1731 2513 2865 5443 0 1607 3181 5544 5511 3464 6631 1119 2628 773 2798 4780 3074 4116 4055 2650 6222 2796 1138 3881 5252 5645 2006 2180 4423 2129 3799 2090 3594 2341 4368 6014 2104 5828 6052 6004 6085 5298 1921 3183 2359 2592 5857 6105 2934 5150 1575 3102 5901 4130 1529 2782 6244 5267 4428 4047 2928 3600 6029 4320 2614 4886 2483 5214 2740 2245 3998 
35 3000 2211 3374 4888 3796 2812 1394 3261 4579 3136 902 2393 581 4084 2888 2846 5997 2791 1858 3041 3596 2754 702 3697 3864 5394 1284 1574 4884 4505 164 2253 3240 3881 1607 0 2275 4012 4238 1863 5830 1928 2743 2320 2335 3218 3018 2836 3299 1358 4708 1323 2447 2431 4157 4653 1322 1276 2971 1520 2470 1470 4286 764 2775 4608 859 4838 5310 4411 4481 4058 2382 2011 1028 1031 4275 4559 2070 4145 2504 2268 4296 2762 262 1185 4736 3911 2859 2558 4006 4123 4815 4145 2080 3385 2203 3656 2324 2941 2652 
36 3000 2180 2523 6603 5679 1611 2249 5132 6167 4505 2055 4655 2514 6311 4944 3919 7687 3485 1701 3415 5783 4929 2975 5955 5666 7420 2894 733 4909 5376 2131 4518 5499 3176 3181 2275 0 4685 5594 2629 7672 2526 1775 3933 4558 3873 5288 4376 5325 3248 5364 1436 4301 1551 5793 6372 3570 1053 4120 1059 4000 3718 6497 1894 3302 5636 1421 6546 7225 4610 4137 5494 2168 583 2993 1779 4601 5087 247 5888 4577 4347 4312 1451 2538 1999 5416 5142 2450 1791 6050 6371 6217 6377 4301 2429 4467 2966 897 5122 4112 
37 3000 2505 2812 3061 2996 3429 2757 2761 2476 1492 3239 4258 3455 4818 3295 1239 3831 1267 2996 1276 6173 3777 4107 5781 2753 4566 5251 4527 1443 743 3943 4239 5456 2519 5544 4012 4685 0 1652 2249 4182 5899 6198 6134 3917 836 4693 1886 3314 2960 707 3450 6032 3238 2379 2916 3845 4482 1219 4858 1979 3864 6574 3469 1395 1120 4063 3003 4046 952 1939 1776 6157 4102 3206 3333 690 574 4697 2699 5731 3249 1263 3578 4026 3054 748 1208 2413 3033 6960 6188 2129 4902 3826 2963 4208 2517 5409 5730 1799 
38 3000 3551 4241 1408 1601 4663 3376 1629 823 1121 3729 3514 3662 3528 2317 1686 2257 2236 3930 2548 5335 2857 4050 4804 1317 2942 5282 5238 3020 1201 4233 3550 4575 4076 5511 4238 5594 1652 0 2964 2537 6153 6825 5937 3179 2007 3755 1409 2146 2908 1708 4189 5686 4373 802 1270 3543 5097 1478 5464 1768 3497 5583 3959 2482 871 4605 1351 2399 2585 3590 255 6599 5027 3233 3932 2328 1949 5538 1149 5232 2578 2915 4784 4147 3662 1663 505 3713 4219 6203 5156 624 3606 3197 4383 3537 4030 6154 5035 1590 
39 3000 788 1986 4037 3252 1935 510 2736 3565 1888 1009 3104 1386 4397 2790 1294 5095 982 992 1178 4852 3007 2171 4698 3177 5058 3145 2328 3021 2853 1762 3015 4275 2291 3464 1863 2629 2249 2964 0 5148 3675 3980 4143 2845 1417 3718 1821 3082 1355 2956 1249 4172 1559 3214 3812 2230 2247 1491 2624 1478 2322 5431 1230 919 3058 1814 3977 4761 2550 2684 2871 3908 2064 1391 1085 2425 2759 2582 3354 4046 2332 2438 2006 1947 805 2995 2515 1344 1491 5473 5143 3588 4477 2633 2067 2967 2097 3236 4271 1543 
40 3000 5858 6712 1153 2035 7018 5436 2577 1722 3319 5639 4041 5335 2883 3001 4022 721 4645 6139 5021 5250 3346 5375 4546 2007 1065 6508 7171 5480 3616 5888 4156 4560 6599 6631 5830 7672 4182 2537 5148 0 7545 8572 6787 3837 4497 3853 3327 2586 4517 4091 6237 6358 6681 1964 1354 4696 6956 3811 7284 3687 4581 5152 5835 4902 3201 6447 1214 606 5090 6120 2471 8166 7151 4830 5900 4841 4397 7563 1794 5743 3599 5441 7117 5648 5673 4031 3025 6140 6564 6136 4711 2093 2915 4017 6848 4176 6539 8057 5263 3605 
41 3000 3775 4685 6695 5545 3877 3168 5040 6441 5060 2667 3667 2510 5351 4544 4765 7794 4648 3290 4828 3967 4255 2183 4387 5658 6962 1082 1949 6631 6424 1967 3527 3983 5296 1119 1928 2526 5899 6153 3675 7545 0 1547 1645 3768 5082 4149 4744 4960 3247 6602 2678 2163 3618 6012 6464 2849 1745 4897 1511 4387 2965 4694 2445 4590 6536 1943 6649 6985 6199 6083 5964 806 2720 2920 2630 6093 6429 2287 5958 2681 3952 6024 3755 2006 2887 6634 5838 4339 3826 3942 4716 6716 5391 3554 4641 3490 5066 1861 3361 4574 
42 3000 3761 4292 7609 6537 3384 3497 5999 7263 5703 3096 4949 3250 6669 5623 5242 8718 4940 3242 4976 5492 5438 3277 5868 6596 8120 2496 1673 6607 6832 2686 4805 5445 4945 2628 2743 1775 6198 6825 3980 8572 1547 0 3191 4978 5363 5501 5471 6037 4070 6899 2747 3710 3279 6851 7374 3977 1738 5416 1364 5089 4116 6223 2866 4805 7031 2219 7557 8053 6263 5884 6677 771 2256 3748 2916 6221 6659 1634 6867 4204 5004 6000 3225 2940 3196 6945 6430 4154 3519 5489 6220 7431 6719 4737 4203 4762 4730 880 4868 5247 
43 3000 4528 5654 6131 4939 4988 3704 4522 6014 4968 3222 2746 2759 4224 3890 4902 7168 5000 4143 5309 2425 3456 2029 2958 5123 6033 1100 3239 7151 6504 2457 2635 2621 6189 773 2320 3933 6134 5937 4143 6787 1645 3191 0 2977 5404 3030 4578 4269 3184 6794 3556 571 4648 5588 5919 2396 2948 4971 2875 4295 2440 3129 3074 5028 6510 2875 6096 6191 6656 6797 5708 2433 3954 2929 3333 6494 6704 3686 5443 1211 3413 6578 4903 2196 3504 6810 5743 5170 4809 2300 3221 6413 4244 2847 5648 2620 5962 3431 1898 4497 
44 3000 3599 4831 3159 1969 4626 2755 1607 3093 2466 2621 345 2058 1753 928 2761 4192 3192 3555 3645 2256 493 1705 1912 2173 3194 2700 3893 5249 4031 2453 374 1546 5106 2798 2335 4558 3917 3179 2845 3837 3768 4978 2977 0 3446 874 2048 1292 1515 4440 3300 2609 4217 2683 2953 1016 3606 2713 3851 1955 870 2691 2709 3361 3909 3148 3127 3254 4713 5275 2928 4458 4187 1637 2907 4482 4474 4375 2495 2079 668 4806 4644 2090 2819 4433 3131 4190 4233 3070 2347 3558 1818 257 4906 371 4927 4654 1866 2121 
45 3000 1702 2233 3344 2966 2713 1927 2598 2781 1312 2417 3772 2678 4606 2989 703 4264 435 2176 544 5670 3402 3376 5354 2777 4697 4477 3693 1824 1502 3139 3730 4990 2114 4780 3218 3873 836 2007 1417 4497 5082 5363 5404 3446 0 4280 1581 3110 2281 1542 2615 5345 2475 2559 3157 3202 3646 830 4022 1510 3243 6137 2644 571 1790 3229 3283 4254 1294 1896 2028 5323 3290 2485 2500 1099 1346 3875 2821 5100 2795 1362 2849 3252 2222 1584 1502 1725 2289 6408 5781 2594 4691 3312 2376 3692 2041 4579 5174 1384 
46 3000 4465 5702 3420 2306 5472 3608 2126 3498 3210 3433 646 2840 1211 1450 3585 4334 4047 4400 4505 1585 924 2331 1088 2568 3018 3069 4593 6062 4727 3157 774 822 5980 3074 3018 5288 4693 3755 3718 3853 4149 5501 3030 874 4280 0 2807 1638 2379 5167 4104 2544 5062 3132 3250 1726 4290 3516 4491 2773 1582 1881 3496 4225 4553 3866 3402 3247 5527 6131 3500 4902 4961 2467 3714 5288 5235 5088 2871 1904 1487 5643 5481 2759 3651 5153 3797 5063 5088 2470 1502 4032 1245 1090 5775 826 5801 5284 1421 2922 
47 3000 2552 3543 2229 1480 3719 2127 1035 1804 420 2401 2393 2264 3026 1428 894 3312 1506 2811 1965 4303 1892 2648 3895 1366 3284 3878 3938 3276 2000 2839 2389 3576 3594 4116 2836 4376 1886 1409 1821 3327 4744 5471 4578 2048 1581 2807 0 1529 1498 2392 2941 4372 3366 1417 2000 2184 3766 754 4123 384 2160 4688 2620 1751 1941 3263 2171 2947 2744 3477 1222 5208 3838 1824 2635 2497 2432 4288 1533 3980 1383 2911 3808 2738 2385 2387 1166 2921 3266 5114 4303 1979 3111 1987 3662 2363 3474 4849 3895 280 
48 3000 3868 4980 1871 691 5012 3205 556 1868 1845 3272 1559 2858 1508 417 2421 2901 3014 3996 3480 3222 831 2798 2661 934 2105 3923 4743 4747 3206 3377 1647 2460 5094 4055 3299 5325 3314 2146 3082 2586 4960 6037 4269 1292 3110 1638 1529 0 2077 3679 3931 3894 4624 1493 1672 2111 4496 2280 4797 1698 1995 3437 3433 3246 2980 3997 1841 2029 4227 5005 1892 5595 4861 2353 3556 3971 3807 5180 1245 3335 1032 4425 5071 3097 3378 3655 2265 4339 4573 4108 3010 2393 1593 1442 5086 1656 4958 5590 3004 1755 
49 3000 2086 3327 3539 2485 3118 1244 1940 3221 1838 1201 1754 820 3173 1698 1722 4649 1922 2051 2320 3515 1759 1178 3343 2527 4178 2393 2675 4093 3326 1388 1661 2921 3643 2650 1358 3248 2960 2908 1355 4517 3247 4070 3184 1515 2281 2379 1498 2077 0 3610 1874 3074 2710 2799 3304 930 2443 1787 2767 1155 995 4078 1356 2025 3364 1936 3488 4025 3571 3941 2716 3741 2799 330 1489 3379 3534 3103 2797 2823 1118 3571 3144 1241 1345 3626 2624 2693 2719 4181 3789 3469 3248 1289 3397 1612 3452 3544 2958 1352 
50 3000 3185 3353 3046 3250 4046 3464 3124 2480 1974 3945 4785 4145 5150 3731 1893 3635 1974 3685 1948 6692 4242 4773 6251 2979 4631 5935 5227 1400 506 4643 4781 5956 2964 6222 4708 5364 707 1708 2956 4091 6602 6899 6794 4440 1542 5167 2392 3679 3610 0 4154 6667 3887 2507 2949 4468 5187 1829 5563 2560 4475 7044 4176 2094 894 4771 2995 4059 1113 2183 1909 6864 4783 3872 4041 931 361 5385 2851 6333 3775 1523 4201 4712 3762 69 1420 3030 3672 7507 6642 1999 5232 4376 3505 4754 3006 6104 6286 2365 
51 3000 1101 2099 5167 4252 1488 818 3708 4737 3086 682 3457 1266 5024 3567 2539 6253 2193 615 2248 4883 3615 1958 4914 4231 6011 2462 1081 3981 4089 1161 3332 4460 2662 2796 1323 1436 3450 4189 1249 6237 2678 2747 3556 3300 2615 4104 2941 3931 1874 4154 0 3750 1109 4358 4935 2390 1045 2729 1415 2563 2528 5552 619 2061 4306 739 5109 5796 3583 3405 4076 2757 930 1669 393 3511 3922 1352 4451 3827 2992 3370 1446 1550 564 4198 3755 1670 1253 5328 5352 4810 5095 3048 2092 3280 2432 1986 4238 2680 
52 3000 4643 5821 5765 4577 5221 3775 4199 5693 4778 3325 2340 2792 3716 3536 4793 6774 4962 4305 5308 1854 3066 2001 2393 4781 5562 1406 3583 7133 6343 2601 2247 2072 6320 1138 2447 4301 6032 5686 4172 6358 2163 3710 571 2609 5345 2544 4372 3894 3074 6667 3750 0 4858 5275 5561 2201 3276 4837 3258 4124 2212 2562 3211 5019 6314 3122 5734 5756 6623 6854 5448 2965 4255 2863 3479 6444 6606 4055 5103 662 3118 6581 5151 2271 3613 6677 5535 5297 4998 1794 2649 6127 3731 2517 5830 2240 6097 3877 1335 4324 
53 3000 827 1069 5552 4811 410 1466 4295 5050 3375 1670 4420 2292 5873 4309 2699 6581 2148 661 1965 5957 4461 3042 5940 4729 6617 3548 1723 3357 3960 2269 4306 5492 1699 3881 2431 1551 3238 4373 1559 6681 3618 3279 4648 4217 2475 5062 3366 4624 2710 3887 1109 4858 0 4727 5333 3395 1874 2913 2163 3035 3523 6608 1695 1921 4265 1779 5492 6312 3070 2604 4322 3514 1023 2595 1430 3078 3588 1647 4892 4931 3799 2761 447 2650 1418 3944 3886 901 240 6430 6383 4991 5950 3977 1025 4255 1474 2407 5320 3085 
54 3000 3902 4754 825 856 5057 3543 1077 431 1356 3808 2994 3609 2767 1762 2058 1894 2682 4206 3070 4716 2287 3843 4138 573 2187 5060 5349 3789 2000 4183 3057 3953 4673 5252 4157 5793 2379 802 3214 1964 6012 6851 5588 2683 2559 3132 1417 1493 2799 2507 4358 5275 4727 0 610 3247 5166 1847 5516 1797 3171 4900 4022 2940 1668 4659 764 1697 3329 4292 609 6540 5252 3129 4049 3068 2732 5705 347 4763 2175 3632 5160 4021 3802 2464 1171 4176 4604 5602 4463 900 2842 2757 4888 3053 4599 6256 4484 1682 
55 3000 4509 5361 235 984 5666 4125 1428 471 1965 4365 3231 4124 2654 2029 2668 1344 3291 4804 3674 4804 2503 4282 4173 809 1681 5477 5906 4288 2447 4692 3315 4052 5267 5645 4653 6372 2916 1270 3812 1354 6464 7374 5919 2953 3157 3250 2000 1672 3304 2949 4935 5561 5333 610 0 3647 5711 2457 6053 2372 3554 4898 4573 3549 2066 5202 185 1130 3854 4848 1151 7028 5838 3630 4615 3597 3212 6276 508 5007 2543 4178 5767 4499 4375 2898 1720 4786 5213 5703 4452 1043 2719 3072 5496 3321 5199 6807 4653 2272 
56 3000 2893 4144 3873 2704 3804 1992 2219 3677 2582 1735 1086 1124 2762 1695 2608 4960 2852 2741 3249 2626 1460 700 2544 2838 4152 1830 2889 5019 4141 1447 952 2099 4516 2006 1322 3570 3845 3543 2230 4696 2849 3977 2396 1016 3202 1726 2184 2111 930 4468 2390 2201 3395 3247 3647 0 2597 2640 2835 1922 148 3233 1776 2954 4123 2151 3831 4140 4494 4864 3319 3492 3234 844 2005 4297 4420 3378 3148 1898 1108 4501 3798 1074 1977 4477 3351 3531 3451 3256 2988 4037 2823 765 4197 900 4314 3638 2042 2123 
57 3000 2127 2943 5946 4928 2137 1759 4381 5568 3977 1369 3669 1638 5358 4096 3503 7051 3217 1613 3292 4730 4012 1960 4913 4956 6602 1875 319 5013 5101 1153 3528 4459 3562 2180 1276 1053 4482 5097 2247 6956 1745 1738 2948 3606 3646 4290 3766 4496 2443 5187 1045 3276 1874 5166 5711 2597 0 3678 377 3382 2745 5445 1146 3099 5294 509 5892 6468 4625 4390 4958 1716 1014 2145 1178 4556 4963 822 5210 3527 3481 4401 2022 1532 1458 5230 4695 2633 2087 5006 5325 5708 5420 3350 2896 3479 3332 1100 4068 3530 
58 3000 2086 2916 2665 2153 3224 1928 1768 2141 509 2329 3051 2392 3780 2176 213 3669 839 2451 1261 4965 2616 2959 4600 1983 3916 4149 3794 2546 1546 2932 3026 4258 2895 4423 2971 4120 1219 1478 1491 3811 4897 5416 4971 2713 830 3516 754 2280 1787 1829 2729 4837 2913 1847 2457 2640 3678 0 4052 762 2652 5390 2564 1097 1642 3204 2603 3511 2011 2724 1409 5258 3550 2064 2501 1772 1791 4072 2066 4516 2047 2159 3335 2939 2223 1841 1025 2329 2773 5743 5018 2102 3865 2611 3046 2994 2794 4709 4511 593 
59 3000 2484 3230 6289 5252 2385 2135 4707 5922 4344 1735 3886 1950 5593 4391 3878 7396 3594 1965 3662 4814 4275 2166 5049 5290 6900 1855 446 5367 5478 1423 3743 4600 3862 2129 1520 1059 4858 5464 2624 7284 1511 1364 2875 3851 4022 4491 4123 4797 2767 5563 1415 3258 2163 5516 6053 2835 377 4052 0 3739 2982 5539 1507 3473 5670 860 6235 6786 4987 4720 5321 1367 1213 2458 1553 4923 5336 812 5550 3575 3773 4755 2255 1760 1834 5606 5066 2963 2387 5025 5448 6073 5652 3597 3172 3695 3635 803 4156 3892 
60 3000 2235 3289 2603 1777 3400 1752 1278 2188 683 2016 2291 1894 3145 1505 811 3692 1332 2459 1802 4204 1893 2326 3852 1701 3586 3548 3555 3295 2219 2466 2264 3501 3398 3799 2470 4000 1979 1768 1478 3687 4387 5089 4295 1955 1510 2773 384 1698 1155 2560 2563 4124 3035 1797 2372 1922 3382 762 3739 0 1918 4639 2236 1553 2219 2879 2546 3284 2758 3387 1595 4835 3467 1472 2252 2526 2547 3907 1894 3773 1293 2871 3480 2385 2005 2565 1469 2654 2949 4981 4275 2352 3230 1849 3400 2231 3260 4465 3750 202 
61 3000 3003 4254 3778 2602 3932 2107 2129 3601 2565 1868 939 1262 2614 1580 2631 4859 2906 2866 3314 2530 1321 839 2420 2746 4020 1932 3038 5065 4135 1595 807 1979 4613 2090 1470 3718 3864 3497 2322 4581 2965 4116 2440 870 3243 1582 2160 1995 995 4475 2528 2212 3523 3171 3554 148 2745 2652 2982 1918 0 3121 1917 3018 4101 2299 3737 4020 4537 4936 3268 3621 3379 951 2141 4334 4439 3526 3060 1866 1011 4557 3929 1221 2104 4482 3324 3636 3573 3186 2865 3977 2675 621 4310 755 4414 3785 1962 2117 
62 3000 6124 7375 5026 4045 7013 5225 3965 5221 5091 4938 2372 4316 2294 3316 5449 5761 5878 5963 6325 732 2803 3602 793 4326 4136 3761 5765 7934 6598 4447 2435 1160 7721 3594 4286 6497 6574 5583 5431 5152 4694 6223 3129 2691 6137 1881 4688 3437 4078 7044 5552 2562 6608 4900 4898 3233 5445 5390 5539 4639 3121 0 4935 6036 6406 5129 5022 4572 7398 7958 5328 5501 6295 4072 5188 7162 7117 6267 4601 2019 3346 7498 6992 4031 5197 7029 5662 6756 6677 1166 448 5791 2249 2844 7430 2479 7528 6260 1383 4796 
63 3000 1454 2611 4807 3817 2089 722 3269 4423 2838 235 2851 655 4448 3050 2402 5910 2208 1097 2387 4270 3050 1348 4295 3829 5533 2009 1336 4209 4037 617 2723 3841 3118 2341 764 1894 3469 3959 1230 5835 2445 2866 3074 2709 2644 3496 2620 3433 1356 4176 619 3211 1695 4022 4573 1776 1146 2564 1507 2236 1917 4935 0 2144 4198 646 4752 5363 3761 3749 3814 2704 1478 1103 269 3648 3989 1748 4074 3240 2454 3609 2058 960 452 4212 3569 2097 1804 4737 4733 4567 4518 2454 2624 2671 2893 2234 3628 2385 
64 3000 1133 1819 3752 3219 2185 1422 2783 3211 1603 1927 3665 2270 4697 3054 894 4725 257 1605 295 5517 3400 3021 5270 3069 5004 4054 3133 2123 2073 2679 3602 4877 1848 4368 2775 3302 1395 2482 919 4902 4590 4805 5028 3361 571 4225 1751 3246 2025 2094 2061 5019 1921 2940 3549 2954 3099 1097 3473 1553 3018 6036 2144 0 2351 2702 3690 4607 1636 1925 2463 4792 2719 2167 1976 1506 1864 3305 3163 4834 2748 1562 2312 2842 1706 2140 1983 1240 1748 6205 5708 3090 4781 3191 1949 3559 1722 4013 4979 1496 
65 3000 3484 3923 2154 2468 4494 3534 2441 1595 1542 3963 4252 4028 4394 3104 1796 2770 2151 3935 2313 6119 3638 4541 5620 2186 3746 5755 5386 2280 423 4574 4271 5365 3638 6014 4608 5636 1120 871 3058 3201 6536 7031 6510 3909 1790 4553 1941 2980 3364 894 4306 6314 4265 1668 2066 4123 5294 1642 5670 2219 4101 6406 4198 2351 0 4831 2104 3168 1921 2984 1107 6898 5054 3666 4116 1689 1199 5618 2016 5910 3270 2303 4634 4563 3835 838 783 3489 4077 6969 5986 1107 4473 3891 4074 4252 3638 6293 5776 2017 
66 3000 1832 2815 5437 4420 2113 1310 3873 5063 3484 877 3234 1139 4901 3599 3036 6542 2796 1355 2919 4429 3536 1561 4554 4447 6102 1774 752 4695 4656 710 3096 4098 3394 2104 859 1421 4063 4605 1814 6447 1943 2219 2875 3148 3229 3866 3263 3997 1936 4771 739 3122 1779 4659 5202 2151 509 3204 860 2879 2299 5129 646 2702 4831 0 5383 5961 4277 4143 4461 2093 1171 1643 729 4188 4564 1227 4700 3284 2987 4086 2032 1121 1009 4810 4213 2409 1956 4784 4977 5213 4966 2890 2794 3046 3164 1609 3770 3031 
67 3000 4666 5498 61 1158 5820 4297 1612 527 2118 4544 3400 4307 2761 2206 2816 1161 3433 4970 3806 4948 2672 4467 4307 993 1651 5661 6085 4353 2498 4876 3487 4199 5388 5828 4838 6546 3003 1351 3977 1214 6649 7557 6096 3127 3283 3402 2171 1841 3488 2995 5109 5734 5492 764 185 3831 5892 2603 6235 2546 3737 5022 4752 3690 2104 5383 0 1063 3933 4941 1261 7213 6009 3814 4792 3677 3272 6452 693 5176 2726 4266 5924 4684 4550 2941 1822 4929 5367 5847 4575 1037 2823 3250 5634 3494 5325 6987 4811 2441 
68 3000 5499 6427 1013 1546 6666 5010 2094 1584 3004 5176 3446 4835 2290 2446 3715 1202 4350 5743 4756 4650 2761 4827 3950 1583 632 5939 6695 5413 3562 5377 3564 3955 6368 6052 5310 7225 4046 2399 4761 606 6985 8053 6191 3254 4254 3247 2947 2029 4025 4059 5796 5756 6312 1697 1130 4140 6468 3511 6786 3284 4020 4572 5363 4607 3168 5961 1063 0 4984 5976 2276 7624 6720 4328 5446 4727 4334 7104 1444 5139 3056 5307 6755 5118 5232 4005 2847 5831 6212 5538 4128 2086 2327 3443 6557 3586 6289 7568 4656 3227 
69 3000 2507 2360 3989 3942 3151 3043 3681 3405 2383 3551 5045 3904 5736 4173 1952 4691 1661 3027 1374 6951 4627 4638 6609 3703 5514 5690 4603 536 1498 4313 5009 6259 1893 6004 4411 4610 952 2585 2550 5090 6199 6263 6656 4713 1294 5527 2744 4227 3571 1113 3583 6623 3070 3329 3854 4494 4625 2011 4987 2758 4537 7398 3761 1636 1921 4277 3933 4984 0 1073 2723 6340 4048 3760 3569 262 753 4672 3652 6392 4052 414 3315 4477 3313 1182 2158 2171 2837 7700 7029 3007 5820 4592 2509 4973 1969 5421 6465 2604 
70 3000 2316 1648 4999 4819 2550 3093 4485 4414 3182 3580 5586 4062 6502 4881 2595 5748 2084 2794 1634 7443 5277 4855 7188 4605 6477 5755 4296 960 2563 4354 5526 6800 1031 6085 4481 4137 1939 3590 2684 6120 6083 5884 6797 5275 1896 6131 3477 5005 3941 2183 3405 6854 2604 4292 4848 4864 4390 2724 4720 3387 4936 7958 3749 1925 2984 4143 4941 5976 1073 0 3700 6087 3627 4052 3510 1295 1825 4251 4596 6722 4646 682 2718 4605 3303 2253 3129 1758 2365 8120 7623 4054 6587 5114 1774 5484 1199 5010 6899 3276 
71 3000 3496 4253 1321 1362 4628 3259 1373 753 990 3588 3262 3487 3287 2062 1623 2263 2210 3850 2558 5080 2602 3843 4549 1081 2790 5074 5111 3180 1404 4060 3301 4319 4127 5298 4058 5494 1776 255 2871 2471 5964 6677 5708 2928 2028 3500 1222 1892 2716 1909 4076 5448 4322 609 1151 3319 4958 1409 5321 1595 3268 5328 3814 2463 1107 4461 1261 2276 2723 3700 0 6430 4934 3043 3803 2463 2125 5428 946 4986 2335 3033 4742 3957 3538 1869 570 3703 4179 5948 4902 757 3366 2952 4392 3289 4068 6026 4783 1430 
72 3000 3844 4573 7261 6143 3698 3401 5620 6962 5485 2939 4389 2944 6094 5177 5103 8369 4890 3328 4998 4774 4935 2797 5186 6231 7640 1841 1793 6729 6741 2369 4246 4777 5213 1921 2382 2168 6157 6599 3908 8166 806 771 2433 4458 5323 4902 5208 5595 3741 6864 2757 2965 3514 6540 7028 3492 1716 5258 1367 4835 3621 5501 2704 4792 6898 2093 7213 7624 6340 6087 6430 0 2519 3411 2823 6266 6656 1964 6519 3488 4569 6117 3554 2529 3102 6903 6243 4329 3743 4733 5521 7187 6138 4230 4504 4207 4988 1336 4165 5009 
73 3000 1598 2058 6067 5178 1180 1715 4635 5618 3948 1598 4318 2129 5926 4495 3348 7143 2903 1119 2834 5599 4525 2707 5704 5150 6942 2868 770 4364 4793 1852 4186 5247 2705 3183 2011 583 4102 5027 2064 7151 2720 2256 3954 4187 3290 4961 3838 4861 2799 4783 930 4255 1023 5252 5838 3234 1014 3550 1213 3467 3379 6295 1478 2719 5054 1171 6009 6720 4048 3627 4934 2519 0 2575 1309 4030 4509 628 5360 4451 3914 3761 1043 2270 1491 4835 4570 1904 1262 5948 6132 5651 5996 3931 1985 4134 2485 1387 4941 3569 
74 3000 2051 3303 3865 2795 3005 1157 2253 3551 2152 987 1824 507 3355 1959 1978 4974 2099 1934 2460 3471 1949 901 3367 2847 4459 2089 2390 4272 3609 1063 1712 2929 3672 2359 1028 2993 3206 3233 1391 4830 2920 3748 2929 1637 2485 2467 1824 2353 330 3872 1669 2863 2595 3129 3630 844 2145 2064 2458 1472 951 4072 1103 2167 3666 1643 3814 4328 3760 4052 3043 3411 2575 0 1276 3583 3775 2836 3122 2671 1354 3728 3013 914 1185 3891 2937 2687 2631 4082 3813 3798 3426 1389 3359 1661 3470 3243 2880 1665 
75 3000 1203 2342 4848 3900 1828 583 3353 4439 2816 290 3067 882 4631 3186 2325 5943 2066 827 2202 4529 3224 1611 4537 3893 5645 2259 1308 4003 3931 880 2943 4085 2856 2592 1031 1779 3333 3932 1085 5900 2630 2916 3333 2907 2500 3714 2635 3556 1489 4041 393 3479 1430 4049 4615 2005 1178 2501 1553 2252 2141 5188 269 1976 4116 729 4792 5446 3569 3510 3803 2823 1309 1276 0 3470 3837 1662 4124 3509 2605 3399 1804 1229 282 4080 3520 1837 1535 5004 4977 4548 4703 2655 2355 2892 2630 2223 3889 2385 
76 3000 2460 2447 3734 3680 3192 2927 3424 3150 2129 3433 4817 3753 5479 3924 1726 4454 1495 2979 1269 6727 4384 4470 6373 3441 5253 5548 4552 779 1268 4183 4785 6028 2033 5857 4275 4601 690 2328 2425 4841 6093 6221 6494 4482 1099 5288 2497 3971 3379 931 3511 6444 3078 3068 3597 4297 4556 1772 4923 2526 4334 7162 3648 1506 1689 4188 3677 4727 262 1295 2463 6266 4030 3583 3470 0 574 4649 3389 6195 3818 614 3353 4328 3206 1000 1897 2189 2851 7485 6789 2764 5563 4367 2598 4750 2083 5391 6250 2366 
77 3000 2917 3012 3326 3429 3729 3269 3251 2749 2025 3763 4817 4010 5299 3820 1814 3965 1781 3427 1684 6731 4314 4675 6323 3169 4890 5809 4986 1083 781 4484 4802 6008 2607 6105 4559 5087 574 1949 2759 4397 6429 6659 6704 4474 1346 5235 2432 3807 3534 361 3922 6606 3588 2732 3212 4420 4963 1791 5336 2547 4439 7117 3989 1864 1199 4564 3272 4334 753 1825 2125 6656 4509 3775 3837 574 0 5119 3070 6305 3806 1162 3887 4583 3562 431 1592 2716 3368 7526 6725 2304 5381 4391 3164 4772 2655 5848 6297 2363 
78 3000 2202 2662 6509 5557 1760 2170 5009 6087 4438 1927 4459 2346 6129 4793 3876 7600 3474 1700 3438 5551 4757 2767 5734 5555 7282 2649 504 4992 5373 1932 4321 5280 3313 2934 2070 247 4697 5538 2582 7563 2287 1634 3686 4375 3875 5088 4288 5180 3103 5385 1352 4055 1647 5705 6276 3378 822 4072 812 3907 3526 6267 1748 3305 5618 1227 6452 7104 4672 4251 5428 1964 628 2836 1662 4649 5119 0 5786 4338 4190 4389 1607 2331 1902 5435 5097 2533 1887 5807 6147 6160 6193 4117 2577 4270 3096 759 4890 4030 
79 3000 4073 4982 743 564 5236 3645 930 627 1560 3870 2789 3617 2436 1566 2270 1852 2905 4344 3314 4448 2067 3777 3850 321 1884 4976 5409 4120 2345 4184 2864 3688 4934 5150 4145 5888 2699 1149 3354 1794 5958 6867 5443 2495 2821 2871 1533 1245 2797 2851 4451 5103 4892 347 508 3148 5210 2066 5550 1894 3060 4601 4074 3163 2016 4700 693 1444 3652 4596 946 6519 5360 3122 4124 3389 3070 5786 0 4566 2049 3943 5331 3990 3889 2809 1494 4388 4782 5340 4161 1192 2509 2597 5112 2866 4849 6307 4249 1811 
