FILE: 911EuclS.txt
100 100 0 
1 3000 0 6957 1824 4893 6735 1134 4287 4648 6615 1800 1509 2637 3807 2629 4970 3565 3928 3945 1085 5398 2037 2198 3847 3252 5561 5171 2940 6876 5021 2875 4832 6028 3760 893 1240 2887 1834 6155 3931 4845 1904 3729 89 3856 2499 1117 5971 2414 4079 5090 2812 3969 6328 6875 3565 4485 6949 5504 2422 6341 5390 7147 3954 4975 5544 1696 559 6794 3098 1914 5968 1021 5550 5207 4094 3786 1424 2619 5592 4990 635 1680 5205 5124 6280 3946 2513 3244 2079 4613 3800 3038 4460 3159 5458 4900 3402 1861 2542 2991 
2 3000 6957 0 6055 3107 1918 5824 4622 2385 1317 5530 5882 5692 4476 4358 2112 5404 3445 6524 6304 1680 7658 4767 4367 4611 1791 3139 4156 3219 4340 6236 4489 2211 5684 6912 5769 4614 5190 2035 4915 3476 5306 3988 6870 3109 7124 6505 1743 4545 6178 3786 4439 6367 2580 2975 4517 3990 3455 1719 4985 4416 4702 1703 3966 3697 1938 6765 6462 2686 6503 7755 3506 6064 3429 5048 4311 6084 5588 4813 1422 2671 6409 7186 3957 4689 2500 4985 4473 4986 6839 4354 3299 5767 2656 4081 2096 3228 3556 6469 5380 6127 
3 3000 1824 6055 0 3451 5405 1427 2545 3672 6052 2480 2439 3570 4208 1916 4372 1749 3774 5121 2321 4384 1607 1724 2206 3648 5034 3677 1938 5309 3295 1124 5267 4671 4666 1138 1149 1468 1257 5791 4532 4905 902 2261 1758 3220 1295 736 4742 2037 5131 3457 2907 5093 4875 5348 1929 4727 5348 4922 1070 4605 3618 6661 4122 3368 4344 3192 1348 6596 4352 1700 4353 1937 3962 3405 2432 4832 1156 2971 4854 4730 1273 1132 3535 3354 4844 2163 1830 1517 866 2900 2759 4006 3976 1974 4224 3421 2759 3204 3290 1212 
4 3000 4893 3107 3451 0 1968 3855 1516 1425 3722 4155 4417 4887 4383 2479 2549 2359 3221 6286 4678 1610 4943 2906 1360 4118 3064 323 2049 2022 1334 3296 5070 1234 5497 4520 3668 2034 3100 3909 4900 4152 2993 1195 4805 2183 4264 4084 1441 2884 6075 822 3455 6173 1439 1990 1585 4383 2139 2881 2499 2084 1807 4356 3939 676 1168 5436 4335 4843 5863 5086 1275 4306 865 2068 1242 5851 3492 3840 2508 3431 4262 4541 1043 1704 1399 1900 2574 2069 4079 1258 1429 5183 2633 1763 1010 139 2229 5241 4496 3165 
5 3000 6735 1918 5405 1968 0 5641 3340 2301 3091 5711 6022 6211 5316 4161 2903 4270 4118 7382 6358 1710 6912 4609 3317 5245 3026 1809 3798 1301 2832 5245 5673 735 6538 6444 5494 3957 4903 3643 5823 4636 4868 3144 6645 3316 6225 6010 841 4497 7094 2325 4784 7242 769 1057 3552 5048 1537 2863 4411 2573 3066 3589 4802 2304 1254 7016 6185 4459 7144 7054 1750 6027 1834 3454 3166 6929 5311 5191 2387 3782 6117 6506 2425 3126 725 3774 4271 4034 6048 2990 2971 6412 3308 3580 1300 2026 3603 6773 5840 5108 
6 3000 1134 5824 1427 3855 5641 0 3469 3518 5515 1084 1011 2161 2996 1501 3854 2928 2890 3696 963 4267 2502 1065 2953 2422 4461 4149 1843 5866 4161 2538 4060 4946 3279 1333 290 1933 755 5093 3240 3899 976 2738 1045 2728 2587 1121 4861 1285 3721 4148 1819 3672 5274 5846 2683 3610 5958 4394 1505 5469 4585 6064 3034 4017 4433 1844 667 5782 2925 2473 4997 549 4570 4466 3204 3420 395 1737 4465 3941 635 2010 4288 4322 5220 3203 1386 2467 2114 3751 2685 2598 3356 2095 4353 3877 2269 1805 1914 2606 
7 3000 4287 4622 2545 1516 3340 3469 0 2663 5155 4142 4301 5098 5019 2553 3773 971 4026 6641 4417 3067 3784 2840 609 4610 4376 1552 2128 2886 752 1996 5894 2645 5949 3683 3209 1591 2781 5235 5499 5122 2493 1112 4208 3012 2998 3272 2944 2979 6510 1049 3825 6557 2650 2977 814 5219 2883 4204 1967 2062 1116 5798 4676 1038 2684 5276 3745 6165 6053 3960 1904 4005 1585 1041 430 6245 3074 4131 3900 4544 3666 3471 1047 852 2653 452 2593 1043 2931 384 2127 5474 3682 1805 2526 1402 2810 5165 4721 1845 
8 3000 4648 2385 3672 1425 2301 3518 2663 0 2547 3435 3761 3913 3131 2019 1136 3232 1924 5148 4129 749 5277 2453 2226 2980 1712 1685 1775 3026 2715 3942 3701 1756 4319 4537 3428 2249 2839 2572 3650 2745 2925 1747 4559 1016 4779 4125 1461 2280 4889 2241 2483 5017 2240 2892 2297 3022 3211 1541 2602 3470 3214 3190 2644 2084 1052 4736 4129 3503 4856 5371 2574 3831 2226 3435 2262 4698 3245 2889 1278 2006 4070 4802 2464 3080 2153 2912 2136 2723 4470 2534 913 4131 1231 1700 1051 1559 1325 4482 3540 3849 
9 3000 6615 1317 6052 3722 3091 5515 5155 2547 0 4991 5349 4917 3561 4184 1687 5779 2763 5509 5805 2111 7648 4522 4765 3829 1054 3857 4117 4362 5049 6463 3354 3172 4698 6738 5525 4726 4997 781 3930 2419 5206 4294 6532 2850 7245 6370 2646 4246 5140 4509 3875 5346 3632 4130 4845 2962 4598 1135 5006 5398 5486 644 3097 4384 2643 6116 6179 1381 5617 7711 4450 5641 4270 5783 4778 5089 5358 4191 1269 1764 6139 7149 4711 5416 3540 5443 4288 5264 6894 4963 3376 4907 2158 4148 2792 3859 3323 5798 4661 6379 
10 3000 1800 5530 2480 4155 5711 1084 4142 3435 4991 0 357 1091 2011 1689 3439 3785 2234 2658 820 4146 3548 1312 3561 1452 3957 4473 2139 6166 4754 3558 3054 5079 2195 2336 1336 2552 1424 4456 2188 3056 1810 3210 1738 2471 3672 2193 4883 1271 2651 4624 1116 2620 5482 6103 3327 2684 6293 3932 2239 6008 5229 5476 2162 4472 4458 1305 1590 5032 1948 3496 5395 791 4964 5178 3802 2353 1331 836 4113 3286 1600 3071 4798 4977 5413 3962 1610 3241 3199 4358 2784 1526 2898 2465 4414 4211 2112 1086 831 3606 
11 3000 1509 5882 2439 4417 6022 1011 4301 3761 5349 357 0 1193 2303 1938 3795 3871 2590 2690 472 4479 3361 1525 3737 1760 4315 4731 2378 6435 4943 3548 3323 5378 2332 2136 1294 2713 1529 4810 2426 3387 1880 3423 1455 2811 3563 2053 5200 1542 2735 4845 1474 2673 5769 6381 3490 2995 6556 4290 2356 6217 5403 5831 2492 4699 4772 1019 1386 5373 1914 3290 5640 564 5208 5328 3984 2434 1339 1182 4467 3640 1412 2904 5011 5146 5702 4089 1847 3357 3092 4540 3075 1625 3254 2693 4723 4466 2435 864 1037 3611 
12 3000 2637 5692 3570 4887 6211 2161 5098 3913 4917 1091 1193 0 1441 2555 3590 4830 2246 1580 1553 4542 4553 2271 4499 1091 3964 5210 3001 6841 5656 4647 2306 5652 1139 3327 2423 3531 2485 4265 1366 2652 2882 4089 2598 2897 4743 3242 5370 2123 1561 5457 1446 1531 6103 6746 4289 2159 6993 3991 3272 6855 6152 5302 1829 5297 4966 1318 2579 4658 978 4477 6158 1758 5734 6140 4729 1262 2422 1048 4282 3152 2606 4098 5649 5910 6024 4964 2506 4261 4270 5275 3460 437 3057 3335 4954 4965 2680 991 391 4693 
13 3000 3807 4476 4208 4383 5316 2996 5019 3131 3561 2011 2303 1441 0 2590 2469 5028 1209 2080 2762 3606 5498 2545 4415 574 2691 4695 2935 6157 5421 5138 1066 4871 1231 4316 3178 3634 2959 2866 520 1216 3351 3914 3747 2201 5489 4110 4493 2261 1778 5095 1322 1933 5367 6019 4277 722 6342 2757 3553 6460 5942 3897 521 4928 4138 2747 3584 3217 2056 5467 5639 2803 5246 6025 4601 1629 3095 1261 3127 1824 3584 5002 5310 5733 5278 5013 2605 4410 5027 5095 3013 1351 2009 3231 4168 4491 2232 2417 1319 5141 
14 3000 2629 4358 1916 2479 4161 1501 2553 2019 4184 1689 1938 2555 2590 0 2496 2439 1898 4087 2215 2769 3479 447 1949 2110 3146 2793 453 4499 3103 2627 3581 3484 3408 2573 1412 1049 833 3880 3025 3056 1031 1539 2539 1333 3186 2189 3368 434 3963 2938 1304 4004 3848 4450 1755 2965 4617 3049 1002 4328 3596 4776 2365 2785 2938 2957 2111 4681 3522 3531 3707 1867 3275 3593 2174 3694 1230 1580 3045 2815 2054 2974 3118 3355 3786 2466 116 1825 2780 2720 1191 2922 2067 785 2865 2528 860 2772 2172 2605 
15 3000 4970 2112 4372 2549 2903 3854 3773 1136 1687 3439 3795 3590 2469 2496 0 4253 1346 4549 4231 1234 5964 2842 3292 2522 667 2788 2445 3905 3852 4845 2778 2578 3700 5056 3849 3089 3313 1495 2955 1752 3520 2779 4885 1163 5585 4684 2123 2575 4236 3370 2335 4401 3096 3728 3318 2145 4116 552 3337 4546 4348 2288 1947 3217 1847 4656 4515 2404 4435 6025 3618 4025 3309 4571 3359 4099 3679 2702 693 925 4471 5464 3593 4217 3000 3985 2602 3694 5221 3665 1775 3694 544 2509 1929 2687 1636 4357 3269 4773 
16 3000 3565 5404 1749 2359 4270 2928 971 3232 5779 3785 3871 4830 5028 2439 4253 0 4203 6408 3891 3770 2829 2583 1037 4546 4899 2462 2116 3856 1687 1027 5997 3557 5800 2862 2644 1394 2361 5747 5463 5356 1991 1486 3495 3296 2028 2483 3799 2808 6334 2017 3738 6346 3605 3949 937 5354 3847 4743 1558 2935 1913 6422 4769 1990 3488 4773 3059 6653 5734 3012 2874 3478 2553 1664 1117 6050 2549 3970 4510 4905 2980 2549 2016 1658 3602 519 2435 621 1990 1355 2485 5240 4045 1874 3337 2269 2971 4716 4479 874 
17 3000 3928 3445 3774 3221 4118 2890 4026 1924 2763 2234 2590 2246 1209 1898 1346 4203 0 3264 3053 2408 5263 2060 3442 1176 1750 3524 2100 4949 4339 4520 1879 3661 2421 4198 2969 2837 2550 2231 1727 1163 2872 2915 3851 1050 5064 3891 3289 1747 2981 3968 1127 3124 4158 4810 3355 1196 5136 1755 2896 5306 4862 3243 722 3801 2929 3366 3553 2893 3092 5280 4458 2923 4077 4987 3596 2811 2829 1427 2037 1062 3526 4751 4189 4672 4068 4093 1962 3586 4638 4046 1924 2351 831 2331 2958 3337 1236 3055 1939 4489 
18 3000 3945 6524 5121 6286 7382 3696 6641 5148 5509 2658 2690 1580 2080 4087 4549 6408 3264 0 2930 5672 5960 3838 6036 2178 4733 6608 4520 8160 7163 6214 2235 6903 849 4743 3971 5093 4065 4757 1610 3091 4461 5599 3929 4161 6245 4727 6552 3663 395 6920 2856 165 7386 8039 5838 2552 8332 4815 4850 8315 7669 5737 2602 6756 6180 2288 4020 4850 852 5854 7561 3233 7149 7680 6257 452 3986 2513 5203 3853 4062 5540 7123 7434 7301 6527 4050 5833 5775 6795 4863 1170 4083 4851 6197 6379 4058 2084 1931 6265 
19 3000 1085 6304 2321 4678 6358 963 4417 4129 5805 820 472 1553 2762 2215 4231 3891 3053 2930 0 4860 3036 1775 3882 2227 4766 4985 2629 6701 5093 3446 3766 5695 2682 1814 1247 2854 1647 5277 2854 3858 1931 3621 1045 3211 3334 1816 5547 1861 3028 5044 1930 2937 6063 6661 3620 3460 6808 4736 2449 6391 5531 6295 2963 4905 5118 883 1093 5846 2104 2944 5869 414 5438 5423 4133 2730 1352 1653 4895 4106 1141 2610 5197 5269 6001 4163 2112 3426 2871 4685 3391 1960 3695 2924 5058 4716 2809 893 1468 3527 
20 3000 5398 1680 4384 1610 1710 4267 3067 749 2111 4146 4479 4542 3606 2769 1234 3770 2408 5672 4860 0 5982 3202 2734 3546 1552 1758 2515 2673 2939 4566 4008 1346 4828 5277 4178 2935 3587 2353 4113 2986 3663 2322 5308 1681 5444 4862 896 3022 5384 2403 3144 5532 1864 2494 2861 3363 2886 1367 3316 3416 3387 2746 3092 2275 630 5438 4878 3276 5457 6084 2466 4572 2216 3673 2712 5220 3994 3547 931 2152 4819 5516 2611 3307 1768 3386 2885 3320 5159 2856 1642 4720 1598 2411 742 1747 2051 5172 4182 4460 
21 3000 2037 7658 1607 4943 6912 2502 3784 5277 7648 3548 3361 4553 5498 3479 5964 2829 5263 5960 3036 5982 0 3210 3614 4924 6621 5133 3542 6663 4516 1812 6563 6177 5692 1226 2334 3050 2717 7357 5732 6347 2448 3785 2040 4805 871 1392 6295 3519 6064 4801 4279 5972 6325 6736 3363 6097 6667 6515 2676 5746 4712 8251 5508 4744 5911 3733 1975 8132 5120 218 5683 2797 5332 4407 3802 5766 2447 4238 6460 6263 1953 511 4830 4469 6306 3341 3382 2889 866 4167 4365 4979 5547 3577 5783 4893 4336 3882 4372 1968 
22 3000 2198 4767 1724 2906 4609 1065 2840 2453 4522 1312 1525 2271 2545 447 2842 2583 2060 3838 1775 3202 3210 0 2252 2013 3473 3216 857 4928 3442 2593 3583 3931 3217 2217 1010 1261 493 4164 2928 3181 827 1902 2109 1690 3019 1863 3815 314 3751 3321 1223 3769 4289 4886 2026 3014 5041 3390 1036 4699 3919 5096 2408 3174 3385 2542 1696 4922 3214 3240 4116 1420 3684 3880 2492 3469 837 1393 3425 3054 1644 2699 3491 3668 4228 2692 338 1996 2583 3046 1639 2667 2374 1167 3313 2948 1221 2376 1906 2598 
23 3000 3847 4367 2206 1360 3317 2953 609 2226 4765 3561 3737 4499 4415 1949 3292 1037 3442 6036 3882 2734 3614 2252 0 4001 3921 1520 1520 3103 1211 1935 5302 2588 5340 3329 2707 1029 2235 4777 4892 4556 1987 533 3764 2448 2908 2901 2785 2377 5902 1256 3216 5951 2711 3148 282 4631 3144 3757 1452 2517 1668 5409 4080 1162 2458 4727 3293 5697 5459 3768 2149 3475 1756 1645 251 5638 2559 3525 3497 4015 3215 3239 1357 1416 2692 692 1993 725 2747 803 1575 4871 3149 1196 2309 1291 2216 4601 4119 1805 
24 3000 3252 4611 3648 4118 5245 2422 4610 2980 3829 1452 1760 1091 574 2110 2522 4546 1176 2178 2227 3546 4924 2013 4001 0 2873 4437 2491 5983 5064 4601 1639 4736 1380 3743 2605 3160 2407 3193 918 1646 2804 3522 3190 1984 4923 3536 4407 1747 1958 4780 807 2057 5213 5865 3841 1234 6154 2903 3038 6167 5580 4231 766 4615 4022 2319 3013 3655 1919 4893 5390 2241 4982 5634 4202 1735 2526 688 3211 2064 3012 4428 4989 5359 5129 4567 2110 3934 4460 4717 2704 1178 2003 2805 4031 4215 1899 1992 850 4611 
25 3000 5561 1791 5034 3064 3026 4461 4376 1712 1054 3957 4315 3964 2691 3146 667 4899 1750 4733 4766 1552 6621 3473 3921 2873 0 3266 3111 4164 4392 5510 2740 2857 3893 5690 4473 3755 3952 859 3124 1706 4174 3418 5478 1816 6251 5327 2349 3194 4388 3884 2840 4576 3367 3962 3963 2204 4388 185 4003 4967 4871 1629 2189 3740 2178 5116 5126 1791 4733 6677 4019 4592 3755 5121 3971 4293 4307 3173 650 880 5086 6119 4102 4761 3271 4612 3248 4349 5885 4239 2433 4004 1104 3175 2294 3204 2286 4805 3681 5436 
26 3000 5171 3139 3677 323 1809 4149 1552 1685 3857 4473 4731 5210 4695 2793 2788 2462 3524 6608 4985 1758 5133 3216 1520 4437 3266 0 2358 1718 1208 3438 5362 1096 5816 4766 3953 2294 3393 4098 5212 4428 3267 1447 5084 2493 4423 4331 1414 3202 6393 657 3778 6493 1198 1704 1771 4677 1824 3081 2762 1790 1629 4481 4244 558 1231 5750 4612 5028 6187 5284 953 4609 552 1934 1357 6171 3780 4164 2682 3686 4537 4747 854 1568 1173 1973 2886 2244 4266 1234 1752 5506 2910 2063 1075 271 2551 5559 4820 3300 
27 3000 2940 4156 1938 2049 3798 1843 2128 1775 4117 2139 2378 3001 2935 453 2445 2116 2100 4520 2629 2515 3542 857 1520 2491 3111 2358 0 4071 2655 2460 3882 3103 3821 2762 1700 737 1106 3897 3394 3262 1150 1089 2851 1317 3141 2349 3031 885 4382 2486 1698 4433 3443 4032 1349 3238 4183 2991 892 3875 3153 4732 2653 2333 2605 3396 2399 4743 3971 3621 3262 2263 2830 3163 1737 4119 1516 2007 2917 2907 2333 3053 2665 2915 3385 2079 531 1496 2777 2277 876 3359 2091 334 2517 2091 899 3219 2615 2413 
28 3000 6876 3219 5309 2022 1301 5866 2886 3026 4362 6166 6435 6841 6157 4499 3905 3856 4949 8160 6701 2673 6663 4928 3103 5983 4164 1718 4071 0 2194 4883 6666 1326 7340 6425 5667 3989 5111 4859 6676 5655 4972 3146 6789 3999 5884 5994 1815 4897 7912 1865 5395 8034 808 249 3380 6005 236 3987 4456 1429 2216 4882 5666 1941 2061 7454 6316 5712 7809 6833 982 6326 1347 2618 2884 7714 5495 5793 3513 4825 6240 6325 1839 2370 904 3337 4595 3811 5803 2502 3396 7104 4206 3781 2002 1989 4160 7252 6454 4731 
29 3000 5021 4340 3295 1334 2832 4161 752 2715 5049 4754 4943 5656 5421 3103 3852 1687 4339 7163 5093 2939 4516 3442 1211 5064 4392 1208 2655 2194 0 2713 6218 2205 6432 4434 3911 2240 3446 5241 5920 5366 3191 1566 4941 3292 3710 4020 2602 3537 7003 553 4312 7068 2089 2314 1478 5532 2166 4211 2657 1320 522 5679 5029 664 2439 5937 4474 6175 6625 4697 1222 4686 999 734 961 6751 3766 4651 3843 4701 4395 4218 407 369 2113 1177 3161 1786 3671 410 2419 6010 3866 2320 2282 1195 3189 5805 5270 2558 
30 3000 2875 6236 1124 3296 5245 2538 1996 3942 6463 3558 3548 4647 5138 2627 4845 1027 4520 6214 3446 4566 1812 2593 1935 4601 5510 3438 2460 4883 2713 0 6172 4520 5715 2056 2253 1758 2210 6328 5510 5682 1805 2247 2820 3767 1001 1758 4714 2884 6203 3035 3816 6178 4606 4971 1733 5582 4874 5371 1625 3934 2901 7098 4977 2997 4369 4316 2451 7195 5462 2003 3901 3059 3571 2606 2081 5907 2228 3951 5208 5367 2379 1584 3043 2657 4597 1546 2578 1253 1007 2380 3087 5080 4542 2338 4226 3222 3359 4328 4344 156 
31 3000 4832 4489 5267 5070 5673 4060 5894 3701 3354 3054 3323 2306 1066 3581 2778 5997 1879 2235 3766 4008 6563 3583 5302 1639 2740 5362 3882 6666 6218 6172 0 5344 1535 5375 4244 4605 4014 2580 941 1042 4399 4782 4777 2927 6551 5176 4901 3288 1845 5837 2364 2070 5858 6498 5195 687 6869 2867 4568 7152 6741 3520 1229 5671 4605 3615 4638 2616 2588 6529 6274 3844 5912 6866 5467 1871 4160 2327 3319 1899 4641 6067 6059 6552 5764 5935 3611 5376 6091 5925 3803 2051 2474 4152 4668 5191 3086 3293 2298 6168 
32 3000 6028 2211 4671 1234 735 4946 2645 1756 3172 5079 5378 5652 4871 3484 2578 3557 3661 6903 5695 1346 6177 3931 2588 4736 2857 1096 3103 1326 2205 4520 5344 0 6071 5717 4789 3228 4202 3591 5387 4330 4150 2410 5939 2763 5496 5282 528 3840 6639 1668 4209 6771 517 1156 2819 4688 1540 2677 3684 2234 2512 3746 4371 1622 740 6384 5476 4476 6605 6319 1300 5351 1237 2878 2445 6453 4608 4614 2208 3499 5406 5771 1803 2530 421 3069 3592 3302 5314 2312 2305 5884 2895 2869 706 1297 2995 6154 5272 4385 
33 3000 3760 5684 4666 5497 6538 3279 5949 4319 4698 2195 2332 1139 1231 3408 3700 5800 2421 849 2682 4828 5692 3217 5340 1380 3893 5816 3821 7340 6432 5715 1535 6071 0 4466 3530 4443 3515 3959 771 2280 3920 4879 3725 3346 5867 4375 5710 3003 577 6159 2125 704 6559 7212 5162 1735 7516 3971 4252 7547 6945 4960 1752 5994 5345 2274 3718 4130 1060 5615 6768 2897 6362 6982 5551 400 3509 1834 4355 3015 3744 5235 6367 6719 6472 5873 3387 5205 5393 6077 4084 722 3236 4145 5366 5595 3280 1985 1375 5749 
34 3000 893 6912 1138 4520 6444 1333 3683 4537 6738 2336 2136 3327 4316 2573 5056 2862 4198 4743 1814 5277 1226 2217 3329 3743 5690 4766 2762 6425 4434 2056 5375 5717 4466 0 1231 2489 1744 6369 4524 5231 1614 3325 869 3897 1605 435 5736 2503 4840 4584 3151 4751 5956 6454 3048 4942 6473 5606 2032 5743 4751 7313 4367 4489 5323 2554 750 7091 3910 1159 5478 1573 5080 4526 3561 4541 1386 3063 5618 5235 736 803 4669 4488 5919 3298 2462 2653 1192 4038 3636 3752 4590 2898 5216 4502 3423 2676 3154 2187 
35 3000 1240 5769 1149 3668 5494 290 3209 3428 5525 1336 1294 2423 3178 1412 3849 2644 2969 3971 1247 4178 2334 1010 2707 2605 4473 3953 1700 5667 3911 2253 4244 4789 3530 1231 0 1700 595 5139 3451 4020 720 2525 1151 2701 2347 941 4731 1279 3985 3920 1946 3943 5098 5656 2434 3763 5751 4396 1255 5224 4325 6090 3175 3794 4305 2130 701 5860 3209 2326 4781 836 4357 4195 2958 3685 184 1917 4436 4004 641 1829 4053 4061 5047 2929 1297 2195 1875 3500 2565 2860 3370 1921 4218 3682 2231 2095 2158 2318 
36 3000 2887 4614 1468 2034 3957 1933 1591 2249 4726 2552 2713 3531 3634 1049 3089 1394 2837 5093 2854 2935 3050 1261 1029 3160 3755 2294 737 3989 2240 1758 4605 3228 4443 2489 1700 0 1206 4569 4074 3999 988 846 2801 2013 2531 2054 3275 1440 4990 2220 2353 5019 3473 3995 777 3969 4062 3621 467 3539 2690 5355 3379 2095 2876 3698 2328 5438 4474 3162 3084 2448 2664 2626 1279 4714 1542 2609 3485 3622 2251 2597 2355 2433 3433 1434 1057 776 2224 1833 1354 3922 2787 580 2757 2025 1628 3577 3162 1697 
37 3000 1834 5190 1257 3100 4903 755 2781 2839 4997 1424 1529 2485 2959 833 3313 2361 2550 4065 1647 3587 2717 493 2235 2407 3952 3393 1106 5111 3446 2210 4014 4202 3515 1744 595 1206 0 4654 3306 3660 405 1988 1744 2153 2550 1376 4137 803 4020 3405 1651 4013 4521 5090 1976 3470 5204 3863 826 4744 3890 5578 2865 3270 3711 2495 1295 5415 3373 2748 4246 1244 3818 3801 2485 3728 410 1744 3876 3547 1233 2206 3552 3630 4468 2560 720 1829 2105 3039 1970 2906 2857 1341 3624 3121 1679 2390 2154 2236 
38 3000 6155 2035 5791 3909 3643 5093 5235 2572 781 4456 4810 4265 2866 3880 1495 5747 2231 4757 5277 2353 7357 4164 4777 3193 859 4098 3897 4859 5241 6328 2580 3591 3959 6369 5139 4569 4654 0 3198 1681 4911 4270 6076 2581 7034 6028 3066 3868 4383 4726 3358 4593 4085 4641 4812 2227 5090 1034 4786 5760 5714 1038 2436 4585 2960 5508 5759 934 4909 7400 4808 5154 4569 5972 4831 4345 4983 3631 1421 1170 5727 6850 4941 5610 3990 5469 3975 5188 6651 5096 3270 4217 1815 3989 3089 4049 3033 5184 4040 6260 
39 3000 3931 4915 4532 4900 5823 3240 5499 3650 3930 2188 2426 1366 520 3025 2955 5463 1727 1610 2854 4113 5732 2928 4892 918 3124 5212 3394 6676 5920 5510 941 5387 771 4524 3451 4074 3306 3198 0 1517 3707 4400 3881 2720 5791 4361 5004 2665 1280 5605 1725 1455 5885 6537 4743 971 6861 3205 3956 6974 6441 4208 1021 5438 4653 2674 3778 3425 1733 5683 6158 2967 5764 6513 5085 1170 3391 1563 3598 2244 3788 5248 5819 6228 5796 5474 3028 4850 5323 5587 3522 1123 2514 3700 4685 5007 2732 2351 1390 5523 
40 3000 4845 3476 4905 4152 4636 3899 5122 2745 2419 3056 3387 2652 1216 3056 1752 5356 1163 3091 3858 2986 6347 3181 4556 1646 1706 4428 3262 5655 5366 5682 1042 4330 2280 5231 4020 3999 3660 1681 1517 0 4004 4024 4776 2110 6199 4959 3874 2867 2726 4945 2079 2929 4847 5481 4490 545 5864 1826 4057 6216 5884 2697 894 4782 3595 3945 4540 2012 3233 6347 5314 3824 4972 6045 4692 2670 3899 2226 2276 857 4525 5837 5170 5714 4751 5222 3114 4741 5763 5106 2996 2556 1518 3482 3667 4280 2384 3615 2486 5653 
41 3000 1904 5306 902 2993 4868 976 2493 2925 5206 1810 1880 2882 3351 1031 3520 1991 2872 4461 1931 3663 2448 827 1987 2804 4174 3267 1150 4972 3191 1805 4399 4150 3920 1614 720 988 405 4911 3707 4004 0 1826 1817 2358 2194 1199 4136 1138 4423 3206 2034 4412 4431 4971 1713 3840 5049 4072 535 4504 3609 5804 3234 3083 3718 2804 1344 5702 3755 2504 4073 1517 3651 3491 2238 4130 581 2147 4041 3834 1269 1944 3334 3346 4385 2232 937 1495 1767 2780 2022 3307 3099 1294 3617 2997 1888 2729 2557 1830 
42 3000 3729 3988 2261 1195 3144 2738 1112 1747 4294 3210 3423 4089 3914 1539 2779 1486 2915 5599 3621 2322 3785 1902 533 3522 3418 1447 1089 3146 1566 2247 4782 2410 4879 3325 2525 846 1988 4270 4400 4024 1826 0 3643 1915 3161 2890 2511 1973 5447 1424 2754 5507 2631 3149 550 4107 3225 3259 1314 2797 2070 4937 3564 1284 2140 4433 3170 5184 5060 3918 2258 3228 1832 2113 687 5190 2358 3085 3025 3485 3094 3364 1589 1840 2594 1217 1604 998 2929 1198 1043 4443 2619 755 2005 1180 1698 4278 3703 2138 
43 3000 89 6870 1758 4805 6645 1045 4208 4559 6532 1738 1455 2598 3747 2539 4885 3495 3851 3929 1045 5308 2040 2109 3764 3190 5478 5084 2851 6789 4941 2820 4777 5939 3725 869 1151 2801 1744 6076 3881 4776 1817 3643 0 3770 2473 1061 5881 2327 4055 5006 2736 3949 6240 6788 3483 4422 6863 5420 2337 6261 5313 7066 3886 4890 5455 1696 473 6720 3084 1925 5883 952 5465 5134 4011 3760 1334 2551 5506 4912 550 1666 5122 5047 6191 3871 2423 3166 2044 4532 3711 3004 4377 3070 5369 4813 3314 1846 2491 2934 
44 3000 3856 3109 3220 2183 3316 2728 3012 1016 2850 2471 2811 2897 2201 1333 1163 3296 1050 4161 3211 1681 4805 1690 2448 1984 1816 2493 1317 3999 3292 3767 2927 2763 3346 3897 2701 2013 2153 2581 2720 2110 2358 1915 3770 0 4453 3521 2475 1443 3921 2918 1471 4037 3232 3882 2399 2240 4171 1715 2205 4265 3814 3446 1758 2751 2068 3758 3379 3428 3842 4862 3438 2956 3045 3949 2581 3715 2527 1877 1738 1614 3331 4303 3139 3628 3148 3122 1439 2697 4075 3008 887 3120 775 1446 2061 2294 474 3491 2524 3710 
45 3000 2499 7124 1295 4264 6225 2587 2998 4779 7245 3672 3563 4743 5489 3186 5585 2028 5064 6245 3334 5444 871 3019 2908 4923 6251 4423 3141 5884 3710 1001 6551 5496 5867 1605 2347 2531 2550 7034 5791 6199 2194 3161 2473 4453 0 1519 5662 3331 6298 4036 4197 6235 5600 5973 2683 6020 5874 6128 2249 4908 3873 7867 5416 3995 5301 4135 2243 7861 5435 1083 4902 3012 4572 3555 3069 5996 2401 4239 6014 6000 2193 861 4045 3637 5588 2547 3108 2197 473 3382 3885 5180 5222 3100 5164 4199 4006 4223 4500 1153 
46 3000 1117 6505 736 4084 6010 1121 3272 4125 6370 2193 2053 3242 4110 2189 4684 2483 3891 4727 1816 4862 1392 1863 2901 3536 5327 4331 2349 5994 4020 1758 5176 5282 4375 435 941 2054 1376 6028 4361 4959 1199 2890 1061 3521 1519 0 5306 2163 4788 4157 2887 4720 5521 6020 2619 4704 6044 5235 1599 5334 4352 6954 4116 4059 4894 2637 734 6775 3916 1389 5050 1496 4649 4141 3136 4487 1063 2849 5229 4911 677 891 4246 4088 5483 2898 2082 2235 1054 3621 3219 3677 4233 2471 4786 4067 3047 2708 3024 1874 
47 3000 5971 1743 4742 1441 841 4861 2944 1461 2646 4883 5200 5370 4493 3368 2123 3799 3289 6552 5547 896 6295 3815 2785 4407 2349 1414 3031 1815 2602 4714 4901 528 5710 5736 4731 3275 4137 3066 5004 3874 4136 2511 5881 2475 5662 5306 0 3685 6270 2050 3944 6414 1021 1618 2983 4259 2039 2172 3711 2754 2959 3226 3983 1971 430 6187 5429 3948 6304 6422 1811 5226 1690 3305 2682 6099 4547 4351 1698 3030 5363 5863 2214 2947 925 3340 3481 3469 5441 2645 2177 5572 2491 2842 519 1543 2772 5939 4999 4588 
48 3000 2414 4545 2037 2884 4497 1285 2979 2280 4246 1271 1542 2123 2261 434 2575 2808 1747 3663 1861 3022 3519 314 2377 1747 3194 3202 885 4897 3537 2884 3288 3840 3003 2503 1279 1440 803 3868 2665 2867 1138 1973 2327 1443 3331 2163 3685 0 3550 3368 943 3584 4226 4839 2175 2708 5023 3119 1293 4760 4029 4811 2102 3214 3256 2558 1940 4615 3088 3545 4125 1551 3694 4020 2606 3277 1116 1169 3180 2748 1896 3008 3551 3786 4160 2872 386 2204 2896 3153 1535 2495 2091 1219 3197 2940 990 2357 1742 2881 
49 3000 4079 6178 5131 6075 7094 3721 6510 4889 5140 2651 2735 1561 1778 3963 4236 6334 2981 395 3028 5384 6064 3751 5902 1958 4388 6393 4382 7912 7003 6203 1845 6639 577 4840 3985 4990 4020 4383 1280 2726 4423 5447 4055 3921 6298 4788 6270 3550 0 6735 2692 233 7129 7782 5718 2193 8090 4478 4779 8124 7515 5354 2295 6570 5909 2476 4102 4458 1070 5972 7346 3293 6939 7546 6116 301 3981 2383 4877 3507 4136 5627 6942 7287 7042 6423 3936 5745 5825 6645 4661 1125 3787 4709 5934 6173 3857 2234 1865 6245 
50 3000 5090 3786 3457 822 2325 4148 1049 2241 4509 4624 4845 5457 5095 2938 3370 2017 3968 6920 5044 2403 4801 3321 1256 4780 3884 657 2486 1865 553 3035 5837 1668 6159 4584 3920 2220 3405 4726 5605 4945 3206 1424 5006 2918 4036 4157 2050 3368 6735 0 4065 6817 1609 1937 1538 5149 1891 3701 2674 1397 987 5135 4675 167 1888 5857 4533 5659 6434 4969 895 4648 536 1277 1025 6496 3761 4427 3318 4244 4456 4460 224 911 1619 1500 3013 1950 3940 675 2083 5786 3431 2158 1732 683 2882 5698 5067 2887 
51 3000 2812 4439 2907 3455 4784 1819 3825 2483 3875 1116 1474 1446 1322 1304 2335 3738 1127 2856 1930 3144 4279 1223 3216 807 2840 3778 1698 5395 4312 3816 2364 4209 2125 3151 1946 2353 1651 3358 1725 2079 2034 2754 2736 1471 4197 2887 3944 943 2692 4065 0 2757 4657 5299 3046 1827 5550 2818 2236 5460 4823 4368 1230 3901 3533 2328 2467 3984 2414 4272 4730 1800 4311 4857 3426 2439 1835 406 3018 2187 2448 3772 4266 4594 4578 3767 1303 3127 3744 3953 2026 1728 1791 2020 3515 3540 1236 2042 1062 3820 
52 3000 3969 6367 5093 6173 7242 3672 6557 5017 5346 2620 2673 1531 1933 4004 4401 6346 3124 165 2937 5532 5972 3769 5951 2057 4576 6493 4433 8034 7068 6178 2070 6771 704 4751 3943 5019 4013 4593 1455 2929 4412 5507 3949 4037 6235 4720 6414 3584 233 6817 2757 0 7257 7910 5759 2391 8208 4660 4788 8209 7577 5572 2454 6652 6046 2334 4021 4685 904 5872 7446 3224 7036 7596 6170 322 3951 2426 5051 3695 4060 5544 7020 7345 7171 6454 3971 5766 5764 6704 4752 1107 3940 4762 6065 6267 3947 2111 1866 6225 
53 3000 6328 2580 4875 1439 769 5274 2650 2240 3632 5482 5769 6103 5367 3848 3096 3605 4158 7386 6063 1864 6325 4289 2711 5213 3367 1198 3443 808 2089 4606 5858 517 6559 5956 5098 3473 4521 4085 5885 4847 4431 2631 6240 3232 5600 5521 1021 4226 7129 1609 4657 7257 0 652 2968 5200 1023 3189 3939 1839 2299 4184 4871 1616 1253 6782 5771 4958 7063 6479 981 5705 1092 2689 2531 6938 4920 5059 2718 4017 5698 5945 1684 2368 96 3096 3951 3436 5458 2284 2698 6349 3403 3180 1201 1454 3429 6564 5719 4463 
54 3000 6875 2975 5348 1990 1057 5846 2977 2892 4130 6103 6381 6746 6019 4450 3728 3949 4810 8039 6661 2494 6736 4886 3148 5865 3962 1704 4032 249 2314 4971 6498 1156 7212 6454 5656 3995 5090 4641 6537 5481 4971 3149 6788 3882 5973 6020 1618 4839 7782 1937 5299 7910 652 0 3420 5844 481 3787 4463 1652 2382 4643 5522 1994 1896 7398 6316 5486 7709 6901 1091 6294 1404 2786 2940 7590 5481 5700 3311 4644 6241 6384 1939 2518 741 3429 4550 3866 5873 2594 3322 6998 4051 3753 1852 1975 4068 7187 6361 4822 
55 3000 3565 4517 1929 1585 3552 2683 814 2297 4845 3327 3490 4289 4277 1755 3318 937 3355 5838 3620 2861 3363 2026 282 3841 3963 1771 1349 3380 1478 1733 5195 2819 5162 3048 2434 777 1976 4812 4743 4490 1713 550 3483 2399 2683 2619 2983 2175 5718 1538 3046 5759 2968 3420 0 4533 3424 3805 1179 2791 1914 5488 3967 1441 2636 4472 3012 5721 5240 3512 2430 3211 2033 1853 528 5449 2288 3335 3576 3994 2934 2977 1639 1656 2945 739 1788 485 2497 1067 1559 4670 3130 1047 2493 1529 2119 4354 3914 1614 
56 3000 4485 3990 4727 4383 5048 3610 5219 3022 2962 2684 2995 2159 722 2965 2145 5354 1196 2552 3460 3363 6097 3014 4631 1234 2204 4677 3238 6005 5532 5582 687 4688 1735 4942 3763 3969 3470 2227 971 545 3840 4107 4422 2240 6020 4704 4259 2708 2193 5149 1827 2391 5200 5844 4533 0 6205 2306 3963 6466 6055 3239 606 4983 3947 3469 4226 2503 2692 6081 5593 3471 5227 6183 4790 2126 3660 1884 2733 1327 4219 5593 5371 5867 5106 5273 3005 4734 5570 5242 3119 2029 1801 3495 4004 4504 2416 3139 2036 5568 
57 3000 6949 3455 5348 2139 1537 5958 2883 3211 4598 6293 6556 6993 6342 4617 4116 3847 5136 8332 6808 2886 6667 5041 3144 6154 4388 1824 4183 236 2166 4874 6869 1540 7516 6473 5751 4062 5204 5090 6861 5864 5049 3225 6863 4171 5874 6044 2039 5023 8090 1891 5550 8208 1023 481 3424 6205 0 4211 4527 1272 2133 5119 5855 1985 2269 7575 6390 5947 7964 6842 995 6429 1399 2530 2916 7887 5582 5945 3737 5038 6313 6343 1837 2307 1120 3329 4711 3840 5812 2500 3538 7265 4404 3885 2201 2092 4313 7380 6605 4721 
58 3000 5504 1719 4922 2881 2863 4394 4204 1541 1135 3932 4290 3991 2757 3049 552 4743 1755 4815 4736 1367 6515 3390 3757 2903 185 3081 2991 3987 4211 5371 2867 2677 3971 5606 4396 3621 3863 1034 3205 1826 4072 3259 5420 1715 6128 5235 2172 3119 4478 3701 2818 4660 3189 3787 3805 2306 4211 0 3883 4781 4688 1740 2246 3557 1994 5115 5057 1968 4785 6577 3834 4546 3569 4941 3802 4372 4227 3165 478 979 5015 6015 3918 4579 3092 4447 3153 4200 5768 4062 2287 4050 1046 3041 2109 3021 2188 4808 3695 5294 
59 3000 2422 4985 1070 2499 4411 1505 1967 2602 5006 2239 2356 3272 3553 1002 3337 1558 2896 4850 2449 3316 2676 1036 1452 3038 4003 2762 892 4456 2657 1625 4568 3684 4252 2032 1255 467 826 4786 3956 4057 535 1314 2337 2205 2249 1599 3711 1293 4779 2674 2236 4788 3939 4463 1179 3963 4527 3883 0 3969 3082 5623 3360 2554 3303 3312 1863 5624 4185 2769 3546 2037 3128 2978 1703 4494 1109 2430 3793 3773 1786 2201 2800 2820 3898 1733 958 1003 1889 2247 1689 3682 2976 904 3191 2493 1766 3216 2922 1604 
60 3000 6341 4416 4605 2084 2573 5469 2062 3470 5398 6008 6217 6855 6460 4328 4546 2935 5306 8315 6391 3416 5746 4699 2517 6167 4967 1790 3875 1429 1320 3934 7152 2234 7547 5743 5224 3539 4744 5760 6974 6216 4504 2797 6261 4265 4908 5334 2754 4760 8124 1397 5460 8209 1839 1652 2791 6466 1272 4781 3969 0 1035 5980 6022 1559 2800 7222 5794 6670 7832 5937 953 5987 1244 1382 2266 7888 5076 5824 4343 5459 5715 5484 1210 1278 1916 2453 4399 3103 4923 1729 3463 7184 4698 3545 2674 1970 4267 7075 6465 3777 
61 3000 5390 4702 3618 1807 3066 4585 1116 3214 5486 5229 5403 6152 5942 3596 4348 1913 4862 7669 5531 3387 4712 3919 1668 5580 4871 1629 3153 2216 522 2901 6741 2512 6945 4751 4325 2690 3890 5714 6441 5884 3609 2070 5313 3814 3873 4352 2959 4029 7515 987 4823 7577 2299 2382 1914 6055 2133 4688 3082 1035 0 6107 5552 1132 2850 6386 4854 6647 7117 4905 1335 5120 1275 403 1427 7260 4190 5155 4305 5209 4774 4459 775 265 2342 1454 3650 2148 3894 876 2942 6512 4380 2819 2697 1668 3710 6267 5768 2744 
62 3000 7147 1703 6661 4356 3589 6064 5798 3190 644 5476 5831 5302 3897 4776 2288 6422 3243 5737 6295 2746 8251 5096 5409 4231 1629 4481 4732 4882 5679 7098 3520 3746 4960 7313 6090 5355 5578 1038 4208 2697 5804 4937 7066 3446 7867 6954 3226 4811 5354 5135 4368 5572 4184 4643 5488 3239 5119 1740 5623 5980 6107 0 3474 5015 3259 6545 6731 1115 5931 8307 5037 6157 4879 6411 5422 5338 5927 4657 1912 2193 6694 7748 5334 6045 4095 6087 4878 5904 7509 5602 4010 5247 2722 4776 3410 4492 3916 6221 5078 7015 
63 3000 3954 3966 4122 3939 4802 3034 4676 2644 3097 2162 2492 1829 521 2365 1947 4769 722 2602 2963 3092 5508 2408 4080 766 2189 4244 2653 5666 5029 4977 1229 4371 1752 4367 3175 3379 2865 2436 1021 894 3234 3564 3886 1758 5416 4116 3983 2102 2295 4675 1230 2454 4871 5522 3967 606 5855 2246 3360 6022 5552 3474 0 4508 3634 3085 3663 2893 2544 5498 5180 2933 4797 5660 4250 2151 3066 1334 2608 1338 3652 5002 4894 5354 4781 4707 2402 4148 4968 4721 2610 1818 1493 2923 3670 4052 1865 2757 1616 4964 
64 3000 4975 3697 3368 676 2304 4017 1038 2084 4384 4472 4699 5297 4928 2785 3217 1990 3801 6756 4905 2275 4744 3174 1162 4615 3740 558 2333 1941 664 2997 5671 1622 5994 4489 3794 2095 3270 4585 5438 4782 3083 1284 4890 2751 3995 4059 1971 3214 6570 167 3901 6652 1616 1994 1441 4983 1985 3557 2554 1559 1132 5015 4508 0 1781 5712 4416 5519 6275 4908 994 4511 594 1398 946 6331 3632 4265 3182 4085 4339 4390 388 1032 1616 1480 2862 1873 3880 689 1916 5624 3269 2008 1623 536 2716 5549 4907 2851 
65 3000 5544 1938 4344 1168 1254 4433 2684 1052 2643 4458 4772 4966 4138 2938 1847 3488 2929 6180 5118 630 5911 3385 2458 4022 2178 1231 2605 2061 2439 4369 4605 740 5345 5323 4305 2876 3711 2960 4653 3595 3718 2140 5455 2068 5301 4894 430 3256 5909 1888 3533 6046 1253 1896 2636 3947 2269 1994 3303 2800 2850 3259 3634 1781 0 5763 5004 3873 5907 6032 1848 4796 1628 3165 2382 5729 4121 3940 1544 2771 4939 5470 2079 2800 1159 3053 3051 3117 5062 2420 1748 5180 2155 2425 158 1291 2349 5518 4592 4249 
66 3000 1696 6765 3192 5436 7016 1844 5276 4736 6116 1305 1019 1318 2747 2957 4656 4773 3366 2288 883 5438 3733 2542 4727 2319 5116 5750 3396 7454 5937 4316 3615 6384 2274 2554 2130 3698 2495 5508 2674 3945 2804 4433 1696 3758 4135 2637 6187 2558 2476 5857 2328 2334 6782 7398 4472 3469 7575 5115 3312 7222 6386 6545 3085 5712 5763 0 1903 5957 1436 3609 6658 1294 6226 6290 4976 2201 2228 1954 5343 4361 1964 3357 6019 6126 6714 5035 2866 4299 3684 5531 4085 1591 4111 3709 5720 5485 3415 330 1469 4402 
67 3000 559 6462 1348 4335 6185 667 3745 4129 6179 1590 1386 2579 3584 2111 4515 3059 3553 4020 1093 4878 1975 1696 3293 3013 5126 4612 2399 6316 4474 2451 4638 5476 3718 750 701 2328 1295 5759 3778 4540 1344 3170 473 3379 2243 734 5429 1940 4102 4533 2467 4021 5771 6316 3012 4226 6390 5057 1863 5794 4854 6731 3663 4416 5004 1903 0 6442 3198 1908 5409 822 4991 4684 3541 3802 885 2342 5117 4606 79 1524 4650 4588 5723 3418 1995 2705 1785 4065 3266 3006 4021 2606 4914 4341 2915 1979 2404 2553 
68 3000 6794 2686 6596 4843 4459 5782 6165 3503 1381 5032 5373 4658 3217 4681 2404 6653 2893 4850 5846 3276 8132 4922 5697 3655 1791 5028 4743 5712 6175 7195 2616 4476 4130 7091 5860 5438 5415 934 3425 2012 5702 5184 6720 3428 7861 6775 3948 4615 4458 5659 3984 4685 4958 5486 5721 2503 5947 1968 5624 6670 6647 1115 2893 5519 3873 5957 6442 0 5156 8160 5717 5776 5492 6907 5757 4484 5716 4196 2346 1869 6417 7621 5873 6545 4864 6389 4767 6083 7461 6030 4169 4526 2653 4863 4007 4983 3857 5627 4499 7134 
69 3000 3098 6503 4352 5863 7144 2925 6053 4856 5617 1948 1914 978 2056 3522 4435 5734 3092 852 2104 5457 5120 3214 5459 1919 4733 6187 3971 7809 6625 5462 2588 6605 1060 3910 3209 4474 3373 4909 1733 3233 3755 5060 3084 3842 5435 3916 6304 3088 1070 6434 2414 904 7063 7709 5240 2692 7964 4785 4185 7832 7117 5931 2544 6275 5907 1436 3198 5156 0 5010 7136 2433 6712 7094 5692 832 3244 2023 5119 3877 3244 4710 6625 6872 6983 5899 3467 5184 4969 6241 4436 741 3922 4305 5903 5942 3651 1238 1369 5524 
70 3000 1914 7755 1700 5086 7054 2473 3960 5371 7711 3496 3290 4477 5467 3531 6025 3012 5280 5854 2944 6084 218 3240 3768 4893 6677 5284 3621 6833 4697 2003 6529 6319 5615 1159 2326 3162 2748 7400 5683 6347 2504 3918 1925 4862 1083 1389 6422 3545 5972 4969 4272 5872 6479 6901 3512 6081 6842 6577 2769 5937 4905 8307 5498 4908 6032 3609 1908 8160 5010 0 5855 2729 5498 4605 3963 5674 2453 4210 6536 6293 1895 568 5004 4659 6457 3520 3430 3043 1030 4342 4457 4898 5595 3674 5908 5040 4391 3772 4312 2160 
71 3000 5968 3506 4353 1275 1750 4997 1904 2574 4450 5395 5640 6158 5639 3707 3618 2874 4458 7561 5869 2466 5683 4116 2149 5390 4019 953 3262 982 1222 3901 6274 1300 6768 5478 4781 3084 4246 4808 6158 5314 4073 2258 5883 3438 4902 5050 1811 4125 7346 895 4730 7446 981 1091 2430 5593 995 3834 3546 953 1335 5037 5180 994 1848 6658 5409 5717 7136 5855 0 5481 432 1734 1920 7124 4616 5113 3392 4538 5332 5351 857 1439 1038 2355 3793 2845 4825 1520 2704 6458 3805 2950 1724 1193 3504 6479 5768 3749 
72 3000 1021 6064 1937 4306 6027 549 4005 3831 5641 791 564 1758 2803 1867 4025 3478 2923 3233 414 4572 2797 1420 3475 2241 4592 4609 2263 6326 4686 3059 3844 5351 2897 1573 836 2448 1244 5154 2967 3824 1517 3228 952 2956 3012 1496 5226 1551 3293 4648 1800 3224 5705 6294 3211 3471 6429 4546 2037 5987 5120 6157 2933 4511 4796 1294 822 5776 2433 2729 5481 0 5051 5009 3726 2993 937 1598 4671 3986 847 2339 4796 4857 5646 3748 1758 3012 2542 4277 3055 2188 3500 2545 4729 4338 2528 1268 1585 3135 
73 3000 5550 3429 3962 865 1834 4570 1585 2226 4270 4964 5208 5734 5246 3275 3309 2553 4077 7149 5438 2216 5332 3684 1756 4982 3755 552 2830 1347 999 3571 5912 1237 6362 5080 4357 2664 3818 4569 5764 4972 3651 1832 5465 3045 4572 4649 1690 3694 6939 536 4311 7036 1092 1404 2033 5227 1399 3569 3128 1244 1275 4879 4797 594 1628 6226 4991 5492 6712 5498 432 5051 0 1642 1539 6714 4190 4691 3148 4217 4914 4983 592 1299 1113 2036 3361 2466 4469 1208 2287 6039 3455 2518 1486 771 3090 6047 5343 3423 
74 3000 5207 5048 3405 2068 3454 4466 1041 3435 5783 5178 5328 6140 6025 3593 4571 1664 4987 7680 5423 3673 4407 3880 1645 5634 5121 1934 3163 2618 734 2606 6866 2878 6982 4526 4195 2626 3801 5972 6513 6045 3491 2113 5134 3949 3555 4141 3305 4020 7546 1277 4857 7596 2689 2786 1853 6183 2530 4941 2978 1382 403 6411 5660 1398 3165 6290 4684 6907 7094 4605 1734 5009 1642 0 1431 7283 4072 5169 4577 5405 4604 4182 1092 366 2729 1268 3635 1999 3610 941 3064 6515 4561 2836 3009 1929 3799 6191 5762 2450 
75 3000 4094 4311 2432 1242 3166 3204 430 2262 4778 3802 3984 4729 4601 2174 3359 1117 3596 6257 4133 2712 3802 2492 251 4202 3971 1357 1737 2884 961 2081 5467 2445 5551 3561 2958 1279 2485 4831 5085 4692 2238 687 4011 2581 3069 3136 2682 2606 6116 1025 3426 6170 2531 2940 528 4790 2916 3802 1703 2266 1427 5422 4250 946 2382 4976 3541 5757 5692 3963 1920 3726 1539 1431 0 5856 2810 3744 3515 4118 3462 3444 1113 1180 2518 675 2224 927 2936 556 1696 5095 3255 1407 2229 1152 2385 4847 4347 1942 
76 3000 3786 6084 4832 5851 6929 3420 6245 4698 5089 2353 2434 1262 1629 3694 4099 6050 2811 452 2730 5220 5766 3469 5638 1735 4293 6171 4119 7714 6751 5907 1871 6453 400 4541 3685 4714 3728 4345 1170 2670 4130 5190 3760 3715 5996 4487 6099 3277 301 6496 2439 322 6938 7590 5449 2126 7887 4372 4494 7888 7260 5338 2151 6331 5729 2201 3802 4484 832 5674 7124 2993 6714 7283 5856 0 3683 2114 4755 3414 3836 5326 6700 7029 6851 6149 3663 5465 5524 6388 4430 827 3630 4448 5747 5945 3625 1948 1574 5950 
77 3000 1424 5588 1156 3492 5311 395 3074 3245 5358 1331 1339 2422 3095 1230 3679 2549 2829 3986 1352 3994 2447 837 2559 2526 4307 3780 1516 5495 3766 2228 4160 4608 3509 1386 184 1542 410 4983 3391 3899 581 2358 1334 2527 2401 1063 4547 1116 3981 3761 1835 3951 4920 5481 2288 3660 5582 4227 1109 5076 4190 5927 3066 3632 4121 2228 885 5716 3244 2453 4616 937 4190 4072 2810 3683 0 1840 4260 3855 825 1938 3898 3926 4868 2810 1115 2074 1935 3356 2381 2856 3206 1742 4034 3509 2056 2169 2134 2281 
78 3000 2619 4813 2971 3840 5191 1737 4131 2889 4191 836 1182 1048 1261 1580 2702 3970 1427 2513 1653 3547 4238 1393 3525 688 3173 4164 2007 5793 4651 3951 2327 4614 1834 3063 1917 2609 1744 3631 1563 2226 2147 3085 2551 1877 4239 2849 4351 1169 2383 4427 406 2426 5059 5700 3335 1884 5945 3165 2430 5824 5155 4657 1334 4265 3940 1954 2342 4196 2023 4210 5113 1598 4691 5169 3744 2114 1840 0 3390 2463 2337 3740 4623 4920 4981 4040 1553 3371 3775 4281 2412 1360 2157 2337 3921 3920 1633 1657 660 3970 
79 3000 5592 1422 4854 2508 2387 4465 3900 1278 1269 4113 4467 4282 3127 3045 693 4510 2037 5203 4895 931 6460 3425 3497 3211 650 2682 2917 3513 3843 5208 3319 2208 4355 5618 4436 3485 3876 1421 3598 2276 4041 3025 5506 1738 6014 5229 1698 3180 4877 3318 3018 5051 2718 3311 3576 2733 3737 478 3793 4343 4305 1912 2608 3182 1544 5343 5117 2346 5119 6536 3392 4671 3148 4577 3515 4755 4260 3390 0 1419 5069 5969 3530 4213 2621 4177 3156 3999 5681 3726 2130 4379 1234 2914 1669 2648 2204 5047 3962 5119 
